3 0.156370 1.000000 0.157812 0.018750
3 0.115625 0.923438 0.117188 0.068750
3 0.129688 0.965625 0.118750 0.035937
3 0.157812 0.887500 0.126562 0.112500
3 0.140625 0.871875 0.135937 0.117188
3 0.118750 0.850000 0.120313 0.140625
3 0.129688 0.812500 0.126562 0.173437
3 0.125000 0.789062 0.121875 0.206250
3 0.139063 0.739062 0.134375 0.246875
3 0.125000 0.742188 0.115625 0.251563
3 0.120313 0.615625 0.115625 0.378125
3 0.137500 0.592187 0.131250 0.404687
3 0.120313 0.575000 0.129688 0.410938
3 0.131250 0.560937 0.131250 0.453125
3 0.135937 0.543750 0.135937 0.471875
3 0.112500 0.503125 0.107813 0.490625
3 0.128125 0.442187 0.139063 0.543750
3 0.131250 0.432813 0.134375 0.579688
3 0.126562 0.415625 0.142187 0.579688
3 0.134375 0.401563 0.151562 0.595313
3 0.129688 0.389062 0.146875 0.614062
3 0.132812 0.370313 0.134375 0.621875
3 0.137500 0.365625 0.154688 0.628125
3 0.129688 0.343750 0.146875 0.650000
3 0.128125 0.325000 0.142187 0.670312
3 0.140625 0.306250 0.131250 0.696875
3 0.140625 0.276563 0.128125 0.717187
3 0.135937 0.276563 0.137500 0.731250
3 0.118750 0.262500 0.134375 0.732812
3 0.120313 0.245313 0.135937 0.753125
3 0.131250 0.221875 0.125000 0.775000
3 0.145313 0.215625 0.135937 0.789062
3 0.135937 0.207812 0.148438 0.784375
3 0.160938 0.235938 0.164062 0.779687
3 0.137500 0.185937 0.151562 0.807813
3 0.156250 0.160937 0.171875 0.834375
3 0.143750 0.173438 0.162500 0.831250
3 0.139063 0.153125 0.151562 0.840625
3 0.159375 0.132812 0.153125 0.857812
3 0.154688 0.128125 0.171875 0.867188
3 0.153906 0.122656 0.010937 0.004687
3 0.157812 0.104688 0.148438 0.898438
3 0.103125 0.090625 0.121875 0.900000
5 0.231250 0.575000 0.235937 0.428125
5 0.228125 0.542188 0.235937 0.465625
5 0.193750 0.392188 0.200000 0.610938
5 0.229687 0.381250 0.242188 0.643750
5 0.221875 0.328125 0.231250 0.670312
5 0.228125 0.279687 0.190625 0.729688
5 0.234375 0.248437 0.239063 0.764062
5 0.193750 0.206250 0.203125 0.787500
5 0.220312 0.178125 0.215625 0.826562
5 0.206250 0.148438 0.207813 0.862500
3 0.262500 0.412500 0.264062 0.585938
3 0.306250 0.575000 0.317188 0.426563
0 0.425000 0.979688 0.407813 0.023438
0 0.390625 0.882812 0.390625 0.103125
0 0.343750 0.821875 0.335938 0.173437
0 0.342187 0.787500 0.353125 0.218750
0 0.343750 0.743750 0.348438 0.248438
0 0.326562 0.462500 0.339062 0.532813
0 0.303125 0.295312 0.310937 0.709375
0 0.720313 0.125000 0.710938 0.875000
0 0.721875 0.065625 0.710938 0.945312
0 0.626563 0.656250 0.626563 0.354687
1 0.239063 0.629687 0.223438 0.389062
1 0.378125 0.615625 0.364063 0.389062
5 0.325000 0.614062 0.354687 0.392188
5 0.278125 0.345313 0.293750 0.650000
5 0.237500 0.087500 0.229687 0.907813
1 0.437500 0.185937 0.457813 0.815625
1 0.306250 0.160937 0.315625 0.842187
0 0.328125 0.498437 0.334375 0.504687
0 0.335938 0.429688 0.325000 0.562500
0 0.346875 0.731250 0.360938 0.267188
0 0.346875 0.810937 0.343750 0.203125
0 0.348438 0.862500 0.346875 0.146875
0 0.392188 0.925000 0.407813 0.070312
0 0.404687 0.957812 0.415625 0.051562
0 0.302344 0.238281 0.004687 0.010937
0 0.303125 0.229688 0.301563 0.776563
0 0.301563 0.210938 0.296875 0.789062
0 0.296875 0.196875 0.292187 0.801562
0 0.301563 0.185937 0.296875 0.815625
0 0.303125 0.682813 0.298438 0.317188
