3 0.918750 0.807813 0.093750 0.189062
0 0.781250 0.070312 0.223438 0.934375
0 0.856250 0.048438 0.143750 0.909375
0 1.000000 0.019643 0.009375 0.965625
0 0.467187 0.048438 0.539062 0.932813
0 0.417188 0.004687 0.603125 0.996875
3 0.593750 0.634375 0.395313 0.325000
3 0.462500 0.768750 0.543750 0.234375
3 0.246875 0.600000 0.760938 0.407813
3 0.171875 0.684375 0.834375 0.312500
3 0.317187 0.740625 0.682813 0.250000
3 0.204688 0.760938 0.785937 0.198437
3 0.585938 0.729688 0.425000 0.271875
3 0.496875 0.807813 0.504687 0.182812
3 0.785937 0.864062 0.206250 0.143750
1 0.420312 0.901563 0.581250 0.114062
1 0.350000 0.862500 0.656250 0.121875
1 0.681250 0.765625 0.323437 0.221875
1 0.637500 0.881250 0.362500 0.100000
1 0.379687 0.760938 0.632812 0.201563
1 0.496875 0.867188 0.496875 0.132812
