3 0.807813 0.081250 0.189062 0.093750
0 0.070312 0.218750 0.934375 0.223438
0 0.048438 0.143750 0.909375 0.143750
0 0.019643 0.000000 0.965625 0.009375
0 0.048438 0.532813 0.932813 0.539062
0 0.004687 0.582812 0.996875 0.603125
3 0.634375 0.406250 0.325000 0.395313
3 0.768750 0.537500 0.234375 0.543750
3 0.600000 0.753125 0.407813 0.760938
3 0.684375 0.828125 0.312500 0.834375
3 0.740625 0.682813 0.250000 0.682813
3 0.760938 0.795312 0.198437 0.785937
3 0.729688 0.414062 0.271875 0.425000
3 0.807813 0.503125 0.182812 0.504687
3 0.864062 0.214062 0.143750 0.206250
1 0.901563 0.579688 0.114062 0.581250
1 0.862500 0.650000 0.121875 0.656250
1 0.765625 0.318750 0.221875 0.323437
1 0.881250 0.362500 0.100000 0.362500
1 0.760938 0.620313 0.201563 0.632812
1 0.867188 0.503125 0.132812 0.496875
