3 0.920312 0.848437 0.079687 0.185938
0 0.814063 0.154687 0.198437 0.898438
0 0.900000 0.092187 0.112500 0.950000
0 1.000000 0.019643 0.009375 0.965625
0 0.501563 0.073438 0.500000 0.962500
0 0.393750 0.128125 0.601562 0.868750
3 0.671875 0.614062 0.356250 0.385937
3 0.503125 0.782813 0.496875 0.253125
3 0.310937 0.615625 0.689063 0.393750
3 0.160937 0.748437 0.826562 0.275000
3 0.315625 0.792188 0.673438 0.253125
3 0.245313 0.751563 0.778125 0.250000
3 0.640625 0.715625 0.378125 0.270313
3 0.551562 0.806250 0.462500 0.190625
3 0.768750 0.814063 0.231250 0.153125
1 0.421875 0.945312 0.571875 0.062500
1 0.385938 0.870313 0.617188 0.137500
1 0.696875 0.851562 0.306250 0.160938
1 0.664062 0.873437 0.343750 0.132812
1 0.410937 0.775000 0.592187 0.228125
1 0.515625 0.892188 0.492188 0.114062
