3 0.192188 0.918750 0.189062 0.093750
0 0.929688 0.781250 0.934375 0.223438
0 0.951562 0.856250 0.909375 0.143750
0 0.980357 1.000000 0.965625 0.009375
0 0.951562 0.467187 0.932813 0.539062
0 0.995313 0.417188 0.996875 0.603125
3 0.365625 0.593750 0.325000 0.395313
3 0.231250 0.462500 0.234375 0.543750
3 0.400000 0.246875 0.407813 0.760938
3 0.315625 0.171875 0.312500 0.834375
3 0.259375 0.317187 0.250000 0.682813
3 0.239063 0.204688 0.198437 0.785937
3 0.270313 0.585938 0.271875 0.425000
3 0.192188 0.496875 0.182812 0.504687
3 0.135937 0.785937 0.143750 0.206250
1 0.098437 0.420312 0.114062 0.581250
1 0.137500 0.350000 0.121875 0.656250
1 0.234375 0.681250 0.221875 0.323437
1 0.118750 0.637500 0.100000 0.362500
1 0.239063 0.379687 0.201563 0.632812
1 0.132812 0.496875 0.132812 0.496875
