3 0.151562 0.920312 0.185938 0.079687
0 0.845313 0.814063 0.898438 0.198437
0 0.907813 0.900000 0.950000 0.112500
0 0.980357 1.000000 0.965625 0.009375
0 0.926562 0.501563 0.962500 0.500000
0 0.871875 0.393750 0.868750 0.601562
3 0.385937 0.671875 0.385937 0.356250
3 0.217188 0.503125 0.253125 0.496875
3 0.384375 0.310937 0.393750 0.689063
3 0.251563 0.160937 0.275000 0.826562
3 0.207813 0.315625 0.253125 0.673438
3 0.248438 0.245313 0.250000 0.778125
3 0.284375 0.640625 0.270313 0.378125
3 0.193750 0.551562 0.190625 0.462500
3 0.185938 0.768750 0.153125 0.231250
1 0.054688 0.421875 0.062500 0.571875
1 0.129688 0.385938 0.137500 0.617188
1 0.148438 0.696875 0.160938 0.306250
1 0.126562 0.664062 0.132812 0.343750
1 0.225000 0.410937 0.228125 0.592187
1 0.107813 0.515625 0.114062 0.492188
