3 0.809375 0.4625 0.815625 0.46875 0.8296875 0.4734375 0.84375 0.4875 0.853125 0.4796875 0.859375 0.465625 0.86875 0.453125 0.8640625 0.425 0.871875 0.409375 0.8703125 0.4078125 0.8703125 0.3859375 0.8609375 0.359375 0.8515625 0.35 0.8375 0.3453125 0.8234375 0.3453125 0.80625 0.3578125 0.8 0.371875 0.7984375 0.3859375 0.79375 0.3984375 0.79375 0.403125 0.8 0.4125 0.7984375 0.4375 0.809375 0.4625
3 0.9125 0.396875 0.9171875 0.4015625 0.9234375 0.415625 0.9296875 0.421875 0.940625 0.425 0.953125 0.4375 0.959375 0.4328125 0.971875 0.4140625 0.9859375 0.4015625 0.984375 0.390625 0.9859375 0.3625 0.9828125 0.346875 0.9828125 0.328125 0.9859375 0.3234375 0.984375 0.3 0.9765625 0.28125 0.9609375 0.2640625 0.94375 0.25625 0.9296875 0.2546875 0.9125 0.2609375 0.9 0.2734375 0.8921875 0.29375 0.890625 0.325 0.896875 0.359375 0.90625 0.36875 0.909375 0.390625 0.9125 0.396875
3 0.5296875 0.534375 0.534375 0.5390625 0.5375 0.5390625 0.5453125 0.5328125 0.5546875 0.509375 0.55625 0.45625 0.55 0.4359375 0.5390625 0.425 0.5328125 0.421875 0.521875 0.421875 0.5109375 0.4328125 0.50625 0.453125 0.50625 0.46875 0.5109375 0.48125 0.5125 0.4953125 0.51875 0.5109375 0.5234375 0.515625 0.5296875 0.534375
3 0 0.5366071421874999 0.009375 0.55 0.0078125 0.5546875 0.0109375 0.5640625 0.0296875 0.5609375 0.053125 0.5640625 0.0640625 0.5703125 0.0765625 0.58125 0.0875 0.5859375 0.0921875 0.5796875 0.09375 0.5703125 0.0984375 0.5625 0.096875 0.5546875 0.1 0.55 0.0984375 0.546875 0.1 0.5328125 0.096875 0.5234375 0.0984375 0.503125 0.0953125 0.5 0.0953125 0.4875 0.0921875 0.48125 0.0921875 0.4734375 0.109375 0.4546875 0.103125 0.4203125 0.0875 0.384375 0.075 0.36875 0.065625 0.3625 0.053125 0.359375 0.025 0.3625 0.0125 0.36875 0 0.38125 0 0.47083333281249995 0.003125 0.471875 0.0015625 0.475 0 0.475 0 0.5366071421874999
3 0.7453125 0.4859375 0.7546875 0.4921875 0.7578125 0.496875 0.7734375 0.50625 0.7796875 0.5015625 0.7890625 0.4890625 0.7953125 0.475 0.7953125 0.4609375 0.790625 0.4484375 0.79375 0.4265625 0.7875 0.4078125 0.778125 0.3953125 0.76875 0.390625 0.7484375 0.390625 0.7421875 0.396875 0.7359375 0.4109375 0.734375 0.4296875 0.73125 0.434375 0.73125 0.44375 0.7359375 0.45 0.740625 0.475 0.7453125 0.4859375
3 0.671875 0.5046875 0.6765625 0.5046875 0.6875 0.49375 0.6921875 0.4796875 0.6921875 0.4609375 0.696875 0.440625 0.696875 0.4203125 0.69375 0.409375 0.6828125 0.3953125 0.6734375 0.390625 0.6578125 0.390625 0.6515625 0.396875 0.64375 0.4140625 0.6421875 0.4421875 0.6453125 0.4578125 0.653125 0.478125 0.6609375 0.4859375 0.665625 0.5 0.671875 0.5046875
3 0.165625 0.546875 0.16875 0.553125 0.1703125 0.565625 0.196875 0.5875 0.2046875 0.5890625 0.2171875 0.559375 0.21875 0.5375 0.215625 0.5265625 0.2140625 0.5078125 0.203125 0.4875 0.190625 0.475 0.1828125 0.4703125 0.1703125 0.4703125 0.1625 0.4734375 0.15 0.4875 0.1453125 0.50625 0.1453125 0.51875 0.1484375 0.5265625 0.1484375 0.534375 0.1546875 0.54375 0.165625 0.546875
3 0.3640625 0.51875 0.3609375 0.5078125 0.3609375 0.4890625 0.3546875 0.4796875 0.3484375 0.4796875 0.3453125 0.45625 0.340625 0.446875 0.3265625 0.4359375 0.31875 0.4359375 0.309375 0.440625 0.3 0.45625 0.3 0.4796875 0.309375 0.4765625 0.3453125 0.4828125 0.3453125 0.51875 0.3546875 0.525 0.359375 0.525 0.3640625 0.51875
3 0.2328125 0.4390625 0.21875 0.4390625 0.215625 0.440625 0.203125 0.4578125 0.2015625 0.48125 0.2109375 0.49375 0.2296875 0.4828125 0.2578125 0.4796875 0.259375 0.4765625 0.2578125 0.46875 0.2484375 0.453125 0.2328125 0.4390625
3 0.4296875 0.534375 0.434375 0.5265625 0.434375 0.4890625 0.4359375 0.4875 0.434375 0.4640625 0.4265625 0.4484375 0.415625 0.4421875 0.409375 0.4421875 0.3984375 0.453125 0.396875 0.475 0.3984375 0.4828125 0.4078125 0.5015625 0.4109375 0.5234375 0.4171875 0.5328125 0.4265625 0.5359375 0.4296875 0.534375
3 0.1015625 0.575 0.1140625 0.5828125 0.1265625 0.584375 0.1390625 0.5671875 0.1421875 0.540625 0.1421875 0.5203125 0.140625 0.51875 0.1421875 0.5171875 0.1421875 0.49375 0.1359375 0.484375 0.128125 0.459375 0.1203125 0.453125 0.1125 0.4515625 0.1078125 0.4609375 0.1 0.46875 0.0984375 0.475 0.1046875 0.4921875 0.1046875 0.5015625 0.109375 0.5109375 0.103125 0.54375 0.1015625 0.575