3 0.843630 0.000000 0.157812 0.018750
3 0.878125 0.089063 0.115625 0.076563
3 0.884375 0.009375 0.123438 0.010937
3 0.853125 0.092188 0.156250 0.096875
3 0.840625 0.132812 0.140625 0.128125
3 0.875000 0.160938 0.118750 0.150000
3 0.857812 0.192188 0.129688 0.187500
3 0.856250 0.214062 0.135937 0.215625
3 0.840625 0.262500 0.139063 0.260937
3 0.868750 0.245312 0.125000 0.257812
3 0.870313 0.385937 0.120313 0.384375
3 0.868750 0.404687 0.132812 0.395313
3 0.873437 0.435937 0.120313 0.425000
3 0.868750 0.453125 0.117188 0.443750
3 0.864062 0.471875 0.120313 0.460938
3 0.873437 0.498437 0.112500 0.496875
3 0.871875 0.557813 0.139063 0.543750
3 0.865625 0.579688 0.121875 0.571875
3 0.873437 0.584375 0.142187 0.579688
3 0.865625 0.598437 0.151562 0.595313
3 0.870313 0.610938 0.146875 0.614062
3 0.867188 0.629687 0.134375 0.621875
3 0.862500 0.634375 0.154688 0.628125
3 0.870313 0.656250 0.146875 0.650000
3 0.871875 0.675000 0.142187 0.670312
3 0.868750 0.696875 0.126562 0.687500
3 0.854688 0.721875 0.140625 0.723437
3 0.862500 0.731250 0.129688 0.734375
3 0.881250 0.737500 0.134375 0.732812
3 0.879687 0.754687 0.135937 0.753125
3 0.860938 0.770312 0.145313 0.773438
3 0.864062 0.789062 0.132812 0.779687
3 0.864062 0.792188 0.148438 0.784375
3 0.835938 0.779687 0.148438 0.770312
3 0.862500 0.814063 0.151562 0.807813
3 0.843750 0.839063 0.171875 0.834375
3 0.837500 0.831250 0.140625 0.835938
3 0.860938 0.846875 0.151562 0.840625
3 0.826562 0.864062 0.159375 0.867188
3 0.845313 0.871875 0.171875 0.867188
3 0.846094 0.877344 0.010937 0.004687
3 0.851562 0.898438 0.151562 0.887500
3 0.846875 0.900000 0.164062 0.893750
5 0.817187 0.446875 0.171875 0.450000
5 0.778125 0.487500 0.207813 0.482812
5 0.798438 0.590625 0.231250 0.585938
5 0.820312 0.650000 0.170313 0.643750
5 0.832812 0.690625 0.162500 0.682813
5 0.839063 0.709375 0.157812 0.701562
5 0.806250 0.782813 0.168750 0.779687
5 0.800000 0.804688 0.170313 0.803125
5 0.835938 0.825000 0.168750 0.817187
5 0.817187 0.843750 0.223438 0.843750
3 0.700000 0.600000 0.306250 0.607812
3 0.656250 0.459375 0.334375 0.468750
0 0.592187 0.023438 0.407813 0.009375
0 0.596875 0.123438 0.390625 0.117188
0 0.664062 0.173437 0.339062 0.164062
0 0.657813 0.212500 0.353125 0.218750
0 0.656250 0.256250 0.348438 0.248438
0 0.673438 0.537500 0.339062 0.532813
0 0.696875 0.704688 0.310937 0.709375
0 0.306250 0.840625 0.693750 0.835938
0 0.317187 0.903125 0.684375 0.884375
0 0.398438 0.384375 0.598437 0.382812
1 0.796875 0.367188 0.217188 0.362500
1 0.662500 0.368750 0.345313 0.364063
5 0.621875 0.407813 0.379688 0.412500
5 0.665625 0.642188 0.332813 0.646875
5 0.754687 0.904687 0.251563 0.898438
1 0.551562 0.821875 0.435937 0.839063
1 0.678125 0.867188 0.321875 0.873437
0 0.671875 0.501563 0.334375 0.504687
0 0.675000 0.562500 0.331250 0.551562
0 0.653125 0.268750 0.360938 0.267188
0 0.656250 0.203125 0.335938 0.185938
0 0.653125 0.146875 0.335938 0.145313
0 0.592187 0.070312 0.393750 0.089063
0 0.595313 0.042188 0.415625 0.051562
0 0.697656 0.761719 0.004687 0.010937
0 0.698438 0.776563 0.296875 0.768750
0 0.703125 0.789062 0.296875 0.778125
0 0.707812 0.801562 0.293750 0.792188
0 0.703125 0.815625 0.298438 0.806250
0 0.701562 0.317188 0.300000 0.306250
