3 0.843630 0.000000 0.157812 0.018750
3 0.884375 0.076563 0.117188 0.068750
3 0.870313 0.034375 0.118750 0.035937
3 0.842187 0.112500 0.126562 0.112500
3 0.859375 0.128125 0.135937 0.117188
3 0.881250 0.150000 0.120313 0.140625
3 0.870313 0.187500 0.126562 0.173437
3 0.875000 0.210938 0.121875 0.206250
3 0.860938 0.260937 0.134375 0.246875
3 0.875000 0.257812 0.115625 0.251563
3 0.879687 0.384375 0.115625 0.378125
3 0.862500 0.407813 0.131250 0.404687
3 0.879687 0.425000 0.129688 0.410938
3 0.868750 0.439063 0.131250 0.453125
3 0.864062 0.456250 0.135937 0.471875
3 0.887500 0.496875 0.107813 0.490625
3 0.871875 0.557813 0.139063 0.543750
3 0.868750 0.567187 0.134375 0.579688
3 0.873437 0.584375 0.142187 0.579688
3 0.865625 0.598437 0.151562 0.595313
3 0.870313 0.610938 0.146875 0.614062
3 0.867188 0.629687 0.134375 0.621875
3 0.862500 0.634375 0.154688 0.628125
3 0.870313 0.656250 0.146875 0.650000
3 0.871875 0.675000 0.142187 0.670312
3 0.859375 0.693750 0.131250 0.696875
3 0.859375 0.723437 0.128125 0.717187
3 0.864062 0.723437 0.137500 0.731250
3 0.881250 0.737500 0.134375 0.732812
3 0.879687 0.754687 0.135937 0.753125
3 0.868750 0.778125 0.125000 0.775000
3 0.854688 0.784375 0.135937 0.789062
3 0.864062 0.792188 0.148438 0.784375
3 0.839063 0.764062 0.164062 0.779687
3 0.862500 0.814063 0.151562 0.807813
3 0.843750 0.839063 0.171875 0.834375
3 0.856250 0.826562 0.162500 0.831250
3 0.860938 0.846875 0.151562 0.840625
3 0.840625 0.867188 0.153125 0.857812
3 0.845313 0.871875 0.171875 0.867188
3 0.846094 0.877344 0.010937 0.004687
3 0.842187 0.895312 0.148438 0.898438
3 0.896875 0.909375 0.121875 0.900000
5 0.768750 0.425000 0.235937 0.428125
5 0.771875 0.457813 0.235937 0.465625
5 0.806250 0.607812 0.200000 0.610938
5 0.770312 0.618750 0.242188 0.643750
5 0.778125 0.671875 0.231250 0.670312
5 0.771875 0.720313 0.190625 0.729688
5 0.765625 0.751563 0.239063 0.764062
5 0.806250 0.793750 0.203125 0.787500
5 0.779687 0.821875 0.215625 0.826562
5 0.793750 0.851562 0.207813 0.862500
3 0.737500 0.587500 0.264062 0.585938
3 0.693750 0.425000 0.317188 0.426563
0 0.575000 0.020313 0.407813 0.023438
0 0.609375 0.117188 0.390625 0.103125
0 0.656250 0.178125 0.335938 0.173437
0 0.657813 0.212500 0.353125 0.218750
0 0.656250 0.256250 0.348438 0.248438
0 0.673438 0.537500 0.339062 0.532813
0 0.696875 0.704688 0.310937 0.709375
0 0.279687 0.875000 0.710938 0.875000
0 0.278125 0.934375 0.710938 0.945312
0 0.373437 0.343750 0.626563 0.354687
1 0.760938 0.370312 0.223438 0.389062
1 0.621875 0.384375 0.364063 0.389062
5 0.675000 0.385937 0.354687 0.392188
5 0.721875 0.654687 0.293750 0.650000
5 0.762500 0.912500 0.229687 0.907813
1 0.562500 0.814063 0.457813 0.815625
1 0.693750 0.839063 0.315625 0.842187
0 0.671875 0.501563 0.334375 0.504687
0 0.664062 0.570312 0.325000 0.562500
0 0.653125 0.268750 0.360938 0.267188
0 0.653125 0.189062 0.343750 0.203125
0 0.651563 0.137500 0.346875 0.146875
0 0.607812 0.075000 0.407813 0.070312
0 0.595313 0.042188 0.415625 0.051562
0 0.697656 0.761719 0.004687 0.010937
0 0.696875 0.770312 0.301563 0.776563
0 0.698438 0.789062 0.296875 0.789062
0 0.703125 0.803125 0.292187 0.801562
0 0.698438 0.814063 0.296875 0.815625
0 0.696875 0.317188 0.298438 0.317188
