3 0.915625 0.779687 0.917188 0.221875
3 0.903125 1.000000 0.903125 0.007812
3 0.884375 0.942187 0.889062 0.081250
3 0.819219 1.000000 0.823438 0.014063
3 0.739062 0.850000 0.750000 0.134375
3 0.825000 0.812500 0.828125 0.198437
3 0.820312 0.487500 0.843750 0.514062
3 0.851562 0.706250 0.871875 0.300000
3 0.795312 0.662500 0.800000 0.353125
3 0.787500 0.629687 0.784375 0.379688
3 0.806250 0.539062 0.800000 0.464062
3 0.793750 0.476562 0.778125 0.523438
3 0.787500 0.295312 0.787500 0.707812
3 0.820312 0.050000 0.809375 0.946875
3 0.865625 0.225000 0.870313 0.801562
5 0.942187 0.704688 0.946875 0.306250
5 0.906250 0.920312 0.914062 0.071875
5 0.957812 0.639062 0.956250 0.359375
5 0.967187 0.142188 0.959375 0.846875
5 0.868750 0.076562 0.878125 0.918750
5 0.942187 0.171875 0.946875 0.837500
3 0.173437 0.367188 0.171875 0.640625
1 0.262500 0.432813 0.259375 0.585938
1 0.239063 0.335938 0.228125 0.675000
