3 0.900000 0.703125 0.860938 0.295312
3 0.903125 1.000000 0.903125 0.007812
3 0.887500 0.895312 0.879687 0.126562
3 0.819219 1.000000 0.823438 0.014063
3 0.776563 0.884375 0.781250 0.112500
3 0.825000 0.751563 0.817187 0.279687
3 0.848437 0.346875 0.857812 0.657813
3 0.865625 0.651563 0.835938 0.346875
3 0.765625 0.639062 0.757812 0.353125
3 0.767188 0.578125 0.751563 0.409375
3 0.760938 0.579688 0.776563 0.426563
3 0.778125 0.529687 0.782813 0.465625
3 0.815625 0.235938 0.806250 0.775000
3 0.762500 0.078125 0.754687 0.898438
3 0.825000 0.175000 0.812500 0.812500
5 0.953125 0.628125 0.954688 0.373437
5 0.939063 0.928125 0.959375 0.089063
5 0.951562 0.703125 0.967187 0.234375
5 0.946875 0.234375 0.945312 0.764062
5 0.937500 0.081250 0.946875 0.912500
5 0.953125 0.120313 0.942187 0.890625
3 0.153125 0.343750 0.143750 0.657813
1 0.242188 0.423438 0.251563 0.568750
1 0.229687 0.351562 0.237500 0.646875
