3 0.703125 0.100000 0.295312 0.860938
3 1.000000 0.096875 0.007812 0.903125
3 0.895312 0.112500 0.126562 0.879687
3 1.000000 0.180781 0.014063 0.823438
3 0.884375 0.223437 0.112500 0.781250
3 0.751563 0.175000 0.279687 0.817187
3 0.346875 0.151563 0.657813 0.857812
3 0.651563 0.134375 0.346875 0.835938
3 0.639062 0.234375 0.353125 0.757812
3 0.578125 0.232812 0.409375 0.751563
3 0.579688 0.239062 0.426563 0.776563
3 0.529687 0.221875 0.465625 0.782813
3 0.235938 0.184375 0.775000 0.806250
3 0.078125 0.237500 0.898438 0.754687
3 0.175000 0.175000 0.812500 0.812500
5 0.628125 0.046875 0.373437 0.954688
5 0.928125 0.060937 0.089063 0.959375
5 0.703125 0.048438 0.234375 0.967187
5 0.234375 0.053125 0.764062 0.945312
5 0.081250 0.062500 0.912500 0.946875
5 0.120313 0.046875 0.890625 0.942187
3 0.343750 0.846875 0.657813 0.143750
1 0.423438 0.757812 0.568750 0.251563
1 0.351562 0.770312 0.646875 0.237500
