3 0.606250 0.775000 0.393750 0.246875
1 0.398438 0.509375 0.610938 0.504687
1 0.456250 0.509375 0.545312 0.512500
0 0.751563 0.550000 0.237500 0.443750
0 0.471875 0.435937 0.517188 0.570312
0 0.153125 0.437500 0.857812 0.557813
1 0.173438 0.751563 0.829688 0.228125
3 0.264062 0.912500 0.750000 0.089063
0 0.189063 0.618750 0.817187 0.375000
3 0.668750 0.932813 0.339062 0.068750
3 0.623437 0.907813 0.376563 0.103125
3 0.567187 0.878125 0.446875 0.120313
3 0.520312 0.864062 0.476562 0.128125
3 0.492188 0.856250 0.518750 0.140625
3 0.457812 0.864062 0.537500 0.129688
3 0.425000 0.862500 0.571875 0.131250
3 0.384375 0.867188 0.612500 0.126562
3 0.354688 0.845313 0.635938 0.151562
3 0.590625 0.635938 0.409375 0.359375
