3 0.779687 0.084375 0.221875 0.917188
3 1.000000 0.096875 0.007812 0.903125
3 0.942187 0.115625 0.081250 0.889062
3 1.000000 0.180781 0.014063 0.823438
3 0.850000 0.260938 0.134375 0.750000
3 0.812500 0.175000 0.198437 0.828125
3 0.487500 0.179688 0.514062 0.843750
3 0.706250 0.148438 0.300000 0.871875
3 0.662500 0.204688 0.353125 0.800000
3 0.629687 0.212500 0.379688 0.784375
3 0.539062 0.193750 0.464062 0.800000
3 0.476562 0.206250 0.523438 0.778125
3 0.295312 0.212500 0.707812 0.787500
3 0.050000 0.179688 0.946875 0.809375
3 0.225000 0.134375 0.801562 0.870313
5 0.704688 0.057813 0.306250 0.946875
5 0.920312 0.093750 0.071875 0.914062
5 0.639062 0.042188 0.359375 0.956250
5 0.142188 0.032813 0.846875 0.959375
5 0.076562 0.131250 0.918750 0.878125
5 0.171875 0.057813 0.837500 0.946875
3 0.367188 0.826562 0.640625 0.171875
1 0.432813 0.737500 0.585938 0.259375
1 0.335938 0.760938 0.675000 0.228125
