3 0.596875 0.731250 0.442188 0.310937
1 0.375000 0.470313 0.639062 0.517188
1 0.442187 0.495313 0.567187 0.481250
0 0.712500 0.539062 0.292187 0.453125
0 0.482812 0.410937 0.531250 0.592187
0 0.154687 0.475000 0.832812 0.518750
1 0.200000 0.767188 0.804688 0.256250
3 0.270312 0.935937 0.706250 0.065625
0 0.204688 0.629687 0.800000 0.382812
3 0.651563 0.925000 0.362500 0.073438
3 0.623437 0.907813 0.376563 0.103125
3 0.553125 0.879687 0.432812 0.112500
3 0.523438 0.871875 0.465625 0.131250
3 0.481250 0.859375 0.504687 0.134375
3 0.462500 0.870313 0.528125 0.132812
3 0.428125 0.868750 0.562500 0.132812
3 0.387500 0.873437 0.603125 0.129688
3 0.354688 0.845313 0.635938 0.151562
3 0.637500 0.653125 0.357812 0.356250
