3 0.775000 0.393750 0.246875 0.393750
1 0.509375 0.601562 0.504687 0.610938
1 0.509375 0.543750 0.512500 0.545312
0 0.550000 0.248438 0.443750 0.237500
0 0.435937 0.528125 0.570312 0.517188
0 0.437500 0.846875 0.557813 0.857812
1 0.751563 0.826562 0.228125 0.829688
3 0.912500 0.735938 0.089063 0.750000
0 0.618750 0.810937 0.375000 0.817187
3 0.932813 0.331250 0.068750 0.339062
3 0.907813 0.376563 0.103125 0.376563
3 0.878125 0.432812 0.120313 0.446875
3 0.864062 0.479687 0.128125 0.476562
3 0.856250 0.507812 0.140625 0.518750
3 0.864062 0.542188 0.129688 0.537500
3 0.862500 0.575000 0.131250 0.571875
3 0.867188 0.615625 0.126562 0.612500
3 0.845313 0.645312 0.151562 0.635938
3 0.635938 0.409375 0.359375 0.409375
