3 0.731250 0.403125 0.310937 0.442188
1 0.470313 0.625000 0.517188 0.639062
1 0.495313 0.557813 0.481250 0.567187
0 0.539062 0.287500 0.453125 0.292187
0 0.410937 0.517188 0.592187 0.531250
0 0.475000 0.845313 0.518750 0.832812
1 0.767188 0.800000 0.256250 0.804688
3 0.935937 0.729688 0.065625 0.706250
0 0.629687 0.795312 0.382812 0.800000
3 0.925000 0.348438 0.073438 0.362500
3 0.907813 0.376563 0.103125 0.376563
3 0.879687 0.446875 0.112500 0.432812
3 0.871875 0.476562 0.131250 0.465625
3 0.859375 0.518750 0.134375 0.504687
3 0.870313 0.537500 0.132812 0.528125
3 0.868750 0.571875 0.132812 0.562500
3 0.873437 0.612500 0.129688 0.603125
3 0.845313 0.645312 0.151562 0.635938
3 0.653125 0.362500 0.356250 0.357812
