3 0.268750 0.596875 0.310937 0.442188
1 0.529687 0.375000 0.517188 0.639062
1 0.504687 0.442187 0.481250 0.567187
0 0.460938 0.712500 0.453125 0.292187
0 0.589063 0.482812 0.592187 0.531250
0 0.525000 0.154687 0.518750 0.832812
1 0.232813 0.200000 0.256250 0.804688
3 0.064062 0.270312 0.065625 0.706250
0 0.370312 0.204688 0.382812 0.800000
3 0.075000 0.651563 0.073438 0.362500
3 0.092188 0.623437 0.103125 0.376563
3 0.120313 0.553125 0.112500 0.432812
3 0.128125 0.523438 0.131250 0.465625
3 0.140625 0.481250 0.134375 0.504687
3 0.129688 0.462500 0.132812 0.528125
3 0.131250 0.428125 0.132812 0.562500
3 0.126562 0.387500 0.129688 0.603125
3 0.154688 0.354688 0.151562 0.635938
3 0.346875 0.637500 0.356250 0.357812
