3 0.156370 1.000000 0.157812 0.018750
3 0.121875 0.910937 0.115625 0.076563
3 0.115625 0.990625 0.123438 0.010937
3 0.146875 0.907813 0.156250 0.096875
3 0.159375 0.867188 0.140625 0.128125
3 0.125000 0.839063 0.118750 0.150000
3 0.142187 0.807813 0.129688 0.187500
3 0.143750 0.785937 0.135937 0.215625
3 0.159375 0.737500 0.139063 0.260937
3 0.131250 0.754687 0.125000 0.257812
3 0.129688 0.614062 0.120313 0.384375
3 0.131250 0.595313 0.132812 0.395313
3 0.126562 0.564063 0.120313 0.425000
3 0.131250 0.546875 0.117188 0.443750
3 0.135937 0.528125 0.120313 0.460938
3 0.126562 0.501563 0.112500 0.496875
3 0.128125 0.442187 0.139063 0.543750
3 0.134375 0.420312 0.121875 0.571875
3 0.126562 0.415625 0.142187 0.579688
3 0.134375 0.401563 0.151562 0.595313
3 0.129688 0.389062 0.146875 0.614062
3 0.132812 0.370313 0.134375 0.621875
3 0.137500 0.365625 0.154688 0.628125
3 0.129688 0.343750 0.146875 0.650000
3 0.128125 0.325000 0.142187 0.670312
3 0.131250 0.303125 0.126562 0.687500
3 0.145313 0.278125 0.140625 0.723437
3 0.137500 0.268750 0.129688 0.734375
3 0.118750 0.262500 0.134375 0.732812
3 0.120313 0.245313 0.135937 0.753125
3 0.139063 0.229688 0.145313 0.773438
3 0.135937 0.210938 0.132812 0.779687
3 0.135937 0.207812 0.148438 0.784375
3 0.164062 0.220313 0.148438 0.770312
3 0.137500 0.185937 0.151562 0.807813
3 0.156250 0.160937 0.171875 0.834375
3 0.162500 0.168750 0.140625 0.835938
3 0.139063 0.153125 0.151562 0.840625
3 0.173437 0.135938 0.159375 0.867188
3 0.154688 0.128125 0.171875 0.867188
3 0.153906 0.122656 0.010937 0.004687
3 0.148438 0.101562 0.151562 0.887500
3 0.153125 0.100000 0.164062 0.893750
5 0.182812 0.553125 0.171875 0.450000
5 0.221875 0.512500 0.207813 0.482812
5 0.201563 0.409375 0.231250 0.585938
5 0.179688 0.350000 0.170313 0.643750
5 0.167187 0.309375 0.162500 0.682813
5 0.160938 0.290625 0.157812 0.701562
5 0.193750 0.217187 0.168750 0.779687
5 0.200000 0.195312 0.170313 0.803125
5 0.164062 0.175000 0.168750 0.817187
5 0.182812 0.156250 0.223438 0.843750
3 0.300000 0.400000 0.306250 0.607812
3 0.343750 0.540625 0.334375 0.468750
0 0.407813 0.976562 0.407813 0.009375
0 0.403125 0.876563 0.390625 0.117188
0 0.335938 0.826562 0.339062 0.164062
0 0.342187 0.787500 0.353125 0.218750
0 0.343750 0.743750 0.348438 0.248438
0 0.326562 0.462500 0.339062 0.532813
0 0.303125 0.295312 0.310937 0.709375
0 0.693750 0.159375 0.693750 0.835938
0 0.682813 0.096875 0.684375 0.884375
0 0.601562 0.615625 0.598437 0.382812
1 0.203125 0.632812 0.217188 0.362500
1 0.337500 0.631250 0.345313 0.364063
5 0.378125 0.592187 0.379688 0.412500
5 0.334375 0.357812 0.332813 0.646875
5 0.245312 0.095313 0.251563 0.898438
1 0.448437 0.178125 0.435937 0.839063
1 0.321875 0.132812 0.321875 0.873437
0 0.328125 0.498437 0.334375 0.504687
0 0.325000 0.437500 0.331250 0.551562
0 0.346875 0.731250 0.360938 0.267188
0 0.343750 0.796875 0.335938 0.185938
0 0.346875 0.853125 0.335938 0.145313
0 0.407813 0.929688 0.393750 0.089063
0 0.404687 0.957812 0.415625 0.051562
0 0.302344 0.238281 0.004687 0.010937
0 0.301563 0.223437 0.296875 0.768750
0 0.296875 0.210938 0.296875 0.778125
0 0.292187 0.198438 0.293750 0.792188
0 0.296875 0.184375 0.298438 0.806250
0 0.298438 0.682813 0.300000 0.306250
