3 1.000000 0.843630 0.018750 0.157812
3 0.923438 0.884375 0.068750 0.117188
3 0.965625 0.870313 0.035937 0.118750
3 0.887500 0.842187 0.112500 0.126562
3 0.871875 0.859375 0.117188 0.135937
3 0.850000 0.881250 0.140625 0.120313
3 0.812500 0.870313 0.173437 0.126562
3 0.789062 0.875000 0.206250 0.121875
3 0.739062 0.860938 0.246875 0.134375
3 0.742188 0.875000 0.251563 0.115625
3 0.615625 0.879687 0.378125 0.115625
3 0.592187 0.862500 0.404687 0.131250
3 0.575000 0.879687 0.410938 0.129688
3 0.560937 0.868750 0.453125 0.131250
3 0.543750 0.864062 0.471875 0.135937
3 0.503125 0.887500 0.490625 0.107813
3 0.442187 0.871875 0.543750 0.139063
3 0.432813 0.868750 0.579688 0.134375
3 0.415625 0.873437 0.579688 0.142187
3 0.401563 0.865625 0.595313 0.151562
3 0.389062 0.870313 0.614062 0.146875
3 0.370313 0.867188 0.621875 0.134375
3 0.365625 0.862500 0.628125 0.154688
3 0.343750 0.870313 0.650000 0.146875
3 0.325000 0.871875 0.670312 0.142187
3 0.306250 0.859375 0.696875 0.131250
3 0.276563 0.859375 0.717187 0.128125
3 0.276563 0.864062 0.731250 0.137500
3 0.262500 0.881250 0.732812 0.134375
3 0.245313 0.879687 0.753125 0.135937
3 0.221875 0.868750 0.775000 0.125000
3 0.215625 0.854688 0.789062 0.135937
3 0.207812 0.864062 0.784375 0.148438
3 0.235938 0.839063 0.779687 0.164062
3 0.185937 0.862500 0.807813 0.151562
3 0.160937 0.843750 0.834375 0.171875
3 0.173438 0.856250 0.831250 0.162500
3 0.153125 0.860938 0.840625 0.151562
3 0.132812 0.840625 0.857812 0.153125
3 0.128125 0.845313 0.867188 0.171875
3 0.122656 0.846094 0.004687 0.010937
3 0.104688 0.842187 0.898438 0.148438
3 0.090625 0.896875 0.900000 0.121875
5 0.575000 0.768750 0.428125 0.235937
5 0.542188 0.771875 0.465625 0.235937
5 0.392188 0.806250 0.610938 0.200000
5 0.381250 0.770312 0.643750 0.242188
5 0.328125 0.778125 0.670312 0.231250
5 0.279687 0.771875 0.729688 0.190625
5 0.248437 0.765625 0.764062 0.239063
5 0.206250 0.806250 0.787500 0.203125
5 0.178125 0.779687 0.826562 0.215625
5 0.148438 0.793750 0.862500 0.207813
3 0.412500 0.737500 0.585938 0.264062
3 0.575000 0.693750 0.426563 0.317188
0 0.979688 0.575000 0.023438 0.407813
0 0.882812 0.609375 0.103125 0.390625
0 0.821875 0.656250 0.173437 0.335938
0 0.787500 0.657813 0.218750 0.353125
0 0.743750 0.656250 0.248438 0.348438
0 0.462500 0.673438 0.532813 0.339062
0 0.295312 0.696875 0.709375 0.310937
0 0.125000 0.279687 0.875000 0.710938
0 0.065625 0.278125 0.945312 0.710938
0 0.656250 0.373437 0.354687 0.626563
1 0.629687 0.760938 0.389062 0.223438
1 0.615625 0.621875 0.389062 0.364063
5 0.614062 0.675000 0.392188 0.354687
5 0.345313 0.721875 0.650000 0.293750
5 0.087500 0.762500 0.907813 0.229687
1 0.185937 0.562500 0.815625 0.457813
1 0.160937 0.693750 0.842187 0.315625
0 0.498437 0.671875 0.504687 0.334375
0 0.429688 0.664062 0.562500 0.325000
0 0.731250 0.653125 0.267188 0.360938
0 0.810937 0.653125 0.203125 0.343750
0 0.862500 0.651563 0.146875 0.346875
0 0.925000 0.607812 0.070312 0.407813
0 0.957812 0.595313 0.051562 0.415625
0 0.238281 0.697656 0.010937 0.004687
0 0.229688 0.696875 0.776563 0.301563
0 0.210938 0.698438 0.789062 0.296875
0 0.196875 0.703125 0.801562 0.292187
0 0.185937 0.698438 0.815625 0.296875
0 0.682813 0.696875 0.317188 0.298438
