3 0.403125 0.26875 0.4421875 0.3109375 0.45625 0.3171875 0.471875 0.3171875 0.4890625 0.309375 0.503125 0.2984375 0.528125 0.2671875 0.5375 0.246875 0.5390625 0.215625 0.5328125 0.2015625 0.521875 0.1921875 0.5125 0.1890625 0.4828125 0.1859375 0.48125 0.184375 0.44375 0.184375 0.4328125 0.1875 0.4203125 0.19375 0.4 0.2125 0.39375 0.225 0.39375 0.246875 0.3953125 0.2484375 0.3953125 0.2546875 0.403125 0.26875
1 0.625 0.5296875 0.6390625 0.5171875 0.64375 0.5046875 0.640625 0.4609375 0.6171875 0.4578125 0.60625 0.45 0.6015625 0.45 0.578125 0.475 0.5734375 0.4890625 0.59375 0.4859375 0.6015625 0.490625 0.6109375 0.5046875 0.6140625 0.5234375 0.6203125 0.5296875 0.625 0.5296875
1 0.5578125 0.5046875 0.5671875 0.48125 0.58125 0.46875 0.578125 0.459375 0.5734375 0.4546875 0.55 0.4546875 0.5390625 0.4578125 0.5359375 0.4625 0.54375 0.490625 0.5453125 0.5125 0.5484375 0.515625 0.55625 0.5140625 0.5578125 0.5046875
0 0.2875 0.4609375 0.2921875 0.453125 0.2921875 0.44375 0.284375 0.4375 0.275 0.446875 0.2640625 0.4453125 0.2484375 0.45 0.2375 0.44375 0.2359375 0.45 0.25 0.4609375 0.2875 0.4609375
0 0.5171875 0.5890625 0.53125 0.5921875 0.553125 0.5890625 0.5671875 0.5828125 0.5765625 0.571875 0.5796875 0.5625 0.56875 0.5609375 0.5546875 0.55 0.5453125 0.5484375 0.528125 0.5640625 0.5171875 0.5703125 0.5125 0.575 0.5109375 0.5828125 0.5171875 0.5890625
0 0.8453125 0.525 0.8328125 0.51875 0.8140625 0.528125 0.8171875 0.5390625 0.8265625 0.553125 0.8359375 0.5625 0.846875 0.5625 0.8578125 0.5578125 0.8609375 0.5515625 0.8609375 0.54375 0.8453125 0.525
1 0.8 0.2328125 0.8046875 0.25625 0.815625 0.25625 0.8265625 0.2484375 0.8296875 0.228125 0.8234375 0.221875 0.809375 0.2203125 0.8 0.2328125
3 0.7296875 0.0640625 0.70625 0.065625 0.6984375 0.0703125 0.6921875 0.078125 0.6921875 0.0921875 0.6953125 0.0984375 0.703125 0.0984375 0.7359375 0.0875 0.75 0.0890625 0.753125 0.0859375 0.7421875 0.0703125 0.7296875 0.0640625
0 0.7953125 0.3703125 0.8 0.3828125 0.8109375 0.38125 0.8171875 0.375 0.809375 0.35625 0.7953125 0.359375 0.7953125 0.3703125
3 0.3484375 0.075 0.3625 0.0734375 0.3578125 0.053125 0.353125 0.0453125 0.34375 0.0375 0.321875 0.03125 0.3046875 0.0328125 0.2921875 0.0390625 0.2765625 0.0625 0.2765625 0.0734375 0.28125 0.078125 0.309375 0.0765625 0.33125 0.0671875 0.3390625 0.06875 0.34375 0.0734375 0.34375 0.078125 0.3484375 0.075
3 0.3765625 0.0921875 0.3765625 0.103125 0.4125 0.1 0.4015625 0.08125 0.3765625 0.0921875
3 0.446875 0.1203125 0.4328125 0.1125 0.4328125 0.121875 0.446875 0.1203125
3 0.4765625 0.128125 0.465625 0.13125 0.4796875 0.1359375 0.4765625 0.128125
3 0.51875 0.140625 0.5046875 0.134375 0.5078125 0.14375 0.51875 0.140625
3 0.5375 0.1296875 0.528125 0.1328125 0.5421875 0.1359375 0.5375 0.1296875
3 0.571875 0.13125 0.5625 0.1328125 0.575 0.1375 0.571875 0.13125
3 0.6125 0.1265625 0.603125 0.1296875 0.615625 0.1328125 0.6125 0.1265625
3 0.6453125 0.1546875 0.6359375 0.1515625 0.63125 0.1609375 0.6359375 0.1609375 0.6453125 0.1546875
3 0.3625 0.346875 0.3578125 0.35625 0.359375 0.3640625 0.3765625 0.3671875 0.4 0.3671875 0.409375 0.3640625 0.409375 0.359375 0.4015625 0.353125 0.3796875 0.3453125 0.3625 0.346875