3 0.100000 0.296875 0.860938 0.295312
3 0.096875 0.000000 0.903125 0.007812
3 0.112500 0.104688 0.879687 0.126562
3 0.180781 0.000000 0.823438 0.014063
3 0.223437 0.115625 0.781250 0.112500
3 0.175000 0.248438 0.817187 0.279687
3 0.151563 0.653125 0.857812 0.657813
3 0.134375 0.348438 0.835938 0.346875
3 0.234375 0.360938 0.757812 0.353125
3 0.232812 0.421875 0.751563 0.409375
3 0.239062 0.420312 0.776563 0.426563
3 0.221875 0.470313 0.782813 0.465625
3 0.184375 0.764062 0.806250 0.775000
3 0.237500 0.921875 0.754687 0.898438
3 0.175000 0.825000 0.812500 0.812500
5 0.046875 0.371875 0.954688 0.373437
5 0.060937 0.071875 0.959375 0.089063
5 0.048438 0.296875 0.967187 0.234375
5 0.053125 0.765625 0.945312 0.764062
5 0.062500 0.918750 0.946875 0.912500
5 0.046875 0.879687 0.942187 0.890625
3 0.846875 0.656250 0.143750 0.657813
1 0.757812 0.576562 0.251563 0.568750
1 0.770312 0.648438 0.237500 0.646875
