3 1.000000 0.843630 0.018750 0.157812
3 0.910937 0.878125 0.076563 0.115625
3 0.990625 0.884375 0.010937 0.123438
3 0.907813 0.853125 0.096875 0.156250
3 0.867188 0.840625 0.128125 0.140625
3 0.839063 0.875000 0.150000 0.118750
3 0.807813 0.857812 0.187500 0.129688
3 0.785937 0.856250 0.215625 0.135937
3 0.737500 0.840625 0.260937 0.139063
3 0.754687 0.868750 0.257812 0.125000
3 0.614062 0.870313 0.384375 0.120313
3 0.595313 0.868750 0.395313 0.132812
3 0.564063 0.873437 0.425000 0.120313
3 0.546875 0.868750 0.443750 0.117188
3 0.528125 0.864062 0.460938 0.120313
3 0.501563 0.873437 0.496875 0.112500
3 0.442187 0.871875 0.543750 0.139063
3 0.420312 0.865625 0.571875 0.121875
3 0.415625 0.873437 0.579688 0.142187
3 0.401563 0.865625 0.595313 0.151562
3 0.389062 0.870313 0.614062 0.146875
3 0.370313 0.867188 0.621875 0.134375
3 0.365625 0.862500 0.628125 0.154688
3 0.343750 0.870313 0.650000 0.146875
3 0.325000 0.871875 0.670312 0.142187
3 0.303125 0.868750 0.687500 0.126562
3 0.278125 0.854688 0.723437 0.140625
3 0.268750 0.862500 0.734375 0.129688
3 0.262500 0.881250 0.732812 0.134375
3 0.245313 0.879687 0.753125 0.135937
3 0.229688 0.860938 0.773438 0.145313
3 0.210938 0.864062 0.779687 0.132812
3 0.207812 0.864062 0.784375 0.148438
3 0.220313 0.835938 0.770312 0.148438
3 0.185937 0.862500 0.807813 0.151562
3 0.160937 0.843750 0.834375 0.171875
3 0.168750 0.837500 0.835938 0.140625
3 0.153125 0.860938 0.840625 0.151562
3 0.135938 0.826562 0.867188 0.159375
3 0.128125 0.845313 0.867188 0.171875
3 0.122656 0.846094 0.004687 0.010937
3 0.101562 0.851562 0.887500 0.151562
3 0.100000 0.846875 0.893750 0.164062
5 0.553125 0.817187 0.450000 0.171875
5 0.512500 0.778125 0.482812 0.207813
5 0.409375 0.798438 0.585938 0.231250
5 0.350000 0.820312 0.643750 0.170313
5 0.309375 0.832812 0.682813 0.162500
5 0.290625 0.839063 0.701562 0.157812
5 0.217187 0.806250 0.779687 0.168750
5 0.195312 0.800000 0.803125 0.170313
5 0.175000 0.835938 0.817187 0.168750
5 0.156250 0.817187 0.843750 0.223438
3 0.400000 0.700000 0.607812 0.306250
3 0.540625 0.656250 0.468750 0.334375
0 0.976562 0.592187 0.009375 0.407813
0 0.876563 0.596875 0.117188 0.390625
0 0.826562 0.664062 0.164062 0.339062
0 0.787500 0.657813 0.218750 0.353125
0 0.743750 0.656250 0.248438 0.348438
0 0.462500 0.673438 0.532813 0.339062
0 0.295312 0.696875 0.709375 0.310937
0 0.159375 0.306250 0.835938 0.693750
0 0.096875 0.317187 0.884375 0.684375
0 0.615625 0.398438 0.382812 0.598437
1 0.632812 0.796875 0.362500 0.217188
1 0.631250 0.662500 0.364063 0.345313
5 0.592187 0.621875 0.412500 0.379688
5 0.357812 0.665625 0.646875 0.332813
5 0.095313 0.754687 0.898438 0.251563
1 0.178125 0.551562 0.839063 0.435937
1 0.132812 0.678125 0.873437 0.321875
0 0.498437 0.671875 0.504687 0.334375
0 0.437500 0.675000 0.551562 0.331250
0 0.731250 0.653125 0.267188 0.360938
0 0.796875 0.656250 0.185938 0.335938
0 0.853125 0.653125 0.145313 0.335938
0 0.929688 0.592187 0.089063 0.393750
0 0.957812 0.595313 0.051562 0.415625
0 0.238281 0.697656 0.010937 0.004687
0 0.223437 0.698438 0.768750 0.296875
0 0.210938 0.703125 0.778125 0.296875
0 0.198438 0.707812 0.792188 0.293750
0 0.184375 0.703125 0.806250 0.298438
0 0.682813 0.701562 0.306250 0.300000
