3 0.225000 0.606250 0.246875 0.393750
1 0.490625 0.398438 0.504687 0.610938
1 0.490625 0.456250 0.512500 0.545312
0 0.450000 0.751563 0.443750 0.237500
0 0.564063 0.471875 0.570312 0.517188
0 0.562500 0.153125 0.557813 0.857812
1 0.248438 0.173438 0.228125 0.829688
3 0.087500 0.264062 0.089063 0.750000
0 0.381250 0.189063 0.375000 0.817187
3 0.067187 0.668750 0.068750 0.339062
3 0.092188 0.623437 0.103125 0.376563
3 0.121875 0.567187 0.120313 0.446875
3 0.135937 0.520312 0.128125 0.476562
3 0.143750 0.492188 0.140625 0.518750
3 0.135937 0.457812 0.129688 0.537500
3 0.137500 0.425000 0.131250 0.571875
3 0.132812 0.384375 0.126562 0.612500
3 0.154688 0.354688 0.151562 0.635938
3 0.364063 0.590625 0.359375 0.409375
