3 0.084375 0.220312 0.917188 0.221875
3 0.096875 0.000000 0.903125 0.007812
3 0.115625 0.057813 0.889062 0.081250
3 0.180781 0.000000 0.823438 0.014063
3 0.260938 0.150000 0.750000 0.134375
3 0.175000 0.187500 0.828125 0.198437
3 0.179688 0.512500 0.843750 0.514062
3 0.148438 0.293750 0.871875 0.300000
3 0.204688 0.337500 0.800000 0.353125
3 0.212500 0.370312 0.784375 0.379688
3 0.193750 0.460938 0.800000 0.464062
3 0.206250 0.523438 0.778125 0.523438
3 0.212500 0.704688 0.787500 0.707812
3 0.179688 0.950000 0.809375 0.946875
3 0.134375 0.775000 0.870313 0.801562
5 0.057813 0.295312 0.946875 0.306250
5 0.093750 0.079687 0.914062 0.071875
5 0.042188 0.360938 0.956250 0.359375
5 0.032813 0.857812 0.959375 0.846875
5 0.131250 0.923438 0.878125 0.918750
5 0.057813 0.828125 0.946875 0.837500
3 0.826562 0.632812 0.171875 0.640625
1 0.737500 0.567187 0.259375 0.585938
1 0.760938 0.664062 0.228125 0.675000
