3 0.848437 0.079687 0.185938 0.079687
0 0.154687 0.185938 0.898438 0.198437
0 0.092187 0.100000 0.950000 0.112500
0 0.019643 0.000000 0.965625 0.009375
0 0.073438 0.498437 0.962500 0.500000
0 0.128125 0.606250 0.868750 0.601562
3 0.614062 0.328125 0.385937 0.356250
3 0.782813 0.496875 0.253125 0.496875
3 0.615625 0.689063 0.393750 0.689063
3 0.748437 0.839063 0.275000 0.826562
3 0.792188 0.684375 0.253125 0.673438
3 0.751563 0.754687 0.250000 0.778125
3 0.715625 0.359375 0.270313 0.378125
3 0.806250 0.448437 0.190625 0.462500
3 0.814063 0.231250 0.153125 0.231250
1 0.945312 0.578125 0.062500 0.571875
1 0.870313 0.614062 0.137500 0.617188
1 0.851562 0.303125 0.160938 0.306250
1 0.873437 0.335938 0.132812 0.343750
1 0.775000 0.589063 0.228125 0.592187
1 0.892188 0.484375 0.114062 0.492188
