3 0.895312 0.476562 0.096875 0.484375
3 0.767188 0.496875 0.235937 0.500000
3 0.503125 0.585938 0.479687 0.575000
3 0.231250 0.598437 0.754687 0.629687
0 0.070312 0.618750 0.928125 0.606250
1 0.190625 0.589063 0.806250 0.570312
1 0.273438 0.559375 0.721875 0.556250
1 0.506250 0.510938 0.490625 0.518750
0 0.378125 0.550000 0.617188 0.523438
0 0.629687 0.493750 0.359375 0.471875
0 0.675000 0.448437 0.332813 0.459375
0 0.800000 0.432812 0.198437 0.443750
0 0.784375 0.470313 0.231250 0.450000
1 0.765625 0.450000 0.229687 0.429688
1 0.864062 0.450000 0.126562 0.423438
0 0.409375 0.565625 0.589063 0.557813
