3 0.706250 0.654687 0.300000 0.353125
5 0.928125 0.573438 0.048438 0.453125
1 0.759375 0.273438 0.240625 0.720313
0 0.750000 0.031250 0.237500 0.968750
0 0.925000 0.018750 0.053125 0.971875
5 0.657813 0.295312 0.335938 0.726562
3 0.601562 0.315625 0.401562 0.687500
0 0.481250 0.134375 0.520312 0.851562
5 0.231250 0.300000 0.768750 0.690625
5 0.317187 0.468750 0.689063 0.540625
1 0.251563 0.190625 0.745313 0.804688
1 0.189063 0.242188 0.815625 0.753125
0 0.285937 0.218750 0.698438 0.781250
3 0.368750 0.475000 0.653125 0.531250
5 0.332812 0.621875 0.646875 0.370312
3 0.328125 0.653125 0.675000 0.343750
1 0.303125 0.621875 0.685937 0.378125
1 0.604688 0.189063 0.384375 0.825000
1 0.531250 0.153125 0.465625 0.839063
