3 0.345313 0.706250 0.353125 0.300000
5 0.426563 0.928125 0.453125 0.048438
1 0.726562 0.759375 0.720313 0.240625
0 0.968750 0.750000 0.968750 0.237500
0 0.981250 0.925000 0.971875 0.053125
5 0.704688 0.657813 0.726562 0.335938
3 0.684375 0.601562 0.687500 0.401562
0 0.865625 0.481250 0.851562 0.520312
5 0.700000 0.231250 0.690625 0.768750
5 0.531250 0.317187 0.540625 0.689063
1 0.809375 0.251563 0.804688 0.745313
1 0.757812 0.189063 0.753125 0.815625
0 0.781250 0.285937 0.781250 0.698438
3 0.525000 0.368750 0.531250 0.653125
5 0.378125 0.332812 0.370312 0.646875
3 0.346875 0.328125 0.343750 0.675000
1 0.378125 0.303125 0.378125 0.685937
1 0.810937 0.604688 0.825000 0.384375
1 0.846875 0.531250 0.839063 0.465625
