3 0.654687 0.293750 0.353125 0.300000
5 0.573438 0.071875 0.453125 0.048438
1 0.273438 0.240625 0.720313 0.240625
0 0.031250 0.250000 0.968750 0.237500
0 0.018750 0.075000 0.971875 0.053125
5 0.295312 0.342187 0.726562 0.335938
3 0.315625 0.398438 0.687500 0.401562
0 0.134375 0.518750 0.851562 0.520312
5 0.300000 0.768750 0.690625 0.768750
5 0.468750 0.682813 0.540625 0.689063
1 0.190625 0.748437 0.804688 0.745313
1 0.242188 0.810937 0.753125 0.815625
0 0.218750 0.714063 0.781250 0.698438
3 0.475000 0.631250 0.531250 0.653125
5 0.621875 0.667188 0.370312 0.646875
3 0.653125 0.671875 0.343750 0.675000
1 0.621875 0.696875 0.378125 0.685937
1 0.189063 0.395313 0.825000 0.384375
1 0.153125 0.468750 0.839063 0.465625
