3 0.2109375 0.440625 0.2234375 0.434375 0.228125 0.428125 0.228125 0.4109375 0.2234375 0.3890625 0.2171875 0.375 0.2109375 0.36875 0.203125 0.3640625 0.190625 0.3640625 0.1859375 0.365625 0.175 0.3796875 0.171875 0.3984375 0.16875 0.4046875 0.16875 0.415625 0.175 0.428125 0.1953125 0.4375 0.2109375 0.440625
3 0.3390625 0.290625 0.3234375 0.2875 0.315625 0.29375 0.3109375 0.303125 0.309375 0.3359375 0.3234375 0.3484375 0.3421875 0.35 0.3484375 0.3421875 0.346875 0.3046875 0.3390625 0.290625
3 0.4078125 0.3234375 0.4203125 0.315625 0.434375 0.3140625 0.4328125 0.3046875 0.4234375 0.2921875 0.409375 0.2984375 0.4078125 0.3234375
3 0.478125 0.2984375 0.4734375 0.2953125 0.4640625 0.296875 0.459375 0.315625 0.48125 0.3171875 0.478125 0.2984375
3 0.471875 0.3515625 0.471875 0.3328125 0.4671875 0.3234375 0.4625 0.31875 0.4484375 0.3203125 0.4421875 0.3328125 0.440625 0.3453125 0.4421875 0.353125 0.45625 0.359375 0.4671875 0.3734375 0.4796875 0.3703125 0.4796875 0.3625 0.471875 0.3515625
3 0.6171875 0.3328125 0.609375 0.340625 0.6046875 0.359375 0.6078125 0.36875 0.6328125 0.365625 0.634375 0.34375 0.6265625 0.3328125 0.6171875 0.3328125
3 0.8203125 0.3375 0.8125 0.3453125 0.8109375 0.3625 0.821875 0.378125 0.8296875 0.3796875 0.8359375 0.371875 0.840625 0.3484375 0.8359375 0.340625 0.8203125 0.3375
0 0.1828125 0.7453125 0.178125 0.7390625 0.159375 0.74375 0.1578125 0.7578125 0.14375 0.775 0.14375 0.790625 0.1609375 0.7875 0.171875 0.7734375 0.184375 0.765625 0.1828125 0.7453125
0 0.3046875 0.728125 0.3 0.725 0.284375 0.734375 0.2921875 0.7640625 0.2984375 0.7765625 0.3 0.79375 0.3046875 0.79375 0.3140625 0.7828125 0.315625 0.7609375 0.3046875 0.728125
0 0.3546875 0.65625 0.3359375 0.6609375 0.3390625 0.6984375 0.35 0.7 0.35625 0.70625 0.365625 0.7046875 0.371875 0.6921875 0.359375 0.6828125 0.3546875 0.675 0.3546875 0.65625
1 0.63125 0.4703125 0.6296875 0.484375 0.64375 0.4875 0.64375 0.475 0.63125 0.4703125
1 0.63125 0.446875 0.625 0.459375 0.634375 0.46875 0.6359375 0.446875 0.63125 0.446875
0 0.4140625 0.575 0.4171875 0.5625 0.3984375 0.5765625 0.4140625 0.575
3 0.4734375 0.3390625 0.4734375 0.3515625 0.484375 0.371875 0.490625 0.3546875 0.490625 0.34375 0.4875 0.3390625 0.4796875 0.334375 0.4734375 0.3390625