3 0.523438 0.895312 0.484375 0.096875
3 0.503125 0.767188 0.500000 0.235937
3 0.414062 0.503125 0.575000 0.479687
3 0.401563 0.231250 0.629687 0.754687
0 0.381250 0.070312 0.606250 0.928125
1 0.410937 0.190625 0.570312 0.806250
1 0.440625 0.273438 0.556250 0.721875
1 0.489062 0.506250 0.518750 0.490625
0 0.450000 0.378125 0.523438 0.617188
0 0.506250 0.629687 0.471875 0.359375
0 0.551562 0.675000 0.459375 0.332813
0 0.567187 0.800000 0.443750 0.198437
0 0.529687 0.784375 0.450000 0.231250
1 0.550000 0.765625 0.429688 0.229687
1 0.550000 0.864062 0.423438 0.126562
0 0.434375 0.409375 0.557813 0.589063
