3 0.559375 0.210938 0.434375 0.223438
3 0.709375 0.339062 0.287500 0.323437
3 0.676562 0.407813 0.315625 0.420312
3 0.701562 0.478125 0.295312 0.473438
3 0.648438 0.471875 0.332813 0.471875
3 0.667188 0.617188 0.340625 0.609375
3 0.662500 0.820312 0.345313 0.812500
0 0.254687 0.182812 0.739062 0.178125
0 0.271875 0.304688 0.725000 0.300000
0 0.343750 0.354687 0.660937 0.335938
1 0.529687 0.631250 0.484375 0.629687
1 0.553125 0.631250 0.459375 0.625000
0 0.425000 0.414062 0.562500 0.417187
3 0.660937 0.473438 0.351562 0.473438
