3 0.831250 0.595313 0.168750 0.415625
3 0.676562 0.651563 0.342187 0.350000
3 0.565625 0.685937 0.432812 0.304688
3 0.526563 0.704688 0.464062 0.296875
3 0.543750 0.640625 0.467187 0.373437
3 0.392188 0.631250 0.632812 0.365625
3 0.170312 0.620313 0.835938 0.371875
0 0.856250 0.209375 0.160938 0.787500
0 0.700000 0.206250 0.304688 0.793750
0 0.634375 0.295312 0.371875 0.692187
1 0.368750 0.529687 0.629687 0.484375
1 0.368750 0.553125 0.625000 0.459375
0 0.601562 0.423438 0.414062 0.575000
3 0.509375 0.645312 0.490625 0.343750
