3 0.490625 0.903125 0.498437 0.087500
3 0.465625 0.757812 0.534375 0.234375
3 0.425000 0.520312 0.548438 0.481250
3 0.385938 0.259375 0.596875 0.740625
0 0.409375 0.045312 0.614062 0.956250
1 0.410937 0.190625 0.570312 0.806250
1 0.443750 0.278125 0.545312 0.725000
1 0.493750 0.526563 0.495312 0.475000
0 0.475000 0.373437 0.550000 0.621875
0 0.526563 0.626563 0.493750 0.370312
0 0.523438 0.668750 0.484375 0.325000
0 0.539062 0.801562 0.459375 0.190625
0 0.528125 0.767188 0.484375 0.228125
1 0.570312 0.762500 0.450000 0.234375
1 0.565625 0.860938 0.450000 0.135937
0 0.442187 0.410937 0.543750 0.596875
