3 0.404687 0.831250 0.415625 0.168750
3 0.348438 0.676562 0.350000 0.342187
3 0.314063 0.565625 0.304688 0.432812
3 0.295312 0.526563 0.296875 0.464062
3 0.359375 0.543750 0.373437 0.467187
3 0.368750 0.392188 0.365625 0.632812
3 0.379688 0.170312 0.371875 0.835938
0 0.790625 0.856250 0.787500 0.160938
0 0.793750 0.700000 0.793750 0.304688
0 0.704688 0.634375 0.692187 0.371875
1 0.470313 0.368750 0.484375 0.629687
1 0.446875 0.368750 0.459375 0.625000
0 0.576562 0.601562 0.575000 0.414062
3 0.354687 0.509375 0.343750 0.490625
