3 0.784375 0.695312 0.226562 0.303125
5 0.878125 0.621875 0.117188 0.382812
1 0.801562 0.267188 0.215625 0.750000
0 0.685937 0.020312 0.306250 0.976562
0 0.871875 0.037500 0.125000 0.960938
5 0.653125 0.356250 0.350000 0.650000
3 0.651563 0.350000 0.356250 0.665625
0 0.523438 0.157813 0.489063 0.851562
5 0.245313 0.254687 0.768750 0.721875
5 0.317187 0.515625 0.689063 0.503125
1 0.253125 0.153125 0.750000 0.837500
1 0.203125 0.239062 0.803125 0.789062
0 0.292188 0.179688 0.717187 0.814063
3 0.414062 0.503125 0.612500 0.523438
5 0.301562 0.634375 0.693750 0.365625
3 0.368750 0.643750 0.634375 0.362500
1 0.325000 0.584375 0.693750 0.415625
1 0.595313 0.154687 0.417187 0.832812
1 0.560937 0.137500 0.445312 0.867188
