3 0.695312 0.215625 0.303125 0.226562
5 0.621875 0.121875 0.382812 0.117188
1 0.267188 0.198437 0.750000 0.215625
0 0.020312 0.314063 0.976562 0.306250
0 0.037500 0.128125 0.960938 0.125000
5 0.356250 0.346875 0.650000 0.350000
3 0.350000 0.348438 0.665625 0.356250
0 0.157813 0.476562 0.851562 0.489063
5 0.254687 0.754687 0.721875 0.768750
5 0.515625 0.682813 0.503125 0.689063
1 0.153125 0.746875 0.837500 0.750000
1 0.239062 0.796875 0.789062 0.803125
0 0.179688 0.707812 0.814063 0.717187
3 0.503125 0.585938 0.523438 0.612500
5 0.634375 0.698438 0.365625 0.693750
3 0.643750 0.631250 0.362500 0.634375
1 0.584375 0.675000 0.415625 0.693750
1 0.154687 0.404687 0.832812 0.417187
1 0.137500 0.439063 0.867188 0.445312
