3 0.440625 0.789062 0.434375 0.223438
3 0.290625 0.660937 0.287500 0.323437
3 0.323437 0.592187 0.315625 0.420312
3 0.298438 0.521875 0.295312 0.473438
3 0.351562 0.528125 0.332813 0.471875
3 0.332813 0.382812 0.340625 0.609375
3 0.337500 0.179688 0.345313 0.812500
0 0.745313 0.817187 0.739062 0.178125
0 0.728125 0.695312 0.725000 0.300000
0 0.656250 0.645312 0.660937 0.335938
1 0.470313 0.368750 0.484375 0.629687
1 0.446875 0.368750 0.459375 0.625000
0 0.575000 0.585938 0.562500 0.417187
3 0.339062 0.526563 0.351562 0.473438
