3 0.789062 0.559375 0.223438 0.434375
3 0.660937 0.709375 0.323437 0.287500
3 0.592187 0.676562 0.420312 0.315625
3 0.521875 0.701562 0.473438 0.295312
3 0.528125 0.648438 0.471875 0.332813
3 0.382812 0.667188 0.609375 0.340625
3 0.179688 0.662500 0.812500 0.345313
0 0.817187 0.254687 0.178125 0.739062
0 0.695312 0.271875 0.300000 0.725000
0 0.645312 0.343750 0.335938 0.660937
1 0.368750 0.529687 0.629687 0.484375
1 0.368750 0.553125 0.625000 0.459375
0 0.585938 0.425000 0.417187 0.562500
3 0.526563 0.660937 0.473438 0.351562
