3 0.304688 0.784375 0.303125 0.226562
5 0.378125 0.878125 0.382812 0.117188
1 0.732812 0.801562 0.750000 0.215625
0 0.979688 0.685937 0.976562 0.306250
0 0.962500 0.871875 0.960938 0.125000
5 0.643750 0.653125 0.650000 0.350000
3 0.650000 0.651563 0.665625 0.356250
0 0.842187 0.523438 0.851562 0.489063
5 0.745313 0.245313 0.721875 0.768750
5 0.484375 0.317187 0.503125 0.689063
1 0.846875 0.253125 0.837500 0.750000
1 0.760938 0.203125 0.789062 0.803125
0 0.820312 0.292188 0.814063 0.717187
3 0.496875 0.414062 0.523438 0.612500
5 0.365625 0.301562 0.365625 0.693750
3 0.356250 0.368750 0.362500 0.634375
1 0.415625 0.325000 0.415625 0.693750
1 0.845313 0.595313 0.832812 0.417187
1 0.862500 0.560937 0.867188 0.445312
