3 0.096875 0.490625 0.087500 0.498437
3 0.242188 0.465625 0.234375 0.534375
3 0.479687 0.425000 0.481250 0.548438
3 0.740625 0.385938 0.740625 0.596875
0 0.954688 0.409375 0.956250 0.614062
1 0.809375 0.410937 0.806250 0.570312
1 0.721875 0.443750 0.725000 0.545312
1 0.473438 0.493750 0.475000 0.495312
0 0.626563 0.475000 0.621875 0.550000
0 0.373437 0.526563 0.370312 0.493750
0 0.331250 0.523438 0.325000 0.484375
0 0.198437 0.539062 0.190625 0.459375
0 0.232813 0.528125 0.228125 0.484375
1 0.237500 0.570312 0.234375 0.450000
1 0.139063 0.565625 0.135937 0.450000
0 0.589063 0.442187 0.596875 0.543750
