3 0.104688 0.523438 0.096875 0.484375
3 0.232813 0.503125 0.235937 0.500000
3 0.496875 0.414062 0.479687 0.575000
3 0.768750 0.401563 0.754687 0.629687
0 0.929688 0.381250 0.928125 0.606250
1 0.809375 0.410937 0.806250 0.570312
1 0.726562 0.440625 0.721875 0.556250
1 0.493750 0.489062 0.490625 0.518750
0 0.621875 0.450000 0.617188 0.523438
0 0.370312 0.506250 0.359375 0.471875
0 0.325000 0.551562 0.332813 0.459375
0 0.200000 0.567187 0.198437 0.443750
0 0.215625 0.529687 0.231250 0.450000
1 0.234375 0.550000 0.229687 0.429688
1 0.135937 0.550000 0.126562 0.423438
0 0.590625 0.434375 0.589063 0.557813
