3 0.903125 0.509375 0.087500 0.498437
3 0.757812 0.534375 0.234375 0.534375
3 0.520312 0.575000 0.481250 0.548438
3 0.259375 0.614062 0.740625 0.596875
0 0.045312 0.590625 0.956250 0.614062
1 0.190625 0.589063 0.806250 0.570312
1 0.278125 0.556250 0.725000 0.545312
1 0.526563 0.506250 0.475000 0.495312
0 0.373437 0.525000 0.621875 0.550000
0 0.626563 0.473438 0.370312 0.493750
0 0.668750 0.476562 0.325000 0.484375
0 0.801562 0.460938 0.190625 0.459375
0 0.767188 0.471875 0.228125 0.484375
1 0.762500 0.429688 0.234375 0.450000
1 0.860938 0.434375 0.135937 0.450000
0 0.410937 0.557813 0.596875 0.543750
