3 0.509375 0.096875 0.4984375 0.0875 0.4796875 0.0875 0.471875 0.1 0.4765625 0.1046875 0.484375 0.096875 0.5046875 0.1015625 0.509375 0.096875
3 0.534375 0.2421875 0.534375 0.234375 0.5265625 0.2265625 0.5109375 0.225 0.496875 0.2328125 0.5 0.2359375 0.5109375 0.2328125 0.5296875 0.24375 0.534375 0.2421875
3 0.575 0.4796875 0.5484375 0.48125 0.5609375 0.4859375 0.575 0.5015625 0.5859375 0.496875 0.575 0.4796875
3 0.6140625 0.740625 0.596875 0.740625 0.5859375 0.753125 0.590625 0.76875 0.5984375 0.76875 0.6296875 0.7546875 0.6140625 0.740625
0 0.590625 0.9546875 0.6140625 0.95625 0.615625 0.9546875 0.6140625 0.94375 0.61875 0.9296875 0.60625 0.928125 0.59375 0.934375 0.5890625 0.94375 0.590625 0.9546875
1 0.5890625 0.809375 0.5703125 0.80625 0.5625 0.8171875 0.575 0.821875 0.5890625 0.809375
1 0.55625 0.721875 0.5453125 0.725 0.546875 0.734375 0.5578125 0.746875 0.559375 0.7265625 0.55625 0.721875
1 0.50625 0.4734375 0.4953125 0.475 0.4890625 0.48125 0.490625 0.484375 0.5109375 0.49375 0.51875 0.490625 0.50625 0.4734375
0 0.525 0.6265625 0.55 0.621875 0.5234375 0.6171875 0.525 0.6265625
0 0.4734375 0.3734375 0.49375 0.3703125 0.471875 0.359375 0.4734375 0.3734375
0 0.4765625 0.33125 0.484375 0.325 0.4765625 0.3125 0.4484375 0.3140625 0.4484375 0.325 0.459375 0.3328125 0.471875 0.3265625 0.4765625 0.33125
0 0.4609375 0.1984375 0.459375 0.190625 0.4359375 0.1859375 0.4265625 0.190625 0.4328125 0.2 0.44375 0.1984375 0.4578125 0.203125 0.4609375 0.1984375
0 0.471875 0.2328125 0.484375 0.228125 0.4859375 0.221875 0.48125 0.215625 0.4703125 0.215625 0.45 0.23125 0.471875 0.2328125
1 0.4296875 0.2375 0.45 0.234375 0.4296875 0.2296875 0.4296875 0.2375
1 0.434375 0.1390625 0.45 0.1359375 0.4234375 0.1265625 0.434375 0.1390625
0 0.5578125 0.5890625 0.54375 0.596875 0.5546875 0.603125 0.56875 0.6015625 0.565625 0.590625 0.5578125 0.5890625