3 0.595313 0.168750 0.415625 0.168750
3 0.651563 0.323437 0.350000 0.342187
3 0.685937 0.434375 0.304688 0.432812
3 0.704688 0.473438 0.296875 0.464062
3 0.640625 0.456250 0.373437 0.467187
3 0.631250 0.607812 0.365625 0.632812
3 0.620313 0.829688 0.371875 0.835938
0 0.209375 0.143750 0.787500 0.160938
0 0.206250 0.300000 0.793750 0.304688
0 0.295312 0.365625 0.692187 0.371875
1 0.529687 0.631250 0.484375 0.629687
1 0.553125 0.631250 0.459375 0.625000
0 0.423438 0.398438 0.575000 0.414062
3 0.645312 0.490625 0.343750 0.490625
