5 0.364062 0.720313 0.645312 0.725000
5 0.509375 0.732812 0.503125 0.726562
5 0.442187 0.635938 0.464062 0.632812
5 0.464063 0.540625 0.557813 0.540625
5 0.423438 0.545312 0.562500 0.542188
5 0.415625 0.382812 0.582812 0.451562
1 0.359375 0.387500 0.651563 0.401562
1 0.395312 0.457813 0.603125 0.453125
1 0.392188 0.489063 0.614062 0.473438
1 0.393750 0.539062 0.609375 0.531250
1 0.443750 0.673438 0.557813 0.679688
0 0.132812 0.390625 0.881250 0.400000
0 0.168750 0.464062 0.828125 0.448437
0 0.190625 0.473438 0.823438 0.473438
0 0.187500 0.540625 0.804688 0.540625
0 0.225000 0.556250 0.765625 0.546875
0 0.235938 0.548438 0.768750 0.551562
0 0.260938 0.585938 0.754687 0.592187
0 0.260938 0.610938 0.742188 0.628125
3 0.673438 0.435937 0.320312 0.423438
3 0.628125 0.518750 0.365625 0.515625
3 0.606250 0.535937 0.396875 0.568750
3 0.621875 0.606250 0.389062 0.596875
3 0.626563 0.775000 0.379688 0.787500
