5 0.279687 0.364062 0.725000 0.645312
5 0.267188 0.509375 0.726562 0.503125
5 0.364062 0.442187 0.632812 0.464062
5 0.459375 0.464063 0.540625 0.557813
5 0.454688 0.423438 0.542188 0.562500
5 0.617188 0.415625 0.451562 0.582812
1 0.612500 0.359375 0.401562 0.651563
1 0.542188 0.395312 0.453125 0.603125
1 0.510938 0.392188 0.473438 0.614062
1 0.460938 0.393750 0.531250 0.609375
1 0.326562 0.443750 0.679688 0.557813
0 0.609375 0.132812 0.400000 0.881250
0 0.535937 0.168750 0.448437 0.828125
0 0.526563 0.190625 0.473438 0.823438
0 0.459375 0.187500 0.540625 0.804688
0 0.443750 0.225000 0.546875 0.765625
0 0.451562 0.235938 0.551562 0.768750
0 0.414062 0.260938 0.592187 0.754687
0 0.389062 0.260938 0.628125 0.742188
3 0.564063 0.673438 0.423438 0.320312
3 0.481250 0.628125 0.515625 0.365625
3 0.464063 0.606250 0.568750 0.396875
3 0.393750 0.621875 0.596875 0.389062
3 0.225000 0.626563 0.787500 0.379688
