5 0.635938 0.279687 0.645312 0.725000
5 0.490625 0.267188 0.503125 0.726562
5 0.557813 0.364062 0.464062 0.632812
5 0.535937 0.459375 0.557813 0.540625
5 0.576562 0.454688 0.562500 0.542188
5 0.584375 0.617188 0.582812 0.451562
1 0.640625 0.612500 0.651563 0.401562
1 0.604688 0.542188 0.603125 0.453125
1 0.607812 0.510938 0.614062 0.473438
1 0.606250 0.460938 0.609375 0.531250
1 0.556250 0.326562 0.557813 0.679688
0 0.867188 0.609375 0.881250 0.400000
0 0.831250 0.535937 0.828125 0.448437
0 0.809375 0.526563 0.823438 0.473438
0 0.812500 0.459375 0.804688 0.540625
0 0.775000 0.443750 0.765625 0.546875
0 0.764062 0.451562 0.768750 0.551562
0 0.739062 0.414062 0.754687 0.592187
0 0.739062 0.389062 0.742188 0.628125
3 0.326562 0.564063 0.320312 0.423438
3 0.371875 0.481250 0.365625 0.515625
3 0.393750 0.464063 0.396875 0.568750
3 0.378125 0.393750 0.389062 0.596875
3 0.373437 0.225000 0.379688 0.787500
