5 0.653125 0.200000 0.614062 0.804688
5 0.429688 0.257812 0.431250 0.743750
5 0.509375 0.426562 0.523438 0.579688
5 0.465625 0.468750 0.484375 0.534375
5 0.553125 0.539062 0.581250 0.464062
5 0.448437 0.632812 0.493750 0.368750
1 0.642188 0.589063 0.628125 0.410938
1 0.639062 0.545312 0.604688 0.457813
1 0.643750 0.515625 0.642188 0.489063
1 0.606250 0.460938 0.609375 0.531250
1 0.545312 0.321875 0.532813 0.681250
0 0.878125 0.581250 0.862500 0.417187
0 0.837500 0.578125 0.843750 0.417187
0 0.809375 0.526563 0.823438 0.473438
0 0.806250 0.496875 0.810937 0.507812
0 0.765625 0.453125 0.770312 0.528125
0 0.768750 0.418750 0.762500 0.579688
0 0.739062 0.414062 0.754687 0.592187
0 0.732812 0.356250 0.721875 0.629687
3 0.365625 0.584375 0.370312 0.432812
3 0.404687 0.515625 0.400000 0.490625
3 0.365625 0.434375 0.359375 0.556250
3 0.415625 0.403125 0.406250 0.626563
3 0.357812 0.262500 0.360938 0.743750
