5 0.346875 0.800000 0.614062 0.804688
5 0.570312 0.742188 0.431250 0.743750
5 0.490625 0.573438 0.523438 0.579688
5 0.534375 0.531250 0.484375 0.534375
5 0.446875 0.460938 0.581250 0.464062
5 0.551562 0.367188 0.493750 0.368750
1 0.357812 0.410938 0.628125 0.410938
1 0.360938 0.454688 0.604688 0.457813
1 0.356250 0.484375 0.642188 0.489063
1 0.393750 0.539062 0.609375 0.531250
1 0.454688 0.678125 0.532813 0.681250
0 0.121875 0.418750 0.862500 0.417187
0 0.162500 0.421875 0.843750 0.417187
0 0.190625 0.473438 0.823438 0.473438
0 0.193750 0.503125 0.810937 0.507812
0 0.234375 0.546875 0.770312 0.528125
0 0.231250 0.581250 0.762500 0.579688
0 0.260938 0.585938 0.754687 0.592187
0 0.267188 0.643750 0.721875 0.629687
3 0.634375 0.415625 0.370312 0.432812
3 0.595313 0.484375 0.400000 0.490625
3 0.634375 0.565625 0.359375 0.556250
3 0.584375 0.596875 0.406250 0.626563
3 0.642188 0.737500 0.360938 0.743750
