5 0.200000 0.346875 0.804688 0.614062
5 0.257812 0.570312 0.743750 0.431250
5 0.426562 0.490625 0.579688 0.523438
5 0.468750 0.534375 0.534375 0.484375
5 0.539062 0.446875 0.464062 0.581250
5 0.632812 0.551562 0.368750 0.493750
1 0.589063 0.357812 0.410938 0.628125
1 0.545312 0.360938 0.457813 0.604688
1 0.515625 0.356250 0.489063 0.642188
1 0.460938 0.393750 0.531250 0.609375
1 0.321875 0.454688 0.681250 0.532813
0 0.581250 0.121875 0.417187 0.862500
0 0.578125 0.162500 0.417187 0.843750
0 0.526563 0.190625 0.473438 0.823438
0 0.496875 0.193750 0.507812 0.810937
0 0.453125 0.234375 0.528125 0.770312
0 0.418750 0.231250 0.579688 0.762500
0 0.414062 0.260938 0.592187 0.754687
0 0.356250 0.267188 0.629687 0.721875
3 0.584375 0.634375 0.432812 0.370312
3 0.515625 0.595313 0.490625 0.400000
3 0.434375 0.634375 0.556250 0.359375
3 0.403125 0.584375 0.626563 0.406250
3 0.262500 0.642188 0.743750 0.360938
