3 0.3828125 0.2390625 0.3859375 0.2515625 0.390625 0.25625 0.4 0.2390625 0.4046875 0.234375 0.4125 0.234375 0.4171875 0.2390625 0.4203125 0.2390625 0.4375 0.2484375 0.4578125 0.2671875 0.4703125 0.2828125 0.4765625 0.296875 0.4734375 0.3078125 0.4765625 0.3171875 0.48125 0.3140625 0.4828125 0.3 0.4890625 0.28125 0.4890625 0.2484375 0.484375 0.2265625 0.4734375 0.20625 0.4609375 0.196875 0.4453125 0.1921875 0.43125 0.19375 0.415625 0.203125 0.3984375 0.2234375 0.384375 0.225 0.3828125 0.2390625
3 0.609375 0.3203125 0.6109375 0.3296875 0.6171875 0.3359375 0.6234375 0.3375 0.6265625 0.3328125 0.6265625 0.321875 0.63125 0.3171875 0.65625 0.3234375 0.6671875 0.33125 0.671875 0.33125 0.6875 0.340625 0.7 0.353125 0.703125 0.3609375 0.703125 0.371875 0.70625 0.371875 0.7109375 0.3640625 0.7109375 0.3109375 0.7078125 0.3 0.6953125 0.2796875 0.68125 0.2703125 0.6703125 0.265625 0.65625 0.265625 0.640625 0.2796875 0.6265625 0.3046875 0.6109375 0.315625 0.609375 0.3203125
3 0.921875 0.2703125 0.915625 0.275 0.909375 0.2765625 0.9 0.2859375 0.8953125 0.296875 0.8953125 0.3140625 0.8984375 0.3203125 0.8984375 0.3265625 0.9078125 0.3203125 0.915625 0.3046875 0.9265625 0.2921875 0.946875 0.28125 0.9734375 0.2828125 0.996875 0.3 0.996875 0.225 0.9796875 0.2234375 0.9578125 0.2359375 0.9421875 0.2484375 0.921875 0.2703125
2 0.9109375 0.3234375 0.9015625 0.33125 0.903125 0.35 0.9109375 0.3515625 0.9265625 0.346875 0.940625 0.3296875 0.946875 0.3328125 0.95 0.34375 0.95625 0.346875 0.9859375 0.34375 0.996875 0.3390625 0.996875 0.321875 0.9890625 0.3171875 0.959375 0.3171875 0.9453125 0.3234375 0.9109375 0.3234375
3 0.4875 0.3875 0.4921875 0.403125 0.4953125 0.40625 0.5140625 0.40625 0.5453125 0.4140625 0.5484375 0.40625 0.546875 0.4046875 0.546875 0.3796875 0.54375 0.365625 0.5375 0.353125 0.53125 0.346875 0.515625 0.3390625 0.509375 0.3390625 0.503125 0.3421875 0.4921875 0.353125 0.4828125 0.375 0.4828125 0.3796875 0.4875 0.3875
3 0.403125 0.4078125 0.409375 0.4109375 0.4125 0.403125 0.4109375 0.3921875 0.4015625 0.36875 0.390625 0.3625 0.3828125 0.3546875 0.378125 0.3453125 0.3609375 0.35625 0.3609375 0.3625 0.3734375 0.371875 0.396875 0.396875 0.403125 0.4078125
3 0.8375 0.3234375 0.8328125 0.3421875 0.8328125 0.353125 0.8359375 0.3578125 0.84375 0.3625 0.853125 0.3625 0.8578125 0.365625 0.8796875 0.3671875 0.89375 0.371875 0.896875 0.3703125 0.896875 0.365625 0.9015625 0.3546875 0.896875 0.3390625 0.896875 0.3234375 0.89375 0.3140625 0.89375 0.2953125 0.896875 0.2875 0.9078125 0.275 0.915625 0.271875 0.915625 0.26875 0.896875 0.2625 0.8875 0.2625 0.8734375 0.2671875 0.865625 0.2734375 0.8578125 0.284375 0.8375 0.3234375
3 0.7359375 0.40625 0.740625 0.409375 0.7671875 0.4078125 0.7734375 0.4109375 0.7984375 0.415625 0.809375 0.421875 0.8140625 0.421875 0.81875 0.415625 0.81875 0.4 0.815625 0.39375 0.8125 0.3765625 0.8015625 0.359375 0.7984375 0.3421875 0.7765625 0.340625 0.759375 0.35 0.7515625 0.3578125 0.740625 0.378125 0.7359375 0.3953125 0.7359375 0.40625
3 0.746875 0.4796875 0.7421875 0.48125 0.74375 0.490625 0.759375 0.496875 0.7765625 0.496875 0.790625 0.4796875 0.796875 0.4546875 0.790625 0.459375 0.7859375 0.4546875 0.75 0.4578125 0.7453125 0.453125 0.7421875 0.45625 0.7421875 0.4734375 0.7453125 0.4703125 0.746875 0.4796875
3 0.8140625 0.3890625 0.83125 0.403125 0.8390625 0.4046875 0.840625 0.396875 0.8359375 0.38125 0.840625 0.3625 0.83125 0.3546875 0.8296875 0.3453125 0.815625 0.340625 0.803125 0.3515625 0.8015625 0.359375 0.809375 0.371875 0.8140625 0.3890625
3 0.28125 0.384375 0.2796875 0.3875 0.28125 0.3921875 0.2859375 0.3953125 0.290625 0.3953125 0.29375 0.390625 0.3015625 0.390625 0.33125 0.4046875 0.353125 0.421875 0.35625 0.421875 0.359375 0.40625 0.359375 0.3890625 0.353125 0.3640625 0.340625 0.35 0.3328125 0.3453125 0.3234375 0.3421875 0.315625 0.34375 0.3015625 0.35625 0.290625 0.3796875 0.2875 0.3828125 0.28125 0.384375