3 0.109375 0.3140625 0.125 0.3125 0.1484375 0.3234375 0.15 0.3125 0.146875 0.2890625 0.1421875 0.278125 0.134375 0.2703125 0.1265625 0.2671875 0.1140625 0.2703125 0.103125 0.2875 0.0984375 0.3078125 0.1015625 0.3203125 0.109375 0.3140625
3 0.2796875 0.2625 0.278125 0.234375 0.271875 0.2203125 0.259375 0.209375 0.25 0.2109375 0.2421875 0.215625 0.234375 0.228125 0.228125 0.2546875 0.2546875 0.25625 0.2796875 0.2625
3 0.4921875 0.271875 0.5328125 0.2765625 0.5375 0.2734375 0.5328125 0.2359375 0.5296875 0.2296875 0.5203125 0.2203125 0.5078125 0.21875 0.5015625 0.221875 0.49375 0.23125 0.4859375 0.265625 0.4921875 0.271875
3 0.6046875 0.2453125 0.6046875 0.2765625 0.60625 0.278125 0.621875 0.26875 0.6296875 0.2671875 0.64375 0.2609375 0.6515625 0.2609375 0.6546875 0.2546875 0.65 0.246875 0.646875 0.234375 0.6390625 0.2234375 0.628125 0.21875 0.61875 0.21875 0.6078125 0.234375 0.6046875 0.2453125
3 0.7875 0.3296875 0.7953125 0.328125 0.796875 0.3234375 0.7921875 0.2984375 0.7859375 0.2859375 0.775 0.278125 0.7609375 0.2796875 0.7484375 0.296875 0.7421875 0.3265625 0.7734375 0.325 0.7875 0.3296875
3 0.9015625 0.3078125 0.9046875 0.3125 0.9328125 0.30625 0.9484375 0.30625 0.95625 0.3015625 0.953125 0.2953125 0.95 0.2765625 0.9453125 0.2671875 0.9359375 0.2578125 0.93125 0.25625 0.921875 0.2578125 0.909375 0.2703125 0.9015625 0.3078125
2 0.1421875 0.33125 0.134375 0.3234375 0.1046875 0.325 0.1046875 0.33125 0.1125 0.3359375 0.1375 0.3359375 0.1421875 0.33125
2 0.2734375 0.278125 0.2734375 0.265625 0.2484375 0.2578125 0.234375 0.2625 0.2359375 0.271875 0.2421875 0.2765625 0.25625 0.2734375 0.2734375 0.278125
2 0.509375 0.275 0.496875 0.278125 0.5046875 0.2890625 0.5328125 0.2875 0.5296875 0.278125 0.509375 0.275
2 0.6109375 0.2890625 0.6140625 0.290625 0.621875 0.284375 0.634375 0.2859375 0.6484375 0.2734375 0.65 0.265625 0.640625 0.2640625 0.6125 0.275 0.6078125 0.28125 0.6109375 0.2890625
2 0.784375 0.3328125 0.7515625 0.3328125 0.7609375 0.346875 0.784375 0.346875 0.7890625 0.3421875 0.784375 0.3328125
2 0.928125 0.31875 0.946875 0.3203125 0.953125 0.309375 0.9234375 0.309375 0.909375 0.3171875 0.91875 0.3234375 0.928125 0.31875