3 0.528125 0.178125 0.468750 0.178125
3 0.531250 0.332813 0.470313 0.317188
3 0.545312 0.485938 0.446875 0.476562
3 0.501563 0.551562 0.489063 0.540625
3 0.421875 0.606250 0.571875 0.617188
3 0.526563 0.693750 0.478125 0.684375
3 0.509375 0.785937 0.481250 0.795312
3 0.514062 0.920312 0.484375 0.945312
3 0.484375 0.954688 0.542188 0.962500
3 0.487500 0.426563 0.532813 0.415625
3 0.460938 0.356250 0.551562 0.375000
1 0.165625 0.679688 0.812500 0.665625
1 0.129687 0.176563 0.839063 0.189062
1 0.189063 0.143750 0.814063 0.135937
