3 0.889062 0.526563 0.110937 0.492188
3 0.646875 0.482812 0.356250 0.514062
3 0.562500 0.484375 0.500000 0.517188
3 0.475000 0.460938 0.548438 0.540625
3 0.421875 0.454688 0.578125 0.570312
3 0.278125 0.479688 0.718750 0.493750
3 0.215625 0.540625 0.784375 0.478125
3 0.104688 0.493750 0.901563 0.509375
3 0.015625 0.448438 0.982812 0.520312
3 0.564063 0.442187 0.432812 0.542188
3 0.626563 0.467187 0.368750 0.523438
1 0.339063 0.129687 0.676562 0.868750
1 0.839063 0.137500 0.157812 0.870313
1 0.856250 0.189063 0.135937 0.814063
