3 0.821875 0.528125 0.178125 0.468750
3 0.667188 0.531250 0.317188 0.470313
3 0.514062 0.545312 0.476562 0.446875
3 0.448438 0.501563 0.540625 0.489063
3 0.393750 0.421875 0.617188 0.571875
3 0.306250 0.526563 0.684375 0.478125
3 0.214063 0.509375 0.795312 0.481250
3 0.079688 0.514062 0.945312 0.484375
3 0.045312 0.484375 0.962500 0.542188
3 0.573438 0.487500 0.415625 0.532813
3 0.643750 0.460938 0.375000 0.551562
1 0.320312 0.165625 0.665625 0.812500
1 0.823438 0.129687 0.189062 0.839063
1 0.856250 0.189063 0.135937 0.814063
