3 0.526563 0.110937 0.492188 0.110937
3 0.482812 0.353125 0.514062 0.356250
3 0.484375 0.437500 0.517188 0.500000
3 0.460938 0.525000 0.540625 0.548438
3 0.454688 0.578125 0.570312 0.578125
3 0.479688 0.721875 0.493750 0.718750
3 0.540625 0.784375 0.478125 0.784375
3 0.493750 0.895312 0.509375 0.901563
3 0.448438 0.984375 0.520312 0.982812
3 0.442187 0.435937 0.542188 0.432812
3 0.467187 0.373437 0.523438 0.368750
1 0.129687 0.660937 0.868750 0.676562
1 0.137500 0.160938 0.870313 0.157812
1 0.189063 0.143750 0.814063 0.135937
