3 0.178125 0.471875 0.178125 0.46875 0.165625 0.453125 0.15 0.4421875 0.1296875 0.4421875 0.1171875 0.453125 0.1140625 0.459375 0.1109375 0.4734375 0.1109375 0.4921875 0.11875 0.515625 0.125 0.5140625 0.178125 0.471875
3 0.3328125 0.46875 0.3171875 0.4703125 0.309375 0.478125 0.303125 0.4890625 0.3 0.521875 0.353125 0.5171875 0.35625 0.5140625 0.353125 0.49375 0.346875 0.4796875 0.3328125 0.46875
3 0.4859375 0.4546875 0.4765625 0.446875 0.4703125 0.4453125 0.4578125 0.446875 0.4375 0.4671875 0.43125 0.4875 0.4296875 0.509375 0.4375 0.515625 0.5 0.5171875 0.5046875 0.5125 0.4984375 0.471875 0.4859375 0.4546875
3 0.5515625 0.4984375 0.540625 0.4890625 0.5265625 0.490625 0.515625 0.50625 0.5125 0.53125 0.5140625 0.534375 0.525 0.5390625 0.5484375 0.540625 0.5578125 0.5328125 0.5578125 0.5171875 0.5515625 0.4984375
3 0.60625 0.578125 0.6171875 0.571875 0.625 0.5703125 0.63125 0.5671875 0.6390625 0.559375 0.6390625 0.553125 0.634375 0.546875 0.6296875 0.534375 0.6171875 0.521875 0.603125 0.5171875 0.596875 0.51875 0.5875 0.5265625 0.578125 0.5453125 0.578125 0.5703125 0.58125 0.584375 0.5890625 0.584375 0.60625 0.578125
3 0.69375 0.4734375 0.684375 0.478125 0.6765625 0.4859375 0.66875 0.5171875 0.7015625 0.51875 0.7140625 0.521875 0.721875 0.5203125 0.71875 0.49375 0.7125 0.4828125 0.7046875 0.475 0.69375 0.4734375
3 0.7859375 0.490625 0.7953125 0.48125 0.8171875 0.4734375 0.84375 0.46875 0.84375 0.4625 0.8375 0.4484375 0.8234375 0.43125 0.80625 0.4296875 0.8015625 0.43125 0.7921875 0.440625 0.784375 0.459375 0.784375 0.478125 0.78125 0.4875 0.7828125 0.490625 0.7859375 0.490625
3 0.9203125 0.4859375 0.9453125 0.484375 0.95625 0.4875 0.95625 0.478125 0.95 0.4640625 0.934375 0.453125 0.91875 0.45625 0.9046875 0.475 0.8953125 0.50625 0.9015625 0.509375 0.9046875 0.496875 0.9125 0.4890625 0.9203125 0.4859375
3 0.9546875 0.515625 0.9625 0.5421875 0.9671875 0.5484375 0.984375 0.5515625 0.9828125 0.5203125 0.9734375 0.509375 0.965625 0.50625 0.9546875 0.515625
3 0.4265625 0.5125 0.415625 0.5328125 0.4171875 0.559375 0.4359375 0.5578125 0.4328125 0.5421875 0.4359375 0.51875 0.43125 0.5125 0.4265625 0.5125
3 0.35625 0.5390625 0.375 0.5515625 0.3734375 0.5328125 0.36875 0.5234375 0.3578125 0.515625 0.3546875 0.5234375 0.35625 0.5390625
1 0.6796875 0.834375 0.665625 0.8125 0.6515625 0.8140625 0.6453125 0.8203125 0.653125 0.834375 0.6484375 0.859375 0.6609375 0.8703125 0.6765625 0.86875 0.68125 0.8640625 0.6828125 0.85625 0.6796875 0.834375
1 0.1765625 0.8703125 0.1890625 0.8390625 0.1875 0.828125 0.1828125 0.828125 0.175 0.8359375 0.171875 0.8515625 0.1609375 0.8625 0.1578125 0.8703125 0.153125 0.875 0.1703125 0.878125 0.1765625 0.8703125
1 0.14375 0.8109375 0.1359375 0.8140625 0.1390625 0.8421875 0.1578125 0.8234375 0.14375 0.8109375