3 0.471875 0.821875 0.468750 0.178125
3 0.468750 0.667188 0.470313 0.317188
3 0.454688 0.514062 0.446875 0.476562
3 0.498437 0.448438 0.489063 0.540625
3 0.578125 0.393750 0.571875 0.617188
3 0.473438 0.306250 0.478125 0.684375
3 0.490625 0.214063 0.481250 0.795312
3 0.485938 0.079688 0.484375 0.945312
3 0.515625 0.045312 0.542188 0.962500
3 0.512500 0.573438 0.532813 0.415625
3 0.539062 0.643750 0.551562 0.375000
1 0.834375 0.320312 0.812500 0.665625
1 0.870313 0.823438 0.839063 0.189062
1 0.810937 0.856250 0.814063 0.135937
