3 0.473438 0.889062 0.492188 0.110937
3 0.517188 0.646875 0.514062 0.356250
3 0.515625 0.562500 0.517188 0.500000
3 0.539062 0.475000 0.540625 0.548438
3 0.545312 0.421875 0.570312 0.578125
3 0.520312 0.278125 0.493750 0.718750
3 0.459375 0.215625 0.478125 0.784375
3 0.506250 0.104688 0.509375 0.901563
3 0.551562 0.015625 0.520312 0.982812
3 0.557813 0.564063 0.542188 0.432812
3 0.532813 0.626563 0.523438 0.368750
1 0.870313 0.339063 0.868750 0.676562
1 0.862500 0.839063 0.870313 0.157812
1 0.810937 0.856250 0.814063 0.135937
