3 0.792188 0.884375 0.231250 0.117188
3 0.679688 0.792188 0.331250 0.214062
3 0.584375 0.864062 0.421875 0.139063
3 0.478125 0.781250 0.553125 0.220312
3 0.243750 0.643750 0.751563 0.346875
3 0.201562 0.628125 0.818750 0.370312
3 0.567187 0.506250 0.443750 0.500000
1 0.807813 0.590625 0.204687 0.407813
1 0.720313 0.482812 0.285938 0.517188
1 0.601562 0.614062 0.400000 0.373437
1 0.564063 0.237500 0.446875 0.770312
1 0.507812 0.264062 0.501563 0.726562
0 0.837500 0.176562 0.159375 0.826562
0 0.746875 0.201562 0.259375 0.792188
0 0.528125 0.029687 0.465625 0.973437
0 0.251563 0.364062 0.760938 0.640625
0 0.473437 0.279687 0.529687 0.718750
0 0.425000 0.309375 0.551562 0.668750
1 0.303125 0.501563 0.696875 0.517188
