3 0.2578125 0.153125 0.2640625 0.14375 0.259375 0.134375 0.2578125 0.1109375 0.2515625 0.0921875 0.2359375 0.0796875 0.2203125 0.0796875 0.2140625 0.0828125 0.20625 0.09375 0.1984375 0.1140625 0.1984375 0.1234375 0.2078125 0.115625 0.23125 0.1171875 0.2515625 0.134375 0.2546875 0.153125 0.2578125 0.153125
3 0.315625 0.178125 0.303125 0.178125 0.2984375 0.1828125 0.2921875 0.215625 0.3046875 0.2078125 0.3203125 0.2078125 0.33125 0.2140625 0.3296875 0.1984375 0.3203125 0.1828125 0.315625 0.178125
3 0.4203125 0.1140625 0.4125 0.1078125 0.4015625 0.109375 0.3921875 0.1265625 0.390625 0.14375 0.4015625 0.1359375 0.415625 0.1359375 0.421875 0.1390625 0.4265625 0.1453125 0.428125 0.140625 0.4203125 0.1140625
3 0.5453125 0.1828125 0.5359375 0.18125 0.5234375 0.190625 0.51875 0.2203125 0.521875 0.21875 0.553125 0.2203125 0.5546875 0.21875 0.553125 0.1984375 0.5453125 0.1828125
3 0.7296875 0.3703125 0.7390625 0.365625 0.75625 0.36875 0.75625 0.35625 0.7515625 0.346875 0.740625 0.3453125 0.734375 0.3484375 0.7296875 0.3703125
3 0.8 0.3578125 0.796875 0.3671875 0.7984375 0.371875 0.81875 0.3703125 0.8140625 0.353125 0.8078125 0.3515625 0.8 0.3578125
3 0.45 0.4640625 0.440625 0.45625 0.434375 0.45625 0.4234375 0.4609375 0.4171875 0.471875 0.4140625 0.49375 0.415625 0.4953125 0.4328125 0.49375 0.44375 0.5 0.45625 0.503125 0.4546875 0.4734375 0.45 0.4640625
1 0.2171875 0.38125 0.215625 0.371875 0.20625 0.3640625 0.1921875 0.3578125 0.1703125 0.3421875 0.159375 0.3609375 0.1609375 0.36875 0.1859375 0.3921875 0.1921875 0.409375 0.2046875 0.4078125 0.2140625 0.396875 0.2140625 0.3859375 0.2171875 0.38125
1 0.3 0.4953125 0.3015625 0.4890625 0.2875 0.45625 0.284375 0.453125 0.278125 0.453125 0.271875 0.4578125 0.2703125 0.4890625 0.2765625 0.5140625 0.2796875 0.5171875 0.2859375 0.5171875 0.2921875 0.5109375 0.29375 0.5015625 0.3 0.4953125
1 0.3765625 0.359375 0.375 0.371875 0.378125 0.3859375 0.390625 0.390625 0.3984375 0.3859375 0.4 0.3734375 0.396875 0.3609375 0.390625 0.35 0.3765625 0.359375
1 0.44375 0.70625 0.4375 0.7015625 0.43125 0.7078125 0.4296875 0.7140625 0.4359375 0.7484375 0.4359375 0.7625 0.446875 0.7703125 0.4546875 0.7609375 0.4546875 0.7359375 0.44375 0.70625
1 0.4859375 0.690625 0.4765625 0.696875 0.4765625 0.7171875 0.48125 0.73125 0.4921875 0.7359375 0.5015625 0.7265625 0.5015625 0.709375 0.490625 0.6921875 0.4859375 0.690625
0 0.2078125 0.85 0.21875 0.846875 0.2265625 0.8390625 0.228125 0.8296875 0.221875 0.81875 0.2046875 0.8046875 0.1828125 0.8234375 0.1625 0.8234375 0.159375 0.8265625 0.159375 0.8375 0.184375 0.85 0.2078125 0.85
0 0.2359375 0.771875 0.221875 0.7609375 0.2078125 0.784375 0.2078125 0.7953125 0.2109375 0.8 0.215625 0.8015625 0.253125 0.7984375 0.259375 0.7921875 0.2578125 0.778125 0.2546875 0.775 0.2359375 0.771875
0 0.49375 0.975 0.471875 0.9703125 0.465625 0.9734375 0.4609375 0.996875 0.4984375 0.996875 0.49375 0.975
0 0.7515625 0.603125 0.7484375 0.6 0.7390625 0.6 0.7328125 0.6140625 0.7328125 0.61875 0.7359375 0.625 0.7484375 0.6359375 0.7609375 0.640625 0.7671875 0.6390625 0.76875 0.63125 0.7515625 0.603125
0 0.5140625 0.678125 0.5046875 0.6859375 0.5015625 0.703125 0.5125 0.7171875 0.5265625 0.7203125 0.5296875 0.71875 0.5296875 0.7078125 0.5203125 0.6796875 0.5140625 0.678125
0 0.53125 0.66875 0.528125 0.6875 0.53125 0.69375 0.5625 0.7015625 0.5765625 0.696875 0.575 0.690625 0.5515625 0.66875 0.54375 0.675 0.5375 0.675 0.53125 0.66875
1 0.696875 0.4984375 0.696875 0.5171875 0.709375 0.5171875 0.709375 0.5 0.696875 0.4984375