5 0.298438 0.453125 0.714063 0.553125
5 0.532813 0.523438 0.465625 0.492188
5 0.468750 0.567187 0.525000 0.440625
5 0.525000 0.539062 0.475000 0.445312
3 0.523438 0.603125 0.470313 0.404687
3 0.521875 0.582812 0.479687 0.440625
3 0.693750 0.590625 0.306250 0.421875
3 0.318750 0.585938 0.679688 0.426563
1 0.670312 0.470313 0.325000 0.532813
1 0.334375 0.454688 0.654687 0.554688
3 0.470313 0.581250 0.534375 0.412500
5 0.671875 0.484375 0.326562 0.526563
5 0.732812 0.551562 0.262500 0.495312
3 0.715625 0.564063 0.275000 0.420312
1 0.706250 0.493750 0.003125 0.012500
0 0.718750 0.423438 0.273438 0.567187
0 0.706250 0.420312 0.287500 0.565625
0 0.671875 0.362500 0.312500 0.640625
0 0.664062 0.368750 0.328125 0.634375
0 0.496875 0.342187 0.490625 0.650000
0 0.520312 0.351562 0.473438 0.645312
0 0.292188 0.353125 0.710938 0.657813
0 0.312500 0.373437 0.685937 0.646875
3 0.065625 0.576562 0.925000 0.409375
0 0.082812 0.486719 0.009375 0.004687
0 0.060937 0.484375 0.945312 0.503125
1 0.487500 0.432813 0.510938 0.553125
0 0.471875 0.456250 0.517188 0.529687
