5 0.331250 0.456250 0.668750 0.548438
5 0.509375 0.453125 0.496875 0.534375
5 0.457812 0.490625 0.543750 0.504687
5 0.525000 0.554688 0.470313 0.440625
3 0.526563 0.573438 0.479687 0.414062
3 0.514062 0.559375 0.500000 0.428125
3 0.684375 0.565625 0.328125 0.414062
3 0.293750 0.568750 0.704688 0.412500
1 0.670312 0.470313 0.325000 0.532813
1 0.334375 0.454688 0.654687 0.554688
3 0.465625 0.587500 0.526563 0.393750
5 0.692187 0.470313 0.318750 0.520312
5 0.709375 0.501563 0.295312 0.492188
3 0.726562 0.564063 0.284375 0.435937
1 0.706250 0.493750 0.003125 0.012500
0 0.726562 0.425000 0.281250 0.576562
0 0.714063 0.423438 0.293750 0.579688
0 0.668750 0.354688 0.328125 0.637500
0 0.660937 0.360938 0.335938 0.631250
0 0.496875 0.342187 0.490625 0.650000
0 0.521875 0.339063 0.479687 0.648438
0 0.276563 0.339063 0.725000 0.653125
0 0.312500 0.373437 0.685937 0.646875
3 0.075000 0.576562 0.934375 0.423438
0 0.082812 0.486719 0.009375 0.004687
0 0.060937 0.493750 0.939063 0.515625
1 0.492188 0.429688 0.512500 0.567187
0 0.485938 0.459375 0.528125 0.543750
