5 0.461328 0.000000 0.542188 0.004687
5 0.581250 0.370312 0.429688 0.367188
5 0.803125 0.837500 0.240625 0.840625
5 0.825000 0.717187 0.196875 0.725000
5 0.404687 0.651563 0.560937 0.651563
3 0.714063 0.517188 0.293750 0.531250
3 0.800000 0.606250 0.221875 0.614062
3 0.662500 0.159375 0.328125 0.151562
3 0.356250 0.296875 0.610938 0.295312
3 0.634375 0.617188 0.362500 0.617188
2 0.353125 0.253125 0.653125 0.257812
2 0.670312 0.557813 0.320312 0.553125
2 0.734375 0.696875 0.264062 0.695312
1 0.621875 0.785937 0.376563 0.798438
1 0.403125 0.703125 0.584375 0.701562
5 0.292188 0.309375 0.700000 0.310937
