3 0.115625 0.792188 0.117188 0.231250
3 0.207813 0.679688 0.214062 0.331250
3 0.135937 0.584375 0.139063 0.421875
3 0.218750 0.478125 0.220312 0.553125
3 0.356250 0.243750 0.346875 0.751563
3 0.371875 0.201562 0.370312 0.818750
3 0.493750 0.567187 0.500000 0.443750
1 0.409375 0.807813 0.407813 0.204687
1 0.517188 0.720313 0.517188 0.285938
1 0.385937 0.601562 0.373437 0.400000
1 0.762500 0.564063 0.770312 0.446875
1 0.735938 0.507812 0.726562 0.501563
0 0.823438 0.837500 0.826562 0.159375
0 0.798438 0.746875 0.792188 0.259375
0 0.970313 0.528125 0.973437 0.465625
0 0.635938 0.251563 0.640625 0.760938
0 0.720313 0.473437 0.718750 0.529687
0 0.690625 0.425000 0.668750 0.551562
1 0.498437 0.303125 0.517188 0.696875
