5 0.543750 0.331250 0.548438 0.668750
5 0.546875 0.509375 0.534375 0.496875
5 0.509375 0.457812 0.504687 0.543750
5 0.445312 0.525000 0.440625 0.470313
3 0.426563 0.526563 0.414062 0.479687
3 0.440625 0.514062 0.428125 0.500000
3 0.434375 0.684375 0.414062 0.328125
3 0.431250 0.293750 0.412500 0.704688
1 0.529687 0.670312 0.532813 0.325000
1 0.545312 0.334375 0.554688 0.654687
3 0.412500 0.465625 0.393750 0.526563
5 0.529687 0.692187 0.520312 0.318750
5 0.498437 0.709375 0.492188 0.295312
3 0.435937 0.726562 0.435937 0.284375
1 0.506250 0.706250 0.012500 0.003125
0 0.575000 0.726562 0.576562 0.281250
0 0.576562 0.714063 0.579688 0.293750
0 0.645312 0.668750 0.637500 0.328125
0 0.639062 0.660937 0.631250 0.335938
0 0.657813 0.496875 0.650000 0.490625
0 0.660937 0.521875 0.648438 0.479687
0 0.660937 0.276563 0.653125 0.725000
0 0.626563 0.312500 0.646875 0.685937
3 0.423438 0.075000 0.423438 0.934375
0 0.513281 0.082812 0.004687 0.009375
0 0.506250 0.060937 0.515625 0.939063
1 0.570312 0.492188 0.567187 0.512500
0 0.540625 0.485938 0.543750 0.528125
