3 0.153125 0.742188 0.143750 0.264062
3 0.178125 0.684375 0.178125 0.303125
3 0.114062 0.579688 0.107813 0.412500
3 0.182812 0.454688 0.181250 0.535937
3 0.370312 0.270312 0.365625 0.739062
3 0.357812 0.200000 0.367188 0.796875
3 0.464062 0.550000 0.456250 0.440625
1 0.381250 0.782813 0.371875 0.215625
1 0.495312 0.700000 0.489063 0.301563
1 0.359375 0.623437 0.371875 0.375000
1 0.706250 0.556250 0.701562 0.437500
1 0.690625 0.514062 0.696875 0.476562
0 0.850000 0.792188 0.846875 0.218750
0 0.771875 0.764062 0.760938 0.221875
0 0.975000 0.506250 0.970313 0.471875
0 0.603125 0.248437 0.600000 0.748437
0 0.678125 0.485938 0.685937 0.504687
0 0.668750 0.468750 0.687500 0.528125
1 0.498437 0.303125 0.517188 0.696875
