3 0.742188 0.846875 0.264062 0.143750
3 0.684375 0.821875 0.303125 0.178125
3 0.579688 0.885938 0.412500 0.107813
3 0.454688 0.817187 0.535937 0.181250
3 0.270312 0.629687 0.739062 0.365625
3 0.200000 0.642188 0.796875 0.367188
3 0.550000 0.535937 0.440625 0.456250
1 0.782813 0.618750 0.215625 0.371875
1 0.700000 0.504687 0.301563 0.489063
1 0.623437 0.640625 0.375000 0.371875
1 0.556250 0.293750 0.437500 0.701562
1 0.514062 0.309375 0.476562 0.696875
0 0.792188 0.150000 0.218750 0.846875
0 0.764062 0.228125 0.221875 0.760938
0 0.506250 0.025000 0.471875 0.970313
0 0.248437 0.396875 0.748437 0.600000
0 0.485938 0.321875 0.504687 0.685937
0 0.468750 0.331250 0.528125 0.687500
1 0.303125 0.501563 0.696875 0.517188
