5 0.453125 0.701562 0.553125 0.714063
5 0.523438 0.467187 0.492188 0.465625
5 0.567187 0.531250 0.440625 0.525000
5 0.539062 0.475000 0.445312 0.475000
3 0.603125 0.476562 0.404687 0.470313
3 0.582812 0.478125 0.440625 0.479687
3 0.590625 0.306250 0.421875 0.306250
3 0.585938 0.681250 0.426563 0.679688
1 0.470313 0.329688 0.532813 0.325000
1 0.454688 0.665625 0.554688 0.654687
3 0.581250 0.529687 0.412500 0.534375
5 0.484375 0.328125 0.526563 0.326562
5 0.551562 0.267188 0.495312 0.262500
3 0.564063 0.284375 0.420312 0.275000
1 0.493750 0.293750 0.012500 0.003125
0 0.423438 0.281250 0.567187 0.273438
0 0.420312 0.293750 0.565625 0.287500
0 0.362500 0.328125 0.640625 0.312500
0 0.368750 0.335938 0.634375 0.328125
0 0.342187 0.503125 0.650000 0.490625
0 0.351562 0.479687 0.645312 0.473438
0 0.353125 0.707812 0.657813 0.710938
0 0.373437 0.687500 0.646875 0.685937
3 0.576562 0.934375 0.409375 0.925000
0 0.486719 0.917188 0.004687 0.009375
0 0.484375 0.939063 0.503125 0.945312
1 0.432813 0.512500 0.553125 0.510938
0 0.456250 0.528125 0.529687 0.517188
