3 0.884375 0.207813 0.117188 0.231250
3 0.792188 0.320312 0.214062 0.331250
3 0.864062 0.415625 0.139063 0.421875
3 0.781250 0.521875 0.220312 0.553125
3 0.643750 0.756250 0.346875 0.751563
3 0.628125 0.798438 0.370312 0.818750
3 0.506250 0.432812 0.500000 0.443750
1 0.590625 0.192188 0.407813 0.204687
1 0.482812 0.279687 0.517188 0.285938
1 0.614062 0.398438 0.373437 0.400000
1 0.237500 0.435937 0.770312 0.446875
1 0.264062 0.492188 0.726562 0.501563
0 0.176562 0.162500 0.826562 0.159375
0 0.201562 0.253125 0.792188 0.259375
0 0.029687 0.471875 0.973437 0.465625
0 0.364062 0.748437 0.640625 0.760938
0 0.279687 0.526563 0.718750 0.529687
0 0.309375 0.575000 0.668750 0.551562
1 0.501563 0.696875 0.517188 0.696875
