3 0.846875 0.257812 0.143750 0.264062
3 0.821875 0.315625 0.178125 0.303125
3 0.885938 0.420312 0.107813 0.412500
3 0.817187 0.545312 0.181250 0.535937
3 0.629687 0.729688 0.365625 0.739062
3 0.642188 0.800000 0.367188 0.796875
3 0.535937 0.450000 0.456250 0.440625
1 0.618750 0.217188 0.371875 0.215625
1 0.504687 0.300000 0.489063 0.301563
1 0.640625 0.376563 0.371875 0.375000
1 0.293750 0.443750 0.701562 0.437500
1 0.309375 0.485938 0.696875 0.476562
0 0.150000 0.207813 0.846875 0.218750
0 0.228125 0.235937 0.760938 0.221875
0 0.025000 0.493750 0.970313 0.471875
0 0.396875 0.751563 0.600000 0.748437
0 0.321875 0.514062 0.685937 0.504687
0 0.331250 0.531250 0.687500 0.528125
1 0.501563 0.696875 0.517188 0.696875
