3 0.740625 0.865625 0.257812 0.110937
3 0.701562 0.817187 0.292187 0.215625
3 0.598437 0.890625 0.392188 0.126562
3 0.476562 0.809375 0.518750 0.220312
3 0.243750 0.631250 0.756250 0.356250
3 0.201562 0.628125 0.818750 0.370312
3 0.565625 0.543750 0.423438 0.460938
1 0.793750 0.635938 0.192188 0.357812
1 0.712500 0.543750 0.284375 0.453125
1 0.621875 0.614062 0.390625 0.390625
1 0.568750 0.292188 0.429688 0.714063
1 0.523438 0.282813 0.481250 0.731250
0 0.773438 0.160937 0.228125 0.829688
0 0.792188 0.215625 0.207813 0.795312
0 0.534375 0.026563 0.460938 0.996875
0 0.260938 0.400000 0.732812 0.614062
0 0.498437 0.296875 0.512500 0.717187
0 0.468750 0.306250 0.562500 0.701562
1 0.290625 0.482812 0.709375 0.500000
