5 1.000000 0.461328 0.004687 0.542188
5 0.568750 0.643750 0.421875 0.359375
5 0.164062 0.820312 0.839063 0.176563
5 0.270312 0.889062 0.718750 0.128125
5 0.421875 0.489062 0.589063 0.523438
3 0.526563 0.725000 0.473438 0.281250
3 0.385938 0.865625 0.606250 0.159375
3 0.846875 0.606250 0.157812 0.393750
3 0.742188 0.348437 0.267188 0.648438
3 0.401563 0.606250 0.612500 0.385937
2 0.732812 0.350000 0.284375 0.629687
2 0.467187 0.645312 0.540625 0.365625
2 0.331250 0.785937 0.651563 0.248438
1 0.234375 0.693750 0.762500 0.323437
1 0.325000 0.393750 0.678125 0.609375
5 0.728125 0.300000 0.273438 0.703125
