5 0.456250 0.668750 0.548438 0.668750
5 0.453125 0.490625 0.534375 0.496875
5 0.490625 0.542188 0.504687 0.543750
5 0.554688 0.475000 0.440625 0.470313
3 0.573438 0.473438 0.414062 0.479687
3 0.559375 0.485938 0.428125 0.500000
3 0.565625 0.315625 0.414062 0.328125
3 0.568750 0.706250 0.412500 0.704688
1 0.470313 0.329688 0.532813 0.325000
1 0.454688 0.665625 0.554688 0.654687
3 0.587500 0.534375 0.393750 0.526563
5 0.470313 0.307812 0.520312 0.318750
5 0.501563 0.290625 0.492188 0.295312
3 0.564063 0.273438 0.435937 0.284375
1 0.493750 0.293750 0.012500 0.003125
0 0.425000 0.273438 0.576562 0.281250
0 0.423438 0.285938 0.579688 0.293750
0 0.354688 0.331250 0.637500 0.328125
0 0.360938 0.339062 0.631250 0.335938
0 0.342187 0.503125 0.650000 0.490625
0 0.339063 0.478125 0.648438 0.479687
0 0.339063 0.723437 0.653125 0.725000
0 0.373437 0.687500 0.646875 0.685937
3 0.576562 0.925000 0.423438 0.934375
0 0.486719 0.917188 0.004687 0.009375
0 0.493750 0.939063 0.515625 0.939063
1 0.429688 0.507812 0.567187 0.512500
0 0.459375 0.514062 0.543750 0.528125
