5 0.546875 0.298438 0.553125 0.714063
5 0.476562 0.532813 0.492188 0.465625
5 0.432812 0.468750 0.440625 0.525000
5 0.460938 0.525000 0.445312 0.475000
3 0.396875 0.523438 0.404687 0.470313
3 0.417187 0.521875 0.440625 0.479687
3 0.409375 0.693750 0.421875 0.306250
3 0.414062 0.318750 0.426563 0.679688
1 0.529687 0.670312 0.532813 0.325000
1 0.545312 0.334375 0.554688 0.654687
3 0.418750 0.470313 0.412500 0.534375
5 0.515625 0.671875 0.526563 0.326562
5 0.448437 0.732812 0.495312 0.262500
3 0.435937 0.715625 0.420312 0.275000
1 0.506250 0.706250 0.012500 0.003125
0 0.576562 0.718750 0.567187 0.273438
0 0.579688 0.706250 0.565625 0.287500
0 0.637500 0.671875 0.640625 0.312500
0 0.631250 0.664062 0.634375 0.328125
0 0.657813 0.496875 0.650000 0.490625
0 0.648438 0.520312 0.645312 0.473438
0 0.646875 0.292188 0.657813 0.710938
0 0.626563 0.312500 0.646875 0.685937
3 0.423438 0.065625 0.409375 0.925000
0 0.513281 0.082812 0.004687 0.009375
0 0.515625 0.060937 0.503125 0.945312
1 0.567187 0.487500 0.553125 0.510938
0 0.543750 0.471875 0.529687 0.517188
