3 0.865625 0.259375 0.110937 0.257812
3 0.817187 0.298438 0.215625 0.292187
3 0.890625 0.401562 0.126562 0.392188
3 0.809375 0.523438 0.220312 0.518750
3 0.631250 0.756250 0.356250 0.756250
3 0.628125 0.798438 0.370312 0.818750
3 0.543750 0.434375 0.460938 0.423438
1 0.635938 0.206250 0.357812 0.192188
1 0.543750 0.287500 0.453125 0.284375
1 0.614062 0.378125 0.390625 0.390625
1 0.292188 0.431250 0.714063 0.429688
1 0.282813 0.476562 0.731250 0.481250
0 0.160937 0.226562 0.829688 0.228125
0 0.215625 0.207813 0.795312 0.207813
0 0.026563 0.465625 0.996875 0.460938
0 0.400000 0.739062 0.614062 0.732812
0 0.296875 0.501563 0.717187 0.512500
0 0.306250 0.531250 0.701562 0.562500
1 0.482812 0.709375 0.500000 0.709375
