5 0.538672 1.000000 0.542188 0.004687
5 0.418750 0.629687 0.429688 0.367188
5 0.196875 0.162500 0.240625 0.840625
5 0.175000 0.282813 0.196875 0.725000
5 0.595313 0.348437 0.560937 0.651563
3 0.285938 0.482812 0.293750 0.531250
3 0.200000 0.393750 0.221875 0.614062
3 0.337500 0.840625 0.328125 0.151562
3 0.643750 0.703125 0.610938 0.295312
3 0.365625 0.382812 0.362500 0.617188
2 0.646875 0.746875 0.653125 0.257812
2 0.329688 0.442187 0.320312 0.553125
2 0.265625 0.303125 0.264062 0.695312
1 0.378125 0.214063 0.376563 0.798438
1 0.596875 0.296875 0.584375 0.701562
5 0.707812 0.690625 0.700000 0.310937
