5 0.461328 0.000000 0.542188 0.004687
5 0.643750 0.431250 0.359375 0.421875
5 0.820312 0.835938 0.176563 0.839063
5 0.889062 0.729688 0.128125 0.718750
5 0.489062 0.578125 0.523438 0.589063
3 0.725000 0.473438 0.281250 0.473438
3 0.865625 0.614062 0.159375 0.606250
3 0.606250 0.153125 0.393750 0.157812
3 0.348437 0.257812 0.648438 0.267188
3 0.606250 0.598437 0.385937 0.612500
2 0.350000 0.267188 0.629687 0.284375
2 0.645312 0.532813 0.365625 0.540625
2 0.785937 0.668750 0.248438 0.651563
1 0.693750 0.765625 0.323437 0.762500
1 0.393750 0.675000 0.609375 0.678125
5 0.300000 0.271875 0.703125 0.273438
