3 0.134375 0.740625 0.110937 0.257812
3 0.182812 0.701562 0.215625 0.292187
3 0.109375 0.598437 0.126562 0.392188
3 0.190625 0.476562 0.220312 0.518750
3 0.368750 0.243750 0.356250 0.756250
3 0.371875 0.201562 0.370312 0.818750
3 0.456250 0.565625 0.460938 0.423438
1 0.364063 0.793750 0.357812 0.192188
1 0.456250 0.712500 0.453125 0.284375
1 0.385937 0.621875 0.390625 0.390625
1 0.707812 0.568750 0.714063 0.429688
1 0.717187 0.523438 0.731250 0.481250
0 0.839063 0.773438 0.829688 0.228125
0 0.784375 0.792188 0.795312 0.207813
0 0.973437 0.534375 0.996875 0.460938
0 0.600000 0.260938 0.614062 0.732812
0 0.703125 0.498437 0.717187 0.512500
0 0.693750 0.468750 0.701562 0.562500
1 0.517188 0.290625 0.500000 0.709375
