5 0.538672 1.000000 0.542188 0.004687
5 0.356250 0.568750 0.359375 0.421875
5 0.179688 0.164062 0.176563 0.839063
5 0.110937 0.270312 0.128125 0.718750
5 0.510938 0.421875 0.523438 0.589063
3 0.275000 0.526563 0.281250 0.473438
3 0.134375 0.385938 0.159375 0.606250
3 0.393750 0.846875 0.393750 0.157812
3 0.651563 0.742188 0.648438 0.267188
3 0.393750 0.401563 0.385937 0.612500
2 0.650000 0.732812 0.629687 0.284375
2 0.354687 0.467187 0.365625 0.540625
2 0.214062 0.331250 0.248438 0.651563
1 0.306250 0.234375 0.323437 0.762500
1 0.606250 0.325000 0.609375 0.678125
5 0.700000 0.728125 0.703125 0.273438
