5 1.000000 0.461328 0.004687 0.542188
5 0.629687 0.581250 0.367188 0.429688
5 0.162500 0.803125 0.840625 0.240625
5 0.282813 0.825000 0.725000 0.196875
5 0.348437 0.404687 0.651563 0.560937
3 0.482812 0.714063 0.531250 0.293750
3 0.393750 0.800000 0.614062 0.221875
3 0.840625 0.662500 0.151562 0.328125
3 0.703125 0.356250 0.295312 0.610938
3 0.382812 0.634375 0.617188 0.362500
2 0.746875 0.353125 0.257812 0.653125
2 0.442187 0.670312 0.553125 0.320312
2 0.303125 0.734375 0.695312 0.264062
1 0.214063 0.621875 0.798438 0.376563
1 0.296875 0.403125 0.701562 0.584375
5 0.690625 0.292188 0.310937 0.700000
