3 0.362500 0.239063 0.629687 0.246875
3 0.370313 0.409375 0.628125 0.417187
3 0.326562 0.495312 0.660937 0.495312
3 0.268750 0.535937 0.731250 0.545312
3 0.290625 0.598437 0.714063 0.607812
3 0.243750 0.528125 0.750000 0.528125
0 0.076562 0.378125 0.939063 0.382812
0 0.073438 0.439063 0.925000 0.420312
0 0.118750 0.465625 0.015625 0.006250
0 0.112500 0.479687 0.887500 0.492188
0 0.139062 0.598437 0.862500 0.604688
0 0.140625 0.609375 0.860938 0.614062
0 0.150000 0.553125 0.842187 0.554688
0 0.157031 0.626563 0.014063 0.003125
0 0.150000 0.621875 0.846875 0.625000
0 0.151563 0.570312 0.842187 0.562500
1 0.231250 0.289062 0.770312 0.306250
