3 0.760938 0.362500 0.246875 0.629687
3 0.590625 0.370313 0.417187 0.628125
3 0.504687 0.326562 0.495312 0.660937
3 0.464063 0.268750 0.545312 0.731250
3 0.401563 0.290625 0.607812 0.714063
3 0.471875 0.243750 0.528125 0.750000
0 0.621875 0.076562 0.382812 0.939063
0 0.560937 0.073438 0.420312 0.925000
0 0.534375 0.118750 0.006250 0.015625
0 0.520312 0.112500 0.492188 0.887500
0 0.401563 0.139062 0.604688 0.862500
0 0.390625 0.140625 0.614062 0.860938
0 0.446875 0.150000 0.554688 0.842187
0 0.373437 0.157031 0.003125 0.014063
0 0.378125 0.150000 0.625000 0.846875
0 0.429688 0.151563 0.562500 0.842187
1 0.710938 0.231250 0.306250 0.770312
