3 0.596875 0.776563 0.607812 0.214062
3 0.593750 0.582812 0.600000 0.407813
3 0.670312 0.523438 0.676562 0.479687
3 0.731250 0.454688 0.721875 0.539062
3 0.714063 0.392188 0.693750 0.601562
3 0.750000 0.471875 0.753125 0.521875
0 0.939063 0.617188 0.915625 0.390625
0 0.926562 0.560937 0.925000 0.420312
0 0.881250 0.534375 0.015625 0.006250
0 0.887500 0.507812 0.876563 0.482812
0 0.862500 0.395312 0.850000 0.600000
0 0.860938 0.385938 0.850000 0.610938
0 0.842187 0.445312 0.839063 0.550000
0 0.842969 0.373437 0.014063 0.003125
0 0.846875 0.375000 0.840625 0.620313
0 0.842187 0.437500 0.848437 0.559375
1 0.751563 0.696875 0.739062 0.292187
