3 0.631250 0.787500 0.637500 0.218750
3 0.609375 0.595313 0.621875 0.404687
3 0.673438 0.504687 0.660937 0.495312
3 0.731250 0.464063 0.731250 0.545312
3 0.709375 0.401563 0.714063 0.607812
3 0.756250 0.471875 0.750000 0.528125
0 0.923438 0.621875 0.939063 0.382812
0 0.934375 0.587500 0.934375 0.435937
0 0.881250 0.534375 0.015625 0.006250
0 0.887500 0.520312 0.887500 0.492188
0 0.860938 0.401563 0.862500 0.604688
0 0.859375 0.390625 0.860938 0.614062
0 0.850000 0.446875 0.842187 0.554688
0 0.842969 0.373437 0.014063 0.003125
0 0.850000 0.378125 0.846875 0.625000
0 0.848437 0.429688 0.842187 0.562500
1 0.728125 0.710938 0.718750 0.281250
