5 0.015625 0.48125 0.0203125 0.4890625 0.025 0.5140625 0.021875 0.5546875 0.0265625 0.5625 0.053125 0.5671875 0.059375 0.5703125 0.0734375 0.5703125 0.0828125 0.565625 0.090625 0.5546875 0.0921875 0.5078125 0.0953125 0.4953125 0.1046875 0.4875 0.1015625 0.4515625 0.0890625 0.4328125 0.0703125 0.43125 0.0578125 0.434375 0.0453125 0.4296875 0.03125 0.43125 0.0265625 0.4375 0.0234375 0.4578125 0.015625 0.471875 0.015625 0.48125
5 0.5875 0.60625 0.5890625 0.6109375 0.59375 0.6140625 0.6375 0.6171875 0.640625 0.6140625 0.64375 0.5984375 0.6421875 0.5875 0.646875 0.5734375 0.65625 0.5640625 0.653125 0.5421875 0.6453125 0.5234375 0.640625 0.51875 0.628125 0.5140625 0.60625 0.515625 0.6 0.51875 0.5953125 0.525 0.5875 0.5859375 0.5875 0.60625
3 0 0.3984375 0.015625 0.4140625 0.034375 0.4203125 0.046875 0.4203125 0.0515625 0.4140625 0.0515625 0.3828125 0.059375 0.3671875 0.0578125 0.359375 0.0421875 0.3453125 0 0.3453125 0 0.3984375
5 0.1046875 0.5640625 0.1 0.571875 0.096875 0.596875 0.103125 0.6078125 0.1140625 0.6109375 0.125 0.609375 0.13125 0.603125 0.1453125 0.56875 0.1453125 0.5421875 0.1515625 0.50625 0.146875 0.5 0.1390625 0.496875 0.1125 0.496875 0.109375 0.5 0.109375 0.546875 0.1046875 0.5640625
5 0.171875 0.6140625 0.1984375 0.621875 0.2171875 0.621875 0.225 0.6171875 0.23125 0.5953125 0.2265625 0.5421875 0.234375 0.4875 0.2296875 0.4828125 0.2015625 0.4859375 0.1921875 0.4796875 0.178125 0.4796875 0.175 0.490625 0.178125 0.5765625 0.175 0.5828125 0.171875 0.6140625
5 0.2515625 0.6125 0.246875 0.625 0.246875 0.6328125 0.2515625 0.6375 0.271875 0.6359375 0.296875 0.640625 0.3015625 0.6375 0.30625 0.625 0.3078125 0.534375 0.30625 0.5296875 0.296875 0.5234375 0.259375 0.525 0.253125 0.53125 0.253125 0.5671875 0.25 0.6015625 0.2515625 0.6125
5 0.3984375 0.5703125 0.3984375 0.5890625 0.4328125 0.6015625 0.44375 0.6015625 0.45 0.5984375 0.4546875 0.590625 0.459375 0.503125 0.4546875 0.496875 0.434375 0.4921875 0.4140625 0.49375 0.4109375 0.4953125 0.409375 0.5 0.4078125 0.5234375 0.3984375 0.5703125
5 0.48125 0.5796875 0.51875 0.58125 0.525 0.5734375 0.53125 0.55 0.5328125 0.484375 0.5296875 0.4765625 0.528125 0.478125 0.5171875 0.471875 0.5 0.4703125 0.484375 0.4765625 0.478125 0.49375 0.478125 0.575 0.48125 0.5796875
5 0.8 0.6296875 0.8328125 0.634375 0.8359375 0.6265625 0.846875 0.6171875 0.846875 0.6078125 0.8390625 0.6046875 0.8375 0.55 0.8 0.55 0.796875 0.5703125 0.7984375 0.6109375 0.79375 0.6234375 0.8 0.6296875
5 0.86875 0.5875 0.8828125 0.5921875 0.90625 0.590625 0.9109375 0.5859375 0.9109375 0.5203125 0.903125 0.5140625 0.884375 0.5109375 0.8703125 0.5234375 0.86875 0.5640625 0.865625 0.58125 0.86875 0.5875
5 0.9734375 0.571875 0.975 0.5140625 0.9671875 0.4984375 0.9484375 0.4984375 0.9390625 0.50625 0.940625 0.578125 0.9734375 0.571875