3 0.2125 0.63125 0.21875 0.6375 0.2390625 0.6375 0.246875 0.6296875 0.2421875 0.60625 0.234375 0.596875 0.2234375 0.596875 0.2140625 0.6078125 0.2125 0.63125
3 0.4046875 0.609375 0.4046875 0.621875 0.409375 0.6296875 0.4171875 0.628125 0.4328125 0.61875 0.43125 0.6015625 0.4171875 0.59375 0.4078125 0.6 0.4046875 0.609375
3 0.4953125 0.6734375 0.4953125 0.6609375 0.4875 0.65 0.478125 0.659375 0.4765625 0.6703125 0.4796875 0.6765625 0.4953125 0.6734375
3 0.5359375 0.73125 0.5453125 0.73125 0.5390625 0.721875 0.5359375 0.73125
3 0.5984375 0.709375 0.6078125 0.7140625 0.6015625 0.69375 0.5984375 0.709375
3 0.528125 0.75625 0.528125 0.75 0.521875 0.753125 0.528125 0.75625
0 0.378125 0.9234375 0.3828125 0.9390625 0.390625 0.915625 0.378125 0.9234375
0 0.4125 0.934375 0.4359375 0.934375 0.4390625 0.9265625 0.4203125 0.925 0.4125 0.934375
0 0.465625 0.88125 0.00625 0.015625
0 0.4796875 0.8875 0.4921875 0.8875 0.4828125 0.8765625 0.4796875 0.8875
0 0.5984375 0.8609375 0.6046875 0.8625 0.6 0.85 0.5984375 0.8609375
0 0.609375 0.859375 0.6140625 0.8609375 0.6109375 0.85 0.609375 0.859375
0 0.553125 0.85 0.5546875 0.8421875 0.55 0.8390625 0.553125 0.85
0 0.6265625 0.84296875 0.003125 0.0140625
0 0.621875 0.85 0.625 0.846875 0.6203125 0.840625 0.621875 0.85
0 0.5703125 0.8484375 0.5625 0.8421875 0.559375 0.8484375 0.5703125 0.8484375
1 0.2890625 0.728125 0.28125 0.71875 0.2734375 0.7203125 0.271875 0.7328125 0.2859375 0.7578125 0.2875 0.7671875 0.2890625 0.76875 0.30625 0.7703125 0.3078125 0.7671875 0.30625 0.7578125 0.303125 0.7515625 0.2921875 0.7390625 0.2890625 0.728125