5 0.074576271875 0.56444444375 0.08813559374999999 0.5466666671875 0.08813559374999999 0.5111111109375 0.10169491562499999 0.4933333328125 0.09830508437499999 0.44888888906249996 0.0813559328125 0.4266666671875 0.030508475 0.4266666671875 0.013559321874999999 0.4711111109375 0.0237288140625 0.502222221875 0.0203389828125 0.5555555562500001 0.074576271875 0.56444444375
5 0.6338983046875 0.6088888890625 0.6508474578125 0.542222221875 0.6372881359375 0.51555555625 0.6135593218750001 0.5066666671875 0.5932203390625 0.52 0.586440678125 0.6 0.6203389828125 0.6133333328125 0.6338983046875 0.6088888890625
3 0 0.346984128125 0.044067796874999995 0.40888888906250004 0.054237287499999995 0.35111111093749997 0 0.3427450984375 0 0.346984128125
5 0.14915254218750001 0.497777778125 0.1050847453125 0.502222221875 0.1050847453125 0.6044444437500001 0.12203389843750001 0.6044444437500001 0.14237288125 0.5733333328125 0.14915254218750001 0.497777778125
5 0.169491525 0.6088888890625 0.216949153125 0.617777778125 0.22711864375 0.59555555625 0.22033898281250003 0.542222221875 0.22711864375 0.48 0.1762711859375 0.48 0.17288135625 0.497777778125 0.1796610171875 0.5111111109375 0.1796610171875 0.5599999999999999 0.169491525 0.6088888890625
5 0.2915254234375 0.52 0.2508474578125 0.52444444375 0.24406779687500002 0.6266666671875 0.29830508437500003 0.63555555625 0.30508474531249996 0.5288888890625 0.2915254234375 0.52
5 0.4542372875 0.5511111109375 0.4542372875 0.497777778125 0.4101694921875 0.4933333328125 0.39661016875 0.5822222218750001 0.430508475 0.6 0.4474576265625 0.59555555625 0.4542372875 0.5511111109375
5 0.528813559375 0.48 0.49491525468750003 0.46666666718750005 0.47796610156249997 0.48444444375 0.47796610156249997 0.5688888890625 0.5152542375 0.577777778125 0.528813559375 0.48
5 0.79661016875 0.5466666671875 0.7932203390625 0.622222221875 0.8271186437500001 0.6311111109375 0.8338983046875 0.5466666671875 0.79661016875 0.5466666671875
5 0.8915254234375001 0.5066666671875 0.8677966109374999 0.52444444375 0.8745762718750001 0.5866666671874999 0.91186440625 0.5688888890625 0.8915254234375001 0.5066666671875
5 0.9694915249999999 0.497777778125 0.9389830515625001 0.502222221875 0.9389830515625001 0.5733333328125 0.9694915249999999 0.5688888890625 0.9694915249999999 0.497777778125