3 0.776563 0.403125 0.214062 0.607812
3 0.582812 0.406250 0.407813 0.600000
3 0.523438 0.329688 0.479687 0.676562
3 0.454688 0.268750 0.539062 0.721875
3 0.392188 0.285937 0.601562 0.693750
3 0.471875 0.250000 0.521875 0.753125
0 0.617188 0.060937 0.390625 0.915625
0 0.560937 0.073438 0.420312 0.925000
0 0.534375 0.118750 0.006250 0.015625
0 0.507812 0.112500 0.482812 0.876563
0 0.395312 0.137500 0.600000 0.850000
0 0.385938 0.139062 0.610938 0.850000
0 0.445312 0.157813 0.550000 0.839063
0 0.373437 0.157031 0.003125 0.014063
0 0.375000 0.153125 0.620313 0.840625
0 0.437500 0.157813 0.559375 0.848437
1 0.696875 0.248437 0.292187 0.739062
