3 0.403125 0.223438 0.607812 0.214062
3 0.406250 0.417187 0.600000 0.407813
3 0.329688 0.476562 0.676562 0.479687
3 0.268750 0.545312 0.721875 0.539062
3 0.285937 0.607812 0.693750 0.601562
3 0.250000 0.528125 0.753125 0.521875
0 0.060937 0.382812 0.915625 0.390625
0 0.073438 0.439063 0.925000 0.420312
0 0.118750 0.465625 0.015625 0.006250
0 0.112500 0.492188 0.876563 0.482812
0 0.137500 0.604688 0.850000 0.600000
0 0.139062 0.614062 0.850000 0.610938
0 0.157813 0.554688 0.839063 0.550000
0 0.157031 0.626563 0.014063 0.003125
0 0.153125 0.625000 0.840625 0.620313
0 0.157813 0.562500 0.848437 0.559375
1 0.248437 0.303125 0.739062 0.292187
