3 0.5515625 0.4359375 0.571875 0.4359375 0.5984375 0.4421875 0.6078125 0.440625 0.609375 0.4359375 0.6046875 0.428125 0.6015625 0.4015625 0.59375 0.384375 0.5890625 0.3796875 0.5703125 0.3703125 0.5609375 0.3703125 0.5484375 0.3765625 0.540625 0.3875 0.5359375 0.4015625 0.5328125 0.4171875 0.5328125 0.428125 0.5296875 0.4359375 0.53125 0.4453125 0.540625 0.4390625 0.5515625 0.4359375
3 0.7265625 0.3984375 0.7359375 0.4109375 0.7375 0.4265625 0.740625 0.4265625 0.7421875 0.4234375 0.74375 0.390625 0.7484375 0.38125 0.7484375 0.375 0.759375 0.3421875 0.759375 0.3359375 0.7671875 0.3046875 0.7703125 0.3 0.7703125 0.284375 0.76875 0.2828125 0.7546875 0.2828125 0.7484375 0.2796875 0.73125 0.28125 0.725 0.284375 0.7125 0.296875 0.70625 0.3078125 0.7 0.3296875 0.7 0.3578125 0.7109375 0.3859375 0.7265625 0.3984375
3 0.159375 0.35 0.1546875 0.3640625 0.171875 0.3703125 0.171875 0.3546875 0.159375 0.35
3 0.2109375 0.421875 0.2046875 0.4125 0.203125 0.421875 0.2109375 0.421875
3 0.409375 0.415625 0.40625 0.4046875 0.403125 0.4109375 0.409375 0.415625
3 0.4296875 0.4578125 0.425 0.4390625 0.421875 0.45625 0.4296875 0.4578125
3 0.3890625 0.4171875 0.38125 0.40625 0.38125 0.4171875 0.3890625 0.4171875
3 0.61875 0.484375 0.6234375 0.490625 0.6375 0.475 0.6359375 0.465625 0.628125 0.4609375 0.61875 0.471875 0.61875 0.484375
3 0.459375 0.45 0.453125 0.434375 0.4515625 0.45 0.459375 0.45
1 0.7859375 0.690625 0.7859375 0.6875 0.7765625 0.684375 0.7765625 0.68125 0.78125 0.68125 0.7921875 0.6734375 0.7953125 0.6765625 0.8046875 0.6765625 0.8125 0.65625 0.8125 0.6390625 0.796875 0.625 0.7890625 0.6265625 0.7765625 0.640625 0.76875 0.6546875 0.765625 0.6734375 0.771875 0.68125 0.7703125 0.69375 0.7734375 0.6953125 0.7859375 0.690625
1 0.8421875 0.721875 0.8515625 0.7046875 0.853125 0.6921875 0.8515625 0.6890625 0.8390625 0.6828125 0.8234375 0.6703125 0.815625 0.678125 0.809375 0.69375 0.8078125 0.71875 0.81875 0.7375 0.8265625 0.7421875 0.834375 0.7359375 0.8359375 0.728125 0.8421875 0.721875
0 0.53125 0.7265625 0.515625 0.7234375 0.5078125 0.728125 0.4953125 0.7265625 0.4921875 0.7453125 0.4984375 0.7515625 0.525 0.7625 0.546875 0.7625 0.553125 0.7578125 0.553125 0.7453125 0.5390625 0.7359375 0.53125 0.7265625