0 0.923438 0.793750 0.907813 0.179688
0 0.929688 0.292188 0.925000 0.710938
0 0.903125 0.250000 0.893750 0.745313
0 0.475000 0.673438 0.484375 0.329688
0 0.378125 0.703125 0.375000 0.303125
3 0.373437 0.807813 0.362500 0.185938
3 0.404687 0.806250 0.421875 0.192188
3 0.000000 0.678711 0.010937 0.317188
0 0.884375 0.779687 0.867188 0.223438
0 0.935937 0.859375 0.926562 0.120313
0 0.890625 0.396875 0.907813 0.606250
0 0.900000 0.437500 0.910937 0.564063
1 0.523438 0.717187 0.548438 0.284375
1 0.557813 0.750000 0.565625 0.248438
