0 0.140625 0.9328125 0.15 0.9375 0.1984375 0.9359375 0.2046875 0.9328125 0.20625 0.9234375 0.1796875 0.9078125 0.165625 0.921875 0.1453125 0.9265625 0.140625 0.9328125
0 0.6546875 0.925 0.6546875 0.9296875 0.6640625 0.934375 0.6984375 0.9328125 0.7078125 0.9296875 0.7109375 0.925 0.7140625 0.8984375 0.7015625 0.9 0.6875 0.89375 0.665625 0.9171875 0.6546875 0.925
0 0.7125 0.9140625 0.7140625 0.934375 0.7328125 0.9328125 0.75 0.9109375 0.75 0.903125 0.7453125 0.89375 0.7421875 0.871875 0.7234375 0.8765625 0.71875 0.8828125 0.71875 0.8984375 0.7125 0.9140625
0 0.378125 0.4828125 0.3546875 0.45 0.334375 0.4484375 0.33125 0.4515625 0.3265625 0.475 0.3296875 0.484375 0.371875 0.4859375 0.378125 0.4828125
0 0.296875 0.3453125 0.284375 0.36875 0.284375 0.375 0.2875 0.378125 0.296875 0.378125 0.303125 0.375 0.3125 0.3625 0.3359375 0.340625 0.3390625 0.3234375 0.3203125 0.309375 0.3140625 0.3171875 0.3046875 0.3203125 0.3 0.325 0.296875 0.3453125
3 0.18125 0.3984375 0.196875 0.4 0.1984375 0.39375 0.19375 0.384375 0.1921875 0.3734375 0.1859375 0.3625 0.1765625 0.3546875 0.1640625 0.3546875 0.1546875 0.3640625 0.146875 0.39375 0.1515625 0.403125 0.171875 0.403125 0.18125 0.3984375
3 0.19375 0.4046875 0.1921875 0.421875 0.209375 0.4265625 0.20625 0.4109375 0.19375 0.4046875
3 0.3212890625 0 0.3171875 0.0109375 0.3234375 0.025 0.334375 0.0109375 0.3421875 0.0203125 0.35625 0.0203125 0.365625 0.025 0.3734375 0.0078125 0.3708333328125 0 0.3212890625 0
0 0.20625 0.8828125 0.2203125 0.884375 0.2234375 0.8671875 0.20625 0.8828125
0 0.121875 0.9375 0.140625 0.9359375 0.1203125 0.9265625 0.121875 0.9375
0 0.603125 0.890625 0.60625 0.9078125 0.63125 0.90625 0.621875 0.8875 0.603125 0.890625
0 0.5953125 0.909375 0.59375 0.9 0.5796875 0.89375 0.5703125 0.8921875 0.5625 0.9 0.5640625 0.9109375 0.571875 0.9140625 0.5859375 0.915625 0.5953125 0.909375
1 0.30625 0.540625 0.3078125 0.521875 0.3015625 0.5109375 0.2921875 0.5109375 0.2828125 0.5234375 0.284375 0.5484375 0.30625 0.540625
1 0.2625 0.5578125 0.25 0.5578125 0.2484375 0.565625 0.2625 0.5578125