0 0.076562 0.206250 0.907813 0.179688
0 0.070312 0.707812 0.925000 0.710938
0 0.096875 0.750000 0.893750 0.745313
0 0.525000 0.326562 0.484375 0.329688
0 0.621875 0.296875 0.375000 0.303125
3 0.626563 0.192188 0.362500 0.185938
3 0.595313 0.193750 0.421875 0.192188
3 1.000000 0.321289 0.010937 0.317188
0 0.115625 0.220312 0.867188 0.223438
0 0.064063 0.140625 0.926562 0.120313
0 0.109375 0.603125 0.907813 0.606250
0 0.100000 0.562500 0.910937 0.564063
1 0.476562 0.282813 0.548438 0.284375
1 0.442187 0.250000 0.565625 0.248438
