0 0.932813 0.859375 0.937500 0.150000
0 0.925000 0.345313 0.929688 0.654687
0 0.914062 0.287500 0.934375 0.714063
0 0.482812 0.621875 0.450000 0.354687
0 0.345313 0.703125 0.368750 0.284375
3 0.398438 0.818750 0.400000 0.196875
3 0.404687 0.806250 0.421875 0.192188
3 0.000000 0.678711 0.010937 0.317188
0 0.882812 0.793750 0.884375 0.220312
0 0.937500 0.878125 0.935937 0.140625
0 0.890625 0.396875 0.907813 0.606250
0 0.909375 0.404687 0.900000 0.593750
1 0.540625 0.693750 0.521875 0.307812
1 0.557813 0.737500 0.557813 0.250000
