0 0.793750 0.076562 0.179688 0.907813
0 0.292188 0.070312 0.710938 0.925000
0 0.250000 0.096875 0.745313 0.893750
0 0.673438 0.525000 0.329688 0.484375
0 0.703125 0.621875 0.303125 0.375000
3 0.807813 0.626563 0.185938 0.362500
3 0.806250 0.595313 0.192188 0.421875
3 0.678711 1.000000 0.317188 0.010937
0 0.779687 0.115625 0.223438 0.867188
0 0.859375 0.064063 0.120313 0.926562
0 0.396875 0.109375 0.606250 0.907813
0 0.437500 0.100000 0.564063 0.910937
1 0.717187 0.476562 0.284375 0.548438
1 0.750000 0.442187 0.248438 0.565625
