3 0.2609375 0.3296875 0.240625 0.309375 0.225 0.3140625 0.215625 0.325 0.2125 0.334375 0.215625 0.3703125 0.228125 0.3703125 0.2671875 0.334375 0.2671875 0.33125 0.2609375 0.3296875
3 0.4921875 0.3609375 0.503125 0.3546875 0.515625 0.34375 0.51875 0.3359375 0.51875 0.3203125 0.5140625 0.3 0.5046875 0.284375 0.49375 0.2765625 0.484375 0.2796875 0.471875 0.290625 0.4640625 0.3140625 0.4625 0.3453125 0.4640625 0.35 0.4703125 0.35625 0.4796875 0.3609375 0.4921875 0.3609375
3 0.29375 0.3796875 0.2796875 0.36875 0.2703125 0.3703125 0.26875 0.3875 0.2609375 0.4015625 0.2640625 0.4125 0.26875 0.3921875 0.278125 0.3828125 0.296875 0.3921875 0.29375 0.3796875
0 0.3984375 0.5328125 0.3984375 0.559375 0.4015625 0.5625 0.4265625 0.559375 0.4296875 0.5484375 0.421875 0.5265625 0.4046875 0.521875 0.3984375 0.5328125
3 0.4103125 0 0.4015625 0.021875 0.4046875 0.0296875 0.4046875 0.0484375 0.425 0.0484375 0.4359375 0.0390625 0.4421875 0.040625 0.4484375 0.046875 0.45625 0.046875 0.45 0.0125 0.44444444375 0 0.4103125 0
1 0.559375 0.6234375 0.5421875 0.6359375 0.5453125 0.64375 0.54375 0.659375 0.5515625 0.6640625 0.559375 0.6640625 0.565625 0.653125 0.5671875 0.6359375 0.559375 0.6234375
0 0.915625 0.8625 0.8859375 0.8578125 0.8734375 0.871875 0.8546875 0.884375 0.8546875 0.8921875 0.86875 0.896875 0.915625 0.89375 0.9203125 0.8890625 0.915625 0.8625
0 0.9484375 0.8546875 0.940625 0.8546875 0.9234375 0.8625 0.9203125 0.86875 0.9234375 0.8890625 0.946875 0.890625 0.9515625 0.8875 0.953125 0.88125 0.9484375 0.8546875
0 0.5375 0.9078125 0.5109375 0.9 0.496875 0.9078125 0.475 0.9109375 0.471875 0.9203125 0.475 0.9234375 0.53125 0.921875 0.5375 0.9171875 0.5375 0.9078125
0 0.296875 0.89375 0.296875 0.8859375 0.2828125 0.8796875 0.26875 0.8703125 0.25 0.8859375 0.234375 0.890625 0.2328125 0.8953125 0.2359375 0.8984375 0.2890625 0.8984375 0.296875 0.89375
0 0.3140625 0.8296875 0.3 0.83125 0.296875 0.8453125 0.3109375 0.846875 0.3140625 0.8296875
1 0.346875 0.4484375 0.3546875 0.4671875 0.3578125 0.4671875 0.365625 0.45625 0.3625 0.4296875 0.353125 0.434375 0.346875 0.4484375
1 0.3546875 0.4953125 0.3359375 0.503125 0.3421875 0.528125 0.35625 0.5203125 0.3546875 0.4953125