0 0.067187 0.140625 0.937500 0.150000
0 0.075000 0.654687 0.929688 0.654687
0 0.085938 0.712500 0.934375 0.714063
0 0.517188 0.378125 0.450000 0.354687
0 0.654687 0.296875 0.368750 0.284375
3 0.601562 0.181250 0.400000 0.196875
3 0.595313 0.193750 0.421875 0.192188
3 1.000000 0.321289 0.010937 0.317188
0 0.117188 0.206250 0.884375 0.220312
0 0.062500 0.121875 0.935937 0.140625
0 0.109375 0.603125 0.907813 0.606250
0 0.090625 0.595313 0.900000 0.593750
1 0.459375 0.306250 0.521875 0.307812
1 0.442187 0.262500 0.557813 0.250000
