0 0.859375 0.067187 0.150000 0.937500
0 0.345313 0.075000 0.654687 0.929688
0 0.287500 0.085938 0.714063 0.934375
0 0.621875 0.517188 0.354687 0.450000
0 0.703125 0.654687 0.284375 0.368750
3 0.818750 0.601562 0.196875 0.400000
3 0.806250 0.595313 0.192188 0.421875
3 0.678711 1.000000 0.317188 0.010937
0 0.793750 0.117188 0.220312 0.884375
0 0.878125 0.062500 0.140625 0.935937
0 0.396875 0.109375 0.606250 0.907813
0 0.404687 0.090625 0.593750 0.900000
1 0.693750 0.459375 0.307812 0.521875
1 0.737500 0.442187 0.250000 0.557813
