0 0.6328125 0.996875 0.640625 0.9921875 0.640625 0.9765625 0.6296875 0.975 0.6265625 0.984375 0.609375 0.996875 0.6328125 0.996875
0 0.5859375 0.9515625 0.5765625 0.965625 0.56875 0.9671875 0.565625 0.9515625 0.5671875 0.975 0.578125 0.978125 0.5921875 0.96875 0.596875 0.959375 0.5859375 0.9515625
0 0.81875 0.884375 0.83125 0.8921875 0.825 0.8703125 0.81875 0.884375
0 0.7890625 0.85625 0.7828125 0.8609375 0.7796875 0.875 0.8046875 0.8734375 0.8078125 0.865625 0.8046875 0.8609375 0.7890625 0.85625
0 0.775 0.871875 0.778125 0.8578125 0.765625 0.85625 0.775 0.871875
0 0.734375 0.8421875 0.728125 0.8515625 0.7296875 0.85625 0.7515625 0.8546875 0.7546875 0.85 0.734375 0.8421875
0 0.73125 0.840625 0.721875 0.834375 0.7171875 0.8390625 0.71875 0.846875 0.728125 0.8515625 0.73125 0.840625
0 0.6796875 0.8296875 0.68125 0.8375 0.6984375 0.834375 0.690625 0.8265625 0.6796875 0.8296875
3 0.6125 0.6296875 0.615625 0.628125 0.6140625 0.6078125 0.609375 0.59375 0.603125 0.5890625 0.5875 0.590625 0.5796875 0.6046875 0.5765625 0.615625 0.578125 0.6234375 0.6125 0.6296875
3 0.696875 0.56875 0.6828125 0.5671875 0.6765625 0.590625 0.6984375 0.590625 0.7015625 0.578125 0.696875 0.56875
3 0.7375 0.571875 0.7265625 0.5734375 0.71875 0.59375 0.746875 0.596875 0.74375 0.578125 0.7375 0.571875
3 0.7953125 0.575 0.784375 0.5609375 0.76875 0.565625 0.765625 0.5921875 0.7953125 0.5859375 0.7953125 0.575
1 0.64375 0.6828125 0.6421875 0.6765625 0.6359375 0.6734375 0.6234375 0.671875 0.621875 0.678125 0.628125 0.6953125 0.6375 0.7 0.64375 0.6828125