0 0.768750 0.971875 0.770312 0.057813
3 0.454688 0.726562 0.429688 0.273438
3 0.481250 0.976562 0.456250 0.043750
3 0.492188 0.696875 0.462500 0.292187
3 0.554688 0.585938 0.529687 0.421875
3 0.487500 0.560937 0.471875 0.431250
3 0.464062 0.364062 0.454688 0.637500
3 0.731250 0.535937 0.018750 0.009375
3 0.718750 0.559375 0.737500 0.439063
3 0.448437 0.207812 0.434375 0.782813
0 0.753125 0.906250 0.754687 0.084375
1 0.690625 0.645312 0.673438 0.353125
1 0.564063 0.876563 0.564063 0.115625
1 0.595313 0.953125 0.578125 0.053125
