0 0.257812 0.064062 0.742188 0.042188
3 0.545312 0.245312 0.457813 0.268750
3 0.568750 0.023438 0.442188 0.012500
3 0.525000 0.260937 0.495312 0.259375
3 0.489062 0.420312 0.503125 0.412500
3 0.517188 0.409375 0.493750 0.412500
3 0.576562 0.620313 0.428125 0.610938
3 0.268750 0.464062 0.018750 0.009375
3 0.281250 0.440625 0.737500 0.439063
3 0.535937 0.764062 0.467187 0.789062
0 0.235938 0.067187 0.767188 0.085938
1 0.323438 0.334375 0.692187 0.339062
1 0.421875 0.128125 0.564063 0.123438
1 0.429688 0.034375 0.579688 0.034375
