0 0.935937 0.257812 0.042188 0.742188
3 0.754687 0.545312 0.268750 0.457813
3 0.976562 0.568750 0.012500 0.442188
3 0.739062 0.525000 0.259375 0.495312
3 0.579688 0.489062 0.412500 0.503125
3 0.590625 0.517188 0.412500 0.493750
3 0.379687 0.576562 0.610938 0.428125
3 0.535937 0.268750 0.009375 0.018750
3 0.559375 0.281250 0.439063 0.737500
3 0.235938 0.535937 0.789062 0.467187
0 0.932813 0.235938 0.085938 0.767188
1 0.665625 0.323438 0.339062 0.692187
1 0.871875 0.421875 0.123438 0.564063
1 0.965625 0.429688 0.034375 0.579688
