0 0.276563 0.293750 0.706250 0.293750
3 0.484375 0.026562 0.521875 0.012500
3 0.606250 0.076563 0.382812 0.067187
3 0.576562 0.357812 0.425000 0.346875
3 0.581250 0.434375 0.425000 0.434375
3 0.615625 0.451562 0.389062 0.454688
3 0.545312 0.570312 0.456250 0.557813
3 0.575000 0.606250 0.421875 0.606250
3 0.582812 0.668750 0.414062 0.662500
3 0.553125 0.703125 0.445312 0.679688
3 0.514062 0.775000 0.473438 0.775000
3 0.459375 0.753125 0.542188 0.768750
3 0.442187 0.848437 0.562500 0.851562
1 0.332812 0.807813 0.653125 0.796875
