0 0.971875 0.231250 0.057813 0.770312
3 0.726562 0.545312 0.273438 0.429688
3 0.976562 0.518750 0.043750 0.456250
3 0.696875 0.507812 0.292187 0.462500
3 0.585938 0.445312 0.421875 0.529687
3 0.560937 0.512500 0.431250 0.471875
3 0.364062 0.535937 0.637500 0.454688
3 0.535937 0.268750 0.009375 0.018750
3 0.559375 0.281250 0.439063 0.737500
3 0.207812 0.551562 0.782813 0.434375
0 0.906250 0.246875 0.084375 0.754687
1 0.645312 0.309375 0.353125 0.673438
1 0.876563 0.435937 0.115625 0.564063
1 0.953125 0.404687 0.053125 0.578125
