0 0.706250 0.276563 0.293750 0.706250
3 0.973437 0.484375 0.012500 0.521875
3 0.923438 0.606250 0.067187 0.382812
3 0.642188 0.576562 0.346875 0.425000
3 0.565625 0.581250 0.434375 0.425000
3 0.548438 0.615625 0.454688 0.389062
3 0.429688 0.545312 0.557813 0.456250
3 0.393750 0.575000 0.606250 0.421875
3 0.331250 0.582812 0.662500 0.414062
3 0.296875 0.553125 0.679688 0.445312
3 0.225000 0.514062 0.775000 0.473438
3 0.246875 0.459375 0.768750 0.542188
3 0.151563 0.442187 0.851562 0.562500
1 0.192187 0.332812 0.796875 0.653125
