0 0.231250 0.028125 0.770312 0.057813
3 0.545312 0.273438 0.429688 0.273438
3 0.518750 0.023438 0.456250 0.043750
3 0.507812 0.303125 0.462500 0.292187
3 0.445312 0.414062 0.529687 0.421875
3 0.512500 0.439063 0.471875 0.431250
3 0.535937 0.635938 0.454688 0.637500
3 0.268750 0.464062 0.018750 0.009375
3 0.281250 0.440625 0.737500 0.439063
3 0.551562 0.792188 0.434375 0.782813
0 0.246875 0.093750 0.754687 0.084375
1 0.309375 0.354687 0.673438 0.353125
1 0.435937 0.123438 0.564063 0.115625
1 0.404687 0.046875 0.578125 0.053125
