0 0.742188 0.935937 0.742188 0.042188
3 0.454688 0.754687 0.457813 0.268750
3 0.431250 0.976562 0.442188 0.012500
3 0.475000 0.739062 0.495312 0.259375
3 0.510938 0.579688 0.503125 0.412500
3 0.482812 0.590625 0.493750 0.412500
3 0.423438 0.379687 0.428125 0.610938
3 0.731250 0.535937 0.018750 0.009375
3 0.718750 0.559375 0.737500 0.439063
3 0.464062 0.235938 0.467187 0.789062
0 0.764062 0.932813 0.767188 0.085938
1 0.676562 0.665625 0.692187 0.339062
1 0.578125 0.871875 0.564063 0.123438
1 0.570312 0.965625 0.579688 0.034375
