0 0.2671875 0.7265625 0.284375 0.728125 0.29375 0.7234375 0.29375 0.70625 0.2859375 0.6953125 0.26875 0.703125 0.2671875 0.7265625
3 0.0125 0.5546875 0.015625 0.55625 0.0171875 0.5546875 0.0234375 0.5546875 0.0453125 0.5453125 0.0546875 0.5375 0.06875 0.5296875 0.0671875 0.5265625 0.046875 0.515625 0.0421875 0.515625 0.040625 0.5140625 0.0265625 0.515625 0.0125 0.521875 0.00625 0.5296875 0.00625 0.540625 0.0125 0.5546875
3 0.046875 0.3984375 0.0546875 0.4015625 0.0703125 0.3984375 0.0765625 0.39375 0.0671875 0.3828125 0.053125 0.3828125 0.0453125 0.39375 0.046875 0.3984375
3 0.3734375 0.44375 0.3703125 0.4296875 0.3578125 0.4234375 0.346875 0.425 0.3375 0.440625 0.3515625 0.446875 0.3734375 0.44375
3 0.434375 0.41875 0.434375 0.425 0.4671875 0.425 0.4578125 0.4125 0.434375 0.41875
3 0.4515625 0.384375 0.4546875 0.3890625 0.475 0.3875 0.46875 0.3765625 0.4515625 0.384375
3 0.5734375 0.4703125 0.5796875 0.4640625 0.5703125 0.4546875 0.5578125 0.45625 0.5546875 0.4609375 0.559375 0.4734375 0.5734375 0.4703125
3 0.584375 0.428125 0.60625 0.425 0.60625 0.421875 0.5953125 0.4171875 0.5875 0.4203125 0.584375 0.428125
3 0.6453125 0.4234375 0.6609375 0.43125 0.6703125 0.4265625 0.66875 0.4171875 0.6625 0.4140625 0.653125 0.4140625 0.64375 0.41875 0.6453125 0.4234375
3 0.70625 0.4609375 0.703125 0.446875 0.6796875 0.4453125 0.678125 0.4484375 0.6953125 0.465625 0.70625 0.4609375
3 0.7640625 0.496875 0.771875 0.4953125 0.775 0.4859375 0.775 0.4734375 0.7703125 0.4640625 0.746875 0.4703125 0.7640625 0.496875
3 0.7875 0.540625 0.784375 0.528125 0.775 0.51875 0.7609375 0.5125 0.7453125 0.5125 0.734375 0.5171875 0.7203125 0.5375 0.721875 0.5421875 0.7328125 0.55 0.7390625 0.55 0.753125 0.540625 0.76875 0.5421875 0.771875 0.546875 0.78125 0.5484375 0.7875 0.540625
3 0.8875 0.5671875 0.89375 0.5640625 0.896875 0.55625 0.896875 0.5375 0.8921875 0.528125 0.8703125 0.5171875 0.85 0.5171875 0.840625 0.5203125 0.81875 0.5375 0.81875 0.54375 0.821875 0.5484375 0.834375 0.5546875 0.8484375 0.5578125 0.8515625 0.5625 0.8640625 0.5671875 0.875 0.56875 0.8875 0.5671875
1 0.7734375 0.671875 0.778125 0.678125 0.8078125 0.6828125 0.8078125 0.6671875 0.796875 0.653125 0.784375 0.6515625 0.7734375 0.6578125 0.7734375 0.671875