0 0.726562 0.732812 0.728125 0.284375
3 0.554688 0.987500 0.556250 0.015625
3 0.398438 0.953125 0.401562 0.054688
3 0.443750 0.626563 0.429688 0.370312
3 0.418750 0.565625 0.425000 0.434375
3 0.384375 0.548438 0.389062 0.454688
3 0.470313 0.426562 0.464062 0.579688
3 0.428125 0.415625 0.425000 0.606250
3 0.423438 0.354688 0.431250 0.660937
3 0.460938 0.293750 0.446875 0.703125
3 0.496875 0.235938 0.495312 0.771875
3 0.540625 0.212500 0.528125 0.784375
3 0.567187 0.112500 0.564063 0.893750
1 0.671875 0.226562 0.678125 0.778125
