0 0.0640625 0.7421875 0.0421875 0.7421875 0.0328125 0.7515625 0.028125 0.76875 0.0578125 0.7703125 0.0671875 0.765625 0.06875 0.746875 0.0640625 0.7421875
3 0.2453125 0.4546875 0.26875 0.4578125 0.2734375 0.4546875 0.2734375 0.4296875 0.25625 0.425 0.246875 0.434375 0.2453125 0.4546875
3 0.0234375 0.43125 0.0125 0.4421875 0.0171875 0.48125 0.0234375 0.48125 0.04375 0.45625 0.0421875 0.4375 0.034375 0.43125 0.0234375 0.43125
3 0.2609375 0.475 0.259375 0.4953125 0.26875 0.4984375 0.303125 0.4921875 0.2921875 0.4625 0.2859375 0.45625 0.2734375 0.45625 0.2609375 0.475
3 0.4203125 0.5109375 0.4125 0.503125 0.409375 0.503125 0.3984375 0.5109375 0.3953125 0.53125 0.4 0.5484375 0.4140625 0.5546875 0.421875 0.5296875 0.425 0.5265625 0.425 0.5203125 0.4203125 0.5109375
3 0.409375 0.4828125 0.4125 0.49375 0.4265625 0.4859375 0.4390625 0.4875 0.43125 0.471875 0.41875 0.46875 0.4125 0.4734375 0.409375 0.4828125
3 0.6203125 0.4234375 0.6109375 0.428125 0.6046875 0.44375 0.60625 0.45 0.6234375 0.453125 0.6359375 0.4640625 0.6375 0.4546875 0.634375 0.4390625 0.625 0.4234375 0.6203125 0.4234375
3 0.4640625 0.73125 0.009375 0.01875
3 0.440625 0.71875 0.4390625 0.7375 0.4515625 0.740625 0.45625 0.725 0.440625 0.71875
3 0.7640625 0.4640625 0.7890625 0.4671875 0.7921875 0.4484375 0.7828125 0.434375 0.7703125 0.434375 0.7640625 0.446875 0.7640625 0.4640625
0 0.0671875 0.7640625 0.0859375 0.7671875 0.096875 0.7640625 0.09375 0.753125 0.084375 0.7546875 0.075 0.746875 0.0625 0.75625 0.0671875 0.7640625
1 0.334375 0.6765625 0.3390625 0.6921875 0.346875 0.7 0.3546875 0.690625 0.353125 0.6734375 0.3484375 0.6578125 0.3375 0.65625 0.334375 0.6765625
1 0.128125 0.578125 0.1234375 0.5640625 0.115625 0.5640625 0.1109375 0.5765625 0.1234375 0.584375 0.128125 0.578125
1 0.034375 0.5703125 0.034375 0.5796875 0.0390625 0.5921875 0.046875 0.5953125 0.053125 0.578125 0.046875 0.5671875 0.0390625 0.5671875 0.034375 0.5703125