0 0.723437 0.706250 0.706250 0.293750
3 0.515625 0.973437 0.521875 0.012500
3 0.393750 0.923438 0.382812 0.067187
3 0.423438 0.642188 0.425000 0.346875
3 0.418750 0.565625 0.425000 0.434375
3 0.384375 0.548438 0.389062 0.454688
3 0.454688 0.429688 0.456250 0.557813
3 0.425000 0.393750 0.421875 0.606250
3 0.417187 0.331250 0.414062 0.662500
3 0.446875 0.296875 0.445312 0.679688
3 0.485938 0.225000 0.473438 0.775000
3 0.540625 0.246875 0.542188 0.768750
3 0.557813 0.151563 0.562500 0.851562
1 0.667188 0.192187 0.653125 0.796875
