0 0.273438 0.267188 0.728125 0.284375
3 0.445312 0.012500 0.556250 0.015625
3 0.601562 0.046875 0.401562 0.054688
3 0.556250 0.373437 0.429688 0.370312
3 0.581250 0.434375 0.425000 0.434375
3 0.615625 0.451562 0.389062 0.454688
3 0.529687 0.573438 0.464062 0.579688
3 0.571875 0.584375 0.425000 0.606250
3 0.576562 0.645312 0.431250 0.660937
3 0.539062 0.706250 0.446875 0.703125
3 0.503125 0.764062 0.495312 0.771875
3 0.459375 0.787500 0.528125 0.784375
3 0.432813 0.887500 0.564063 0.893750
1 0.328125 0.773438 0.678125 0.778125
