0 0.732812 0.273438 0.284375 0.728125
3 0.987500 0.445312 0.015625 0.556250
3 0.953125 0.601562 0.054688 0.401562
3 0.626563 0.556250 0.370312 0.429688
3 0.565625 0.581250 0.434375 0.425000
3 0.548438 0.615625 0.454688 0.389062
3 0.426562 0.529687 0.579688 0.464062
3 0.415625 0.571875 0.606250 0.425000
3 0.354688 0.576562 0.660937 0.431250
3 0.293750 0.539062 0.703125 0.446875
3 0.235938 0.503125 0.771875 0.495312
3 0.212500 0.459375 0.784375 0.528125
3 0.112500 0.432813 0.893750 0.564063
1 0.226562 0.328125 0.778125 0.678125
