5 0.4140625 0.1953125 0.4078125 0.25 0.4015625 0.2640625 0.4 0.2796875 0.3921875 0.3015625 0.3921875 0.3109375 0.390625 0.3125 0.3953125 0.3234375 0.3984375 0.3421875 0.40625 0.3546875 0.415625 0.35625 0.421875 0.3453125 0.4265625 0.3421875 0.428125 0.34375 0.428125 0.359375 0.43125 0.3671875 0.4359375 0.371875 0.446875 0.375 0.4703125 0.375 0.4765625 0.3703125 0.4796875 0.3640625 0.4859375 0.3390625 0.490625 0.328125 0.4953125 0.28125 0.496875 0.2796875 0.4984375 0.2625 0.503125 0.2484375 0.5 0.2328125 0.5 0.209375 0.5109375 0.1734375 0.50625 0.1671875 0.503125 0.1578125 0.496875 0.1515625 0.4859375 0.15625 0.484375 0.1609375 0.46875 0.1796875 0.4609375 0.20625 0.453125 0.2140625 0.45 0.209375 0.45 0.2 0.4484375 0.1984375 0.4484375 0.159375 0.446875 0.1578125 0.4484375 0.134375 0.4421875 0.1265625 0.434375 0.1234375 0.4296875 0.13125 0.4234375 0.1515625 0.4234375 0.159375 0.4140625 0.1953125
5 0.9578125 0.2546875 0.953125 0.253125 0.9421875 0.2734375 0.940625 0.29375 0.94375 0.3203125 0.9390625 0.3828125 0.9421875 0.390625 0.9515625 0.3921875 0.95625 0.3984375 0.9859375 0.3984375 0.9875 0.396875 0.975 0.3953125 0.9796875 0.390625 0.978125 0.3875 0.9890625 0.3875 0.9921875 0.3796875 0.996875 0.38125 0.996875 0.2265625 0.9765625 0.2421875 0.9640625 0.2640625 0.959375 0.2609375 0.9578125 0.2546875
5 0.7859375 0.43125 0.7984375 0.4234375 0.7984375 0.4140625 0.79375 0.403125 0.7953125 0.3703125 0.7921875 0.3640625 0.784375 0.3609375 0.7796875 0.3671875 0.78125 0.378125 0.7765625 0.384375 0.76875 0.365625 0.7625 0.3609375 0.75625 0.3671875 0.7578125 0.428125 0.7625 0.434375 0.7859375 0.43125
5 0.6515625 0.43125 0.6515625 0.4375 0.659375 0.45 0.6671875 0.4515625 0.68125 0.4328125 0.6953125 0.428125 0.6953125 0.425 0.690625 0.4203125 0.6734375 0.4140625 0.65625 0.421875 0.6515625 0.43125
3 0.94375 0.1734375 0.9375 0.2015625 0.940625 0.2015625 0.95 0.190625 0.9640625 0.1828125 0.9734375 0.1796875 0.9859375 0.1796875 0.9875 0.178125 0.99375 0.1796875 0.996875 0.178125 0.996875 0.171875 0.9890625 0.153125 0.984375 0.15 0.971875 0.15 0.953125 0.159375 0.94375 0.1734375
3 0.45 0.028125 0.4453125 0.046875 0.44375 0.0734375 0.440625 0.08125 0.446875 0.0875 0.4765625 0.084375 0.4828125 0.08125 0.496875 0.08125 0.5015625 0.078125 0.503125 0.0703125 0.4984375 0.03125 0.490625 0.015625 0.48125 0.009375 0.46875 0.0078125 0.4625 0.0109375 0.4546875 0.01875 0.45 0.028125
3 0.7625 0.3421875 0.7828125 0.340625 0.7640625 0.3296875 0.7625 0.3421875
3 0.6609375 0.409375 0.6609375 0.4171875 0.6703125 0.409375 0.6609375 0.409375
3 0.6390625 0.4296875 0.6375 0.44375 0.6484375 0.45 0.65 0.4328125 0.6390625 0.4296875
0 0.78125 0.503125 0.771875 0.5046875 0.7765625 0.521875 0.7828125 0.51875 0.78125 0.503125
0 0.784375 0.5 0.790625 0.515625 0.796875 0.5171875 0.79375 0.5 0.784375 0.5
0 0.69453125 0.49921875 0.0078125 0.0078125
0 0.6734375 0.4921875 0.6625 0.490625 0.6578125 0.496875 0.6734375 0.4921875
0 0.471875 0.6078125 0.471875 0.6125 0.475 0.615625 0.4921875 0.61875 0.5078125 0.60625 0.515625 0.5921875 0.5109375 0.575 0.5078125 0.571875 0.5015625 0.575 0.4875 0.575 0.4875 0.58125 0.471875 0.6078125
0 0.421875 0.646875 0.4296875 0.653125 0.4453125 0.6515625 0.4484375 0.646875 0.4546875 0.603125 0.45 0.5984375 0.4328125 0.6015625 0.43125 0.61875 0.4234375 0.6328125 0.421875 0.646875
0 0.9859375 0.603125 0.9859375 0.59375 0.98125 0.5828125 0.9671875 0.5828125 0.953125 0.5765625 0.91875 0.590625 0.9203125 0.5984375 0.9296875 0.6015625 0.9671875 0.6046875 0.9859375 0.603125
5 0.8390625 0.40625 0.8484375 0.40625 0.8421875 0.3890625 0.8390625 0.40625
2 0.4453125 0.109375 0.4484375 0.1140625 0.48125 0.1140625 0.49375 0.1046875 0.496875 0.0953125 0.4921875 0.0890625 0.4640625 0.096875 0.4484375 0.0921875 0.4453125 0.109375