3 0.301563 0.734375 0.296875 0.267188
3 0.289062 0.681250 0.260937 0.318750
3 0.529687 0.357812 0.537500 0.642188
3 0.467187 0.312500 0.473438 0.689063
5 0.682813 0.342187 0.684375 0.662500
5 0.540625 0.282813 0.554688 0.717187
5 0.362500 0.735938 0.437500 0.265625
0 0.856250 0.718750 0.854688 0.262500
0 0.860938 0.815625 0.857812 0.170313
0 0.614062 0.439063 0.612500 0.587500
0 0.631250 0.389062 0.626563 0.621875
0 0.546875 0.492188 0.542188 0.501563
0 0.562500 0.482812 0.565625 0.531250
0 0.868750 0.432813 0.884375 0.551562
0 0.848437 0.443750 0.848437 0.567187
1 0.809375 0.426562 0.789062 0.582812
0 0.554688 0.743750 0.556250 0.248438
