3 0.759375 0.729688 0.232813 0.281250
3 0.709375 0.740625 0.289062 0.276562
3 0.317187 0.406250 0.692187 0.596875
3 0.265625 0.514062 0.743750 0.481250
5 0.331250 0.295312 0.664062 0.709375
5 0.260938 0.367188 0.745313 0.643750
5 0.681250 0.550000 0.321875 0.446875
0 0.728125 0.104688 0.312500 0.885938
0 0.815625 0.104688 0.204687 0.859375
0 0.426562 0.409375 0.553125 0.603125
0 0.389062 0.395312 0.598437 0.620313
0 0.501563 0.435937 0.507812 0.562500
0 0.468750 0.434375 0.521875 0.543750
0 0.471875 0.087500 0.534375 0.917188
0 0.437500 0.187500 0.534375 0.823438
1 0.437500 0.195312 0.565625 0.809375
0 0.756250 0.426562 0.260937 0.579688
