3 0.315625 0.396875 0.3171875 0.40625 0.3203125 0.409375 0.3296875 0.4109375 0.4046875 0.4078125 0.4078125 0.403125 0.4046875 0.375 0.39375 0.3390625 0.3703125 0.315625 0.365625 0.3140625 0.35 0.315625 0.3359375 0.3265625 0.3234375 0.3453125 0.3171875 0.3765625 0.315625 0.396875
3 0.1140625 0.521875 0.1234375 0.521875 0.125 0.5234375 0.15625 0.521875 0.1609375 0.5203125 0.16875 0.5078125 0.1671875 0.5 0.1625 0.490625 0.1609375 0.478125 0.153125 0.4640625 0.140625 0.45625 0.1328125 0.45625 0.1265625 0.4609375 0.1234375 0.484375 0.1125 0.5203125 0.1140625 0.521875
3 0.2484375 0.4640625 0.2625 0.4875 0.26875 0.5046875 0.2703125 0.5046875 0.2734375 0.496875 0.2734375 0.4546875 0.2703125 0.4421875 0.2640625 0.43125 0.25625 0.4234375 0.25 0.4203125 0.2296875 0.421875 0.21875 0.4328125 0.21875 0.4375 0.228125 0.4421875 0.2484375 0.4640625
3 0.309375 0.49375 0.3171875 0.4828125 0.3171875 0.471875 0.309375 0.440625 0.2953125 0.4234375 0.2875 0.421875 0.275 0.4234375 0.26875 0.4328125 0.275 0.4546875 0.275 0.496875 0.309375 0.49375
3 0.41875 0.48125 0.41875 0.4890625 0.43125 0.503125 0.4390625 0.503125 0.44375 0.4984375 0.446875 0.4609375 0.45 0.45 0.45625 0.44375 0.4515625 0.4328125 0.4453125 0.4296875 0.428125 0.4359375 0.4203125 0.45625 0.421875 0.4765625 0.41875 0.48125
3 0.8140625 0.39375 0.821875 0.4 0.8640625 0.40625 0.8859375 0.40625 0.8890625 0.403125 0.8890625 0.3859375 0.8859375 0.371875 0.8859375 0.359375 0.8796875 0.3421875 0.871875 0.33125 0.8609375 0.3234375 0.840625 0.325 0.828125 0.3359375 0.81875 0.3546875 0.8125 0.3859375 0.8140625 0.39375
3 0.5921875 0.4703125 0.5953125 0.4734375 0.628125 0.471875 0.6390625 0.46875 0.6484375 0.46875 0.65625 0.4640625 0.6578125 0.45625 0.646875 0.415625 0.634375 0.403125 0.6203125 0.4 0.6015625 0.4171875 0.59375 0.44375 0.5921875 0.4703125
3 0.478125 0.409375 0.48125 0.4171875 0.4875 0.41875 0.4890625 0.4140625 0.4953125 0.4078125 0.5 0.40625 0.53125 0.4234375 0.5390625 0.4390625 0.54375 0.440625 0.5453125 0.4140625 0.5375 0.3921875 0.51875 0.375 0.5078125 0.3765625 0.49375 0.3890625 0.4921875 0.3953125 0.4796875 0.4046875 0.478125 0.409375
3 0.5578125 0.4328125 0.5625 0.4375 0.5953125 0.434375 0.6 0.4125 0.596875 0.4015625 0.5828125 0.3875 0.5703125 0.3921875 0.5625 0.4015625 0.5578125 0.4171875 0.5578125 0.4328125
3 0.653125 0.4296875 0.65625 0.4328125 0.68125 0.43125 0.68125 0.415625 0.671875 0.390625 0.6625 0.38125 0.6484375 0.3828125 0.6390625 0.3953125 0.6390625 0.4046875 0.6484375 0.415625 0.653125 0.4296875
3 0.909375 0.45625 0.9484375 0.446875 0.95 0.4421875 0.946875 0.425 0.9390625 0.4140625 0.9265625 0.4125 0.9125 0.425 0.9078125 0.44375 0.909375 0.45625
2 0.6078125 0.496875 0.64375 0.4921875 0.653125 0.4828125 0.653125 0.475 0.6484375 0.4703125 0.6015625 0.475 0.6 0.484375 0.6078125 0.496875