3 0.698438 0.265625 0.296875 0.267188
3 0.710938 0.318750 0.260937 0.318750
3 0.470313 0.642188 0.537500 0.642188
3 0.532813 0.687500 0.473438 0.689063
5 0.317187 0.657813 0.684375 0.662500
5 0.459375 0.717187 0.554688 0.717187
5 0.637500 0.264062 0.437500 0.265625
0 0.143750 0.281250 0.854688 0.262500
0 0.139062 0.184375 0.857812 0.170313
0 0.385938 0.560937 0.612500 0.587500
0 0.368750 0.610938 0.626563 0.621875
0 0.453125 0.507812 0.542188 0.501563
0 0.437500 0.517188 0.565625 0.531250
0 0.131250 0.567187 0.884375 0.551562
0 0.151563 0.556250 0.848437 0.567187
1 0.190625 0.573438 0.789062 0.582812
0 0.445312 0.256250 0.556250 0.248438
