3 0.729688 0.240625 0.281250 0.232813
3 0.740625 0.290625 0.276562 0.289062
3 0.406250 0.682813 0.596875 0.692187
3 0.514062 0.734375 0.481250 0.743750
5 0.295312 0.668750 0.709375 0.664062
5 0.367188 0.739062 0.643750 0.745313
5 0.550000 0.318750 0.446875 0.321875
0 0.104688 0.271875 0.885938 0.312500
0 0.104688 0.184375 0.859375 0.204687
0 0.409375 0.573438 0.603125 0.553125
0 0.395312 0.610938 0.620313 0.598437
0 0.435937 0.498437 0.562500 0.507812
0 0.434375 0.531250 0.543750 0.521875
0 0.087500 0.528125 0.917188 0.534375
0 0.187500 0.562500 0.823438 0.534375
1 0.195312 0.562500 0.809375 0.565625
0 0.426562 0.243750 0.579688 0.260937
