3 0.734375 0.698438 0.267188 0.296875
3 0.681250 0.710938 0.318750 0.260937
3 0.357812 0.470313 0.642188 0.537500
3 0.312500 0.532813 0.689063 0.473438
5 0.342187 0.317187 0.662500 0.684375
5 0.282813 0.459375 0.717187 0.554688
5 0.735938 0.637500 0.265625 0.437500
0 0.718750 0.143750 0.262500 0.854688
0 0.815625 0.139062 0.170313 0.857812
0 0.439063 0.385938 0.587500 0.612500
0 0.389062 0.368750 0.621875 0.626563
0 0.492188 0.453125 0.501563 0.542188
0 0.482812 0.437500 0.531250 0.565625
0 0.432813 0.131250 0.551562 0.884375
0 0.443750 0.151563 0.567187 0.848437
1 0.426562 0.190625 0.582812 0.789062
0 0.743750 0.445312 0.248438 0.556250
