3 0.270313 0.759375 0.281250 0.232813
3 0.259375 0.709375 0.276562 0.289062
3 0.593750 0.317187 0.596875 0.692187
3 0.485938 0.265625 0.481250 0.743750
5 0.704688 0.331250 0.709375 0.664062
5 0.632812 0.260938 0.643750 0.745313
5 0.450000 0.681250 0.446875 0.321875
0 0.895312 0.728125 0.885938 0.312500
0 0.895312 0.815625 0.859375 0.204687
0 0.590625 0.426562 0.603125 0.553125
0 0.604688 0.389062 0.620313 0.598437
0 0.564063 0.501563 0.562500 0.507812
0 0.565625 0.468750 0.543750 0.521875
0 0.912500 0.471875 0.917188 0.534375
0 0.812500 0.437500 0.823438 0.534375
1 0.804688 0.437500 0.809375 0.565625
0 0.573438 0.756250 0.579688 0.260937
