3 0.2515625 0.45625 0.24375 0.4640625 0.234375 0.484375 0.234375 0.515625 0.2375 0.528125 0.2375 0.5453125 0.240625 0.5484375 0.25 0.55 0.296875 0.5296875 0.321875 0.5109375 0.328125 0.503125 0.3296875 0.496875 0.321875 0.4875 0.3109375 0.4640625 0.29375 0.4484375 0.28125 0.4453125 0.2796875 0.446875 0.265625 0.446875 0.2515625 0.45625
3 0.54375 0.45625 0.55 0.4609375 0.5609375 0.459375 0.590625 0.478125 0.6078125 0.496875 0.6125 0.496875 0.61875 0.475 0.61875 0.4546875 0.6109375 0.434375 0.6015625 0.425 0.5953125 0.421875 0.5796875 0.4203125 0.5703125 0.4234375 0.5625 0.43125 0.55625 0.4421875 0.54375 0.4515625 0.54375 0.45625
1 0.534375 0.4921875 0.53125 0.4875 0.53125 0.4796875 0.521875 0.4578125 0.5171875 0.4546875 0.5109375 0.4546875 0.5078125 0.4609375 0.5265625 0.5046875 0.534375 0.4953125 0.534375 0.4921875
1 0.4328125 0.6765625 0.43125 0.6796875 0.4328125 0.6875 0.446875 0.7125 0.459375 0.7109375 0.478125 0.6828125 0.4734375 0.6734375 0.4765625 0.6640625 0.4734375 0.6609375 0.4671875 0.6609375 0.4625 0.6640625 0.44375 0.66875 0.4328125 0.6765625
0 0.2921875 0.9671875 0.284375 0.9765625 0.275 0.9796875 0.2453125 0.9765625 0.240625 0.9703125 0.2421875 0.95 0.2171875 0.9515625 0.2078125 0.95625 0.2 0.96875 0.1984375 0.98125 0.209375 0.996875 0.296875 0.996875 0.2921875 0.9671875
0 0.3765625 0.9359375 0.3609375 0.94375 0.3390625 0.9453125 0.3328125 0.95625 0.3375 0.96875 0.35 0.9796875 0.3625 0.98125 0.3765625 0.978125 0.3890625 0.9640625 0.40625 0.953125 0.4078125 0.95 0.40625 0.9328125 0.3984375 0.925 0.39375 0.928125 0.384375 0.9296875 0.3765625 0.9359375
0 0.5828125 0.7703125 0.5734375 0.7796875 0.5703125 0.7921875 0.5734375 0.796875 0.5875 0.8 0.6125 0.796875 0.6390625 0.7859375 0.64375 0.78125 0.6421875 0.76875 0.6359375 0.7609375 0.61875 0.765625 0.59375 0.7640625 0.5828125 0.7703125
0 0.8671875 0.7296875 0.8734375 0.721875 0.8734375 0.703125 0.8578125 0.69375 0.846875 0.690625 0.840625 0.7078125 0.8421875 0.721875 0.8515625 0.7296875 0.8671875 0.7296875
0 0.8140625 0.678125 0.81875 0.671875 0.81875 0.6546875 0.8125 0.6515625 0.790625 0.659375 0.775 0.6515625 0.7515625 0.66875 0.7515625 0.675 0.75625 0.6796875 0.7640625 0.68125 0.8140625 0.678125
1 0.875 0.4078125 0.8859375 0.4078125 0.89375 0.4 0.896875 0.38125 0.89375 0.3609375 0.878125 0.3640625 0.8609375 0.3859375 0.8609375 0.3921875 0.875 0.4078125
1 0.7828125 0.359375 0.7890625 0.371875 0.7984375 0.3625 0.7984375 0.3515625 0.7828125 0.33125 0.775 0.3296875 0.7671875 0.3359375 0.7640625 0.346875 0.778125 0.3546875 0.7828125 0.359375
3 0.8453125 0.10625 0.834375 0.1234375 0.828125 0.1453125 0.8171875 0.1578125 0.8203125 0.165625 0.8359375 0.1734375 0.8453125 0.1734375 0.8625 0.1671875 0.8890625 0.165625 0.9 0.15625 0.896875 0.1203125 0.8921875 0.109375 0.88125 0.0984375 0.878125 0.096875 0.8609375 0.096875 0.853125 0.1 0.8453125 0.10625