3 0.450000 0.754687 0.451562 0.250000
3 0.520312 0.537500 0.539062 0.462500
3 0.510938 0.593750 0.525000 0.404687
3 0.535937 0.714063 0.537500 0.312500
3 0.526563 0.957812 0.535937 0.046875
2 0.503125 0.245313 0.512500 0.754687
5 0.634375 0.262500 0.654687 0.740625
5 0.679688 0.404687 0.684375 0.595313
5 0.650000 0.853125 0.709375 0.150000
1 0.709375 0.581250 0.720313 0.410938
1 0.667188 0.692187 0.667188 0.296875
0 0.665625 0.140625 0.665625 0.890625
0 0.665625 0.228125 0.664062 0.807813
3 0.470313 0.217187 0.464062 0.776563
1 0.667188 0.701562 0.675000 0.289062
1 0.714063 0.587500 0.709375 0.412500
3 0.000000 0.257422 0.004687 0.739062
