3 0.576562 0.254688 0.390625 0.254688
3 0.454688 0.465625 0.545312 0.475000
3 0.481250 0.418750 0.529687 0.429688
3 0.489062 0.309375 0.504687 0.303125
3 0.467187 0.053125 0.498437 0.078125
2 0.485938 0.784375 0.498437 0.778125
5 0.339063 0.746875 0.660937 0.756250
5 0.310937 0.598437 0.706250 0.600000
5 0.282813 0.151562 0.715625 0.170313
1 0.262500 0.410938 0.751563 0.428125
1 0.325000 0.289062 0.703125 0.300000
0 0.339063 0.900000 0.650000 0.898438
0 0.339063 0.823438 0.653125 0.823438
3 0.539062 0.768750 0.471875 0.757812
1 0.296875 0.300000 0.710938 0.296875
1 0.300000 0.404687 0.710938 0.381250
3 1.000000 0.742578 0.004687 0.739062
