3 0.810937 0.601562 0.192188 0.403125
3 0.520312 0.543750 0.473438 0.473438
3 0.570312 0.470313 0.426563 0.504687
3 0.690625 0.489062 0.303125 0.504687
3 0.926562 0.517188 0.064062 0.482812
2 0.245313 0.496875 0.754687 0.512500
5 0.242188 0.446875 0.745313 0.559375
5 0.467187 0.420312 0.546875 0.579688
5 0.853125 0.426562 0.148438 0.615625
1 0.554688 0.246875 0.448437 0.750000
1 0.689063 0.290625 0.315625 0.703125
0 0.101562 0.350000 0.879687 0.639062
0 0.176562 0.346875 0.790625 0.637500
3 0.246875 0.498437 0.760938 0.496875
1 0.689063 0.290625 0.315625 0.703125
1 0.614062 0.243750 0.395313 0.750000
3 0.257422 1.000000 0.739062 0.004687
