3 0.745313 0.576562 0.254688 0.390625
3 0.534375 0.454688 0.475000 0.545312
3 0.581250 0.481250 0.429688 0.529687
3 0.690625 0.489062 0.303125 0.504687
3 0.946875 0.467187 0.078125 0.498437
2 0.215625 0.485938 0.778125 0.498437
5 0.253125 0.339063 0.756250 0.660937
5 0.401563 0.310937 0.600000 0.706250
5 0.848437 0.282813 0.170313 0.715625
1 0.589063 0.262500 0.428125 0.751563
1 0.710938 0.325000 0.300000 0.703125
0 0.100000 0.339063 0.898438 0.650000
0 0.176562 0.339063 0.823438 0.653125
3 0.231250 0.539062 0.757812 0.471875
1 0.700000 0.296875 0.296875 0.710938
1 0.595313 0.300000 0.381250 0.710938
3 0.257422 1.000000 0.739062 0.004687
