3 0.423438 0.745313 0.390625 0.254688
3 0.545312 0.534375 0.545312 0.475000
3 0.518750 0.581250 0.529687 0.429688
3 0.510938 0.690625 0.504687 0.303125
3 0.532813 0.946875 0.498437 0.078125
2 0.514062 0.215625 0.498437 0.778125
5 0.660937 0.253125 0.660937 0.756250
5 0.689063 0.401563 0.706250 0.600000
5 0.717187 0.848437 0.715625 0.170313
1 0.737500 0.589063 0.751563 0.428125
1 0.675000 0.710938 0.703125 0.300000
0 0.660937 0.100000 0.650000 0.898438
0 0.660937 0.176562 0.653125 0.823438
3 0.460938 0.231250 0.471875 0.757812
1 0.703125 0.700000 0.710938 0.296875
1 0.700000 0.595313 0.710938 0.381250
3 0.000000 0.257422 0.004687 0.739062
