3 0.601562 0.189062 0.403125 0.192188
3 0.543750 0.479687 0.473438 0.473438
3 0.470313 0.429688 0.504687 0.426563
3 0.489062 0.309375 0.504687 0.303125
3 0.517188 0.073438 0.482812 0.064062
2 0.496875 0.754687 0.512500 0.754687
5 0.446875 0.757812 0.559375 0.745313
5 0.420312 0.532813 0.579688 0.546875
5 0.426562 0.146875 0.615625 0.148438
1 0.246875 0.445312 0.750000 0.448437
1 0.290625 0.310937 0.703125 0.315625
0 0.350000 0.898438 0.639062 0.879687
0 0.346875 0.823438 0.637500 0.790625
3 0.498437 0.753125 0.496875 0.760938
1 0.290625 0.310937 0.703125 0.315625
1 0.243750 0.385937 0.750000 0.395313
3 1.000000 0.742578 0.004687 0.739062
