3 0.754687 0.550000 0.250000 0.451562
3 0.537500 0.479688 0.462500 0.539062
3 0.593750 0.489062 0.404687 0.525000
3 0.714063 0.464063 0.312500 0.537500
3 0.957812 0.473437 0.046875 0.535937
2 0.245313 0.496875 0.754687 0.512500
5 0.262500 0.365625 0.740625 0.654687
5 0.404687 0.320312 0.595313 0.684375
5 0.853125 0.350000 0.150000 0.709375
1 0.581250 0.290625 0.410938 0.720313
1 0.692187 0.332812 0.296875 0.667188
0 0.140625 0.334375 0.890625 0.665625
0 0.228125 0.334375 0.807813 0.664062
3 0.217187 0.529687 0.776563 0.464062
1 0.701562 0.332812 0.289062 0.675000
1 0.587500 0.285937 0.412500 0.709375
3 0.257422 1.000000 0.739062 0.004687
