3 0.398438 0.810937 0.403125 0.192188
3 0.456250 0.520312 0.473438 0.473438
3 0.529687 0.570312 0.504687 0.426563
3 0.510938 0.690625 0.504687 0.303125
3 0.482812 0.926562 0.482812 0.064062
2 0.503125 0.245313 0.512500 0.754687
5 0.553125 0.242188 0.559375 0.745313
5 0.579688 0.467187 0.579688 0.546875
5 0.573438 0.853125 0.615625 0.148438
1 0.753125 0.554688 0.750000 0.448437
1 0.709375 0.689063 0.703125 0.315625
0 0.650000 0.101562 0.639062 0.879687
0 0.653125 0.176562 0.637500 0.790625
3 0.501563 0.246875 0.496875 0.760938
1 0.709375 0.689063 0.703125 0.315625
1 0.756250 0.614062 0.750000 0.395313
3 0.000000 0.257422 0.004687 0.739062
