3 0.550000 0.245312 0.451562 0.250000
3 0.479688 0.462500 0.539062 0.462500
3 0.489062 0.406250 0.525000 0.404687
3 0.464063 0.285938 0.537500 0.312500
3 0.473437 0.042188 0.535937 0.046875
2 0.496875 0.754687 0.512500 0.754687
5 0.365625 0.737500 0.654687 0.740625
5 0.320312 0.595313 0.684375 0.595313
5 0.350000 0.146875 0.709375 0.150000
1 0.290625 0.418750 0.720313 0.410938
1 0.332812 0.307812 0.667188 0.296875
0 0.334375 0.859375 0.665625 0.890625
0 0.334375 0.771875 0.664062 0.807813
3 0.529687 0.782813 0.464062 0.776563
1 0.332812 0.298438 0.675000 0.289062
1 0.285937 0.412500 0.709375 0.412500
3 1.000000 0.742578 0.004687 0.739062
