5 0.590625 0.39375 0.5890625 0.41875 0.5859375 0.4265625 0.5859375 0.4328125 0.5765625 0.453125 0.5765625 0.45625 0.565625 0.475 0.553125 0.515625 0.5546875 0.51875 0.559375 0.5203125 0.58125 0.5203125 0.590625 0.525 0.59375 0.525 0.6125 0.534375 0.625 0.54375 0.6359375 0.5546875 0.6390625 0.5546875 0.646875 0.54375 0.6484375 0.5359375 0.6625 0.5078125 0.6625 0.5 0.665625 0.4953125 0.6625 0.4765625 0.6578125 0.4671875 0.6578125 0.446875 0.665625 0.43125 0.6703125 0.4125 0.6765625 0.4015625 0.6671875 0.3890625 0.64375 0.3703125 0.628125 0.36875 0.61875 0.365625 0.6171875 0.3671875 0.6015625 0.36875 0.596875 0.375 0.590625 0.39375
5 0.2765625 0.4171875 0.28125 0.434375 0.2734375 0.45625 0.275 0.5265625 0.28125 0.54375 0.29375 0.5546875 0.296875 0.553125 0.303125 0.5359375 0.3078125 0.4984375 0.3109375 0.490625 0.3109375 0.4828125 0.3046875 0.4796875 0.2953125 0.4703125 0.2953125 0.4640625 0.309375 0.4546875 0.31875 0.4453125 0.34375 0.44375 0.3578125 0.4359375 0.3546875 0.4140625 0.3390625 0.4125 0.3328125 0.4078125 0.3203125 0.390625 0.30625 0.3625 0.3 0.3671875 0.290625 0.38125 0.278125 0.409375 0.2765625 0.4171875
5 0.1796875 0.3671875 0.1640625 0.396875 0.1625 0.4046875 0.153125 0.421875 0.153125 0.4265625 0.159375 0.428125 0.1671875 0.434375 0.175 0.4375 0.1875 0.446875 0.203125 0.4625 0.2109375 0.4671875 0.2140625 0.4640625 0.2140625 0.45625 0.2171875 0.4515625 0.2171875 0.4421875 0.215625 0.440625 0.2171875 0.4296875 0.215625 0.428125 0.20625 0.4296875 0.1984375 0.425 0.1890625 0.40625 0.1875 0.3875 0.20625 0.35 0.2140625 0.3421875 0.225 0.340625 0.2328125 0.3484375 0.234375 0.3640625 0.2328125 0.365625 0.2328125 0.38125 0.2296875 0.390625 0.2203125 0.4015625 0.221875 0.409375 0.2296875 0.4078125 0.2359375 0.3921875 0.2375 0.3515625 0.2359375 0.35 0.2359375 0.3359375 0.23125 0.328125 0.225 0.325 0.2109375 0.325 0.1953125 0.3359375 0.1796875 0.3640625 0.1796875 0.3671875
3 0.6640625 0.378125 0.659375 0.3671875 0.65 0.3578125 0.6375 0.3546875 0.625 0.3609375 0.625 0.365625 0.64375 0.36875 0.6640625 0.384375 0.6640625 0.378125
3 0.2578125 0.3796875 0.2578125 0.384375 0.2609375 0.3875 0.28125 0.3734375 0.2859375 0.359375 0.2859375 0.35 0.28125 0.334375 0.271875 0.325 0.2609375 0.321875 0.2484375 0.328125 0.2609375 0.3515625 0.2609375 0.3734375 0.2578125 0.3796875
1 0.34375 0.4640625 0.359375 0.4640625 0.3671875 0.453125 0.36875 0.4453125 0.3578125 0.4390625 0.3453125 0.44375 0.3421875 0.446875 0.34375 0.4640625
1 0.39375 0.4609375 0.4171875 0.45625 0.390625 0.453125 0.39375 0.4609375
1 0.2234375 0.4109375 0.21875 0.4265625 0.228125 0.43125 0.2328125 0.415625 0.2234375 0.4109375
0 0.534375 0.7828125 0.5359375 0.7890625 0.5453125 0.79375 0.553125 0.79375 0.55625 0.790625 0.55625 0.765625 0.5640625 0.7390625 0.571875 0.6890625 0.571875 0.675 0.5609375 0.671875 0.5484375 0.671875 0.5453125 0.684375 0.540625 0.76875 0.534375 0.7828125
0 0.5875 0.796875 0.59375 0.79375 0.596875 0.7890625 0.5953125 0.7828125 0.596875 0.746875 0.6078125 0.7125 0.6125 0.6828125 0.6109375 0.675 0.58125 0.6765625 0.575 0.7921875 0.5796875 0.796875 0.5875 0.796875
0 0.346875 0.684375 0.3546875 0.671875 0.3546875 0.6671875 0.35 0.659375 0.3375 0.6578125 0.3296875 0.6640625 0.3265625 0.675 0.3296875 0.6796875 0.346875 0.684375
0 0.3125 0.7 0.3046875 0.6890625 0.2828125 0.696875 0.2859375 0.70625 0.29375 0.7109375 0.3125 0.709375 0.3125 0.7