3 0.3890625 0.609375 0.4046875 0.609375 0.4234375 0.603125 0.425 0.596875 0.41875 0.578125 0.4078125 0.56875 0.3984375 0.5703125 0.390625 0.58125 0.3875 0.5921875 0.3890625 0.609375
3 0.0984375 0.146875 0.1046875 0.140625 0.1078125 0.128125 0.1 0.1171875 0.0796875 0.1109375 0.0734375 0.1171875 0.071875 0.1421875 0.0765625 0.1515625 0.0984375 0.146875
3 0.1359375 0.0984375 0.1421875 0.0859375 0.1390625 0.075 0.1328125 0.06875 0.1171875 0.0671875 0.109375 0.0796875 0.109375 0.0984375 0.1140625 0.1015625 0.1359375 0.0984375
3 0.1765625 0.1109375 0.1671875 0.1015625 0.1546875 0.1015625 0.146875 0.1140625 0.1484375 0.1296875 0.175 0.13125 0.1765625 0.1109375
3 0.6140625 0.1890625 0.6203125 0.1921875 0.6359375 0.1875 0.6453125 0.171875 0.640625 0.15625 0.63125 0.15 0.6234375 0.1515625 0.61875 0.15625 0.615625 0.1640625 0.6140625 0.1890625
0 0.565625 0.340625 0.55625 0.3421875 0.55625 0.35625 0.5671875 0.359375 0.571875 0.353125 0.565625 0.340625
0 0.55 0.35 0.5484375 0.340625 0.5421875 0.3359375 0.53125 0.35 0.534375 0.359375 0.5453125 0.35625 0.55 0.35
0 0.61015625 0.36640625 0.0078125 0.0140625
0 0.6609375 0.3734375 0.6640625 0.3546875 0.6515625 0.35 0.6609375 0.3734375
3 0.4140625 0.115625 0.4296875 0.1046875 0.434375 0.09375 0.440625 0.0921875 0.440625 0.0828125 0.425 0.071875 0.415625 0.071875 0.409375 0.0796875 0.4078125 0.1015625 0.4140625 0.115625
1 0.565625 0.1921875 0.553125 0.1875 0.55 0.2140625 0.5546875 0.23125 0.5609375 0.2328125 0.565625 0.1921875
0 0.21875 0.584375 0.2296875 0.5875 0.25 0.58125 0.2546875 0.5734375 0.253125 0.565625 0.246875 0.5609375 0.234375 0.559375 0.221875 0.5625 0.21875 0.584375
0 0.1859375 0.559375 0.175 0.5609375 0.1703125 0.55625 0.165625 0.540625 0.153125 0.540625 0.15 0.5578125 0.153125 0.5703125 0.1859375 0.565625 0.1859375 0.559375
0 0.109375 0.434375 0.11875 0.44375 0.1328125 0.4390625 0.125 0.425 0.109375 0.434375
1 0.225 0.3640625 0.2265625 0.365625 0.25 0.353125 0.2578125 0.3453125 0.2625 0.3328125 0.2609375 0.325 0.2484375 0.3296875 0.240625 0.3375 0.2234375 0.346875 0.225 0.3640625
1 0.209375 0.4515625 0.2234375 0.446875 0.228125 0.4375 0.225 0.428125 0.209375 0.428125 0.1953125 0.4234375 0.196875 0.434375 0.1921875 0.440625 0.1953125 0.446875 0.209375 0.4515625
1 0.0890625 0.3171875 0.0953125 0.3125 0.0953125 0.30625 0.084375 0.2828125 0.078125 0.2828125 0.071875 0.2875 0.071875 0.3015625 0.0796875 0.3171875 0.0890625 0.3171875
1 0.1359375 0.296875 0.140625 0.2859375 0.1390625 0.271875 0.1296875 0.2609375 0.1203125 0.259375 0.11875 0.265625 0.1265625 0.29375 0.1328125 0.29375 0.1359375 0.296875
1 0.1390625 0.2453125 0.134375 0.2640625 0.14375 0.26875 0.1484375 0.246875 0.1390625 0.2453125
5 0.525 0.1484375 0.51875 0.1578125 0.5015625 0.20625 0.5 0.234375 0.5015625 0.2375 0.5125 0.2375 0.51875 0.2421875 0.528125 0.240625 0.553125 0.2265625 0.55 0.1953125 0.5515625 0.19375 0.5625 0.19375 0.5640625 0.1875 0.5625 0.1859375 0.5625 0.16875 0.559375 0.1625 0.5546875 0.140625 0.5484375 0.125 0.5421875 0.115625 0.5375 0.1171875 0.5328125 0.13125 0.5265625 0.140625 0.525 0.1484375
5 0.6359375 0.21875 0.6421875 0.2296875 0.64375 0.2375 0.640625 0.265625 0.6515625 0.2734375 0.6609375 0.259375 0.6734375 0.259375 0.678125 0.2609375 0.6828125 0.265625 0.6875 0.2796875 0.7 0.278125 0.703125 0.2671875 0.7046875 0.2484375 0.6890625 0.209375 0.68125 0.1953125 0.6734375 0.1875 0.659375 0.1796875 0.646875 0.1765625 0.6390625 0.1875 0.640625 0.2 0.6359375 0.209375 0.6359375 0.21875
5 0.0578125 0.2484375 0.06875 0.2875 0.0703125 0.2890625 0.0828125 0.28125 0.0890625 0.2875 0.096875 0.303125 0.10625 0.296875 0.1171875 0.296875 0.125 0.2921875 0.1265625 0.2890625 0.1234375 0.2828125 0.1203125 0.2609375 0.125 0.25625 0.1328125 0.2546875 0.1375 0.246875 0.1375 0.240625 0.1171875 0.215625 0.1140625 0.209375 0.1125 0.1921875 0.1078125 0.18125 0.1 0.171875 0.0890625 0.175 0.078125 0.1625 0.075 0.1625 0.0703125 0.175 0.059375 0.1921875 0.05625 0.209375 0.0578125 0.2484375
5 0.1125 0.1859375 0.115625 0.1984375 0.115625 0.2078125 0.11875 0.215625 0.140625 0.240625 0.1484375 0.2421875 0.153125 0.2375 0.153125 0.1859375 0.1484375 0.1703125 0.146875 0.1515625 0.1390625 0.13125 0.134375 0.1265625 0.128125 0.128125 0.1203125 0.1234375 0.1125 0.13125 0.103125 0.15 0.103125 0.171875 0.1125 0.1859375