3 0.390625 0.389062 0.609375 0.404687
3 0.853125 0.098437 0.140625 0.104688
3 0.901563 0.135937 0.085938 0.142187
3 0.889062 0.176563 0.101562 0.167187
3 0.810937 0.614062 0.192188 0.620313
0 0.659375 0.565625 0.342187 0.556250
0 0.650000 0.550000 0.340625 0.548438
0 0.633594 0.610156 0.014063 0.007812
0 0.626563 0.660937 0.354687 0.664062
3 0.884375 0.414062 0.104688 0.429688
1 0.807813 0.565625 0.187500 0.553125
0 0.415625 0.218750 0.587500 0.229687
0 0.440625 0.185938 0.560937 0.175000
0 0.565625 0.109375 0.443750 0.118750
1 0.635938 0.225000 0.365625 0.226562
1 0.548438 0.209375 0.446875 0.223438
1 0.682813 0.089063 0.312500 0.095312
1 0.703125 0.135937 0.285938 0.140625
1 0.754687 0.139063 0.264062 0.134375
5 0.851562 0.525000 0.157812 0.518750
5 0.781250 0.635938 0.229687 0.642188
5 0.751563 0.057813 0.287500 0.068750
5 0.814063 0.112500 0.198437 0.115625
