3 0.609375 0.610938 0.609375 0.404687
3 0.146875 0.901563 0.140625 0.104688
3 0.098437 0.864062 0.085938 0.142187
3 0.110937 0.823438 0.101562 0.167187
3 0.189062 0.385938 0.192188 0.620313
0 0.340625 0.434375 0.342187 0.556250
0 0.350000 0.450000 0.340625 0.548438
0 0.366406 0.389844 0.014063 0.007812
0 0.373437 0.339063 0.354687 0.664062
3 0.115625 0.585938 0.104688 0.429688
1 0.192188 0.434375 0.187500 0.553125
0 0.584375 0.781250 0.587500 0.229687
0 0.559375 0.814063 0.560937 0.175000
0 0.434375 0.890625 0.443750 0.118750
1 0.364063 0.775000 0.365625 0.226562
1 0.451562 0.790625 0.446875 0.223438
1 0.317188 0.910937 0.312500 0.095312
1 0.296875 0.864062 0.285938 0.140625
1 0.245312 0.860938 0.264062 0.134375
5 0.148438 0.475000 0.157812 0.518750
5 0.218750 0.364062 0.229687 0.642188
5 0.248438 0.942187 0.287500 0.068750
5 0.185938 0.887500 0.198437 0.115625
