3 0.421875 0.418750 0.568750 0.407813
3 0.889062 0.079687 0.117188 0.073438
3 0.932813 0.117188 0.079687 0.109375
3 0.870313 0.148438 0.131250 0.175000
3 0.843750 0.640625 0.150000 0.631250
0 0.646875 0.571875 0.340625 0.565625
0 0.640625 0.534375 0.356250 0.545312
0 0.633594 0.610156 0.014063 0.007812
0 0.645312 0.664062 0.350000 0.651563
3 0.917188 0.440625 0.071875 0.425000
1 0.767188 0.560937 0.192188 0.565625
0 0.434375 0.253125 0.560937 0.246875
0 0.459375 0.153125 0.557813 0.150000
0 0.565625 0.109375 0.443750 0.118750
1 0.667188 0.262500 0.325000 0.260937
1 0.571875 0.209375 0.423438 0.195312
1 0.717187 0.078125 0.287500 0.071875
1 0.740625 0.120313 0.265625 0.118750
1 0.754687 0.139063 0.264062 0.134375
5 0.762500 0.501563 0.237500 0.512500
5 0.726562 0.651563 0.259375 0.660937
5 0.712500 0.089063 0.303125 0.096875
5 0.759375 0.140625 0.242188 0.148438
