3 0.610938 0.390625 0.404687 0.609375
3 0.901563 0.853125 0.104688 0.140625
3 0.864062 0.901563 0.142187 0.085938
3 0.823438 0.889062 0.167187 0.101562
3 0.385938 0.810937 0.620313 0.192188
0 0.434375 0.659375 0.556250 0.342187
0 0.450000 0.650000 0.548438 0.340625
0 0.389844 0.633594 0.007812 0.014063
0 0.339063 0.626563 0.664062 0.354687
3 0.585938 0.884375 0.429688 0.104688
1 0.434375 0.807813 0.553125 0.187500
0 0.781250 0.415625 0.229687 0.587500
0 0.814063 0.440625 0.175000 0.560937
0 0.890625 0.565625 0.118750 0.443750
1 0.775000 0.635938 0.226562 0.365625
1 0.790625 0.548438 0.223438 0.446875
1 0.910937 0.682813 0.095312 0.312500
1 0.864062 0.703125 0.140625 0.285938
1 0.860938 0.754687 0.134375 0.264062
5 0.475000 0.851562 0.518750 0.157812
5 0.364062 0.781250 0.642188 0.229687
5 0.942187 0.751563 0.068750 0.287500
5 0.887500 0.814063 0.115625 0.198437
