3 0.581250 0.421875 0.407813 0.568750
3 0.920312 0.889062 0.073438 0.117188
3 0.882812 0.932813 0.109375 0.079687
3 0.851562 0.870313 0.175000 0.131250
3 0.359375 0.843750 0.631250 0.150000
0 0.428125 0.646875 0.565625 0.340625
0 0.465625 0.640625 0.545312 0.356250
0 0.389844 0.633594 0.007812 0.014063
0 0.335938 0.645312 0.651563 0.350000
3 0.559375 0.917188 0.425000 0.071875
1 0.439063 0.767188 0.565625 0.192188
0 0.746875 0.434375 0.246875 0.560937
0 0.846875 0.459375 0.150000 0.557813
0 0.890625 0.565625 0.118750 0.443750
1 0.737500 0.667188 0.260937 0.325000
1 0.790625 0.571875 0.195312 0.423438
1 0.921875 0.717187 0.071875 0.287500
1 0.879687 0.740625 0.118750 0.265625
1 0.860938 0.754687 0.134375 0.264062
5 0.498437 0.762500 0.512500 0.237500
5 0.348437 0.726562 0.660937 0.259375
5 0.910937 0.712500 0.096875 0.303125
5 0.859375 0.759375 0.148438 0.242188
