3 0.578125 0.581250 0.568750 0.407813
3 0.110937 0.920312 0.117188 0.073438
3 0.067187 0.882812 0.079687 0.109375
3 0.129688 0.851562 0.131250 0.175000
3 0.156250 0.359375 0.150000 0.631250
0 0.353125 0.428125 0.340625 0.565625
0 0.359375 0.465625 0.356250 0.545312
0 0.366406 0.389844 0.014063 0.007812
0 0.354687 0.335938 0.350000 0.651563
3 0.082812 0.559375 0.071875 0.425000
1 0.232813 0.439063 0.192188 0.565625
0 0.565625 0.746875 0.560937 0.246875
0 0.540625 0.846875 0.557813 0.150000
0 0.434375 0.890625 0.443750 0.118750
1 0.332813 0.737500 0.325000 0.260937
1 0.428125 0.790625 0.423438 0.195312
1 0.282813 0.921875 0.287500 0.071875
1 0.259375 0.879687 0.265625 0.118750
1 0.245312 0.860938 0.264062 0.134375
5 0.237500 0.498437 0.237500 0.512500
5 0.273438 0.348437 0.259375 0.660937
5 0.287500 0.910937 0.303125 0.096875
5 0.240625 0.859375 0.242188 0.148438
