3 0 0.32025669687499997 0.0421875 0.31875 0.04375 0.3109375 0.0328125 0.2859375 0.0140625 0.2703125 0 0.27171875 0 0.32025669687499997
3 0.103125 0.2859375 0.1 0.2921875 0.1 0.3046875 0.10625 0.315625 0.1078125 0.3265625 0.1109375 0.3328125 0.115625 0.3359375 0.1328125 0.3421875 0.1625 0.3421875 0.1703125 0.3375 0.175 0.328125 0.1859375 0.325 0.1921875 0.3171875 0.1890625 0.2734375 0.184375 0.2609375 0.1640625 0.234375 0.1546875 0.2296875 0.1390625 0.2296875 0.11875 0.24375 0.1109375 0.253125 0.1046875 0.26875 0.103125 0.2859375
2 0.6984375 0.3671875 0.734375 0.35625 0.7359375 0.353125 0.7328125 0.35 0.7015625 0.353125 0.6984375 0.35625 0.6984375 0.3671875
2 0 0.3358723953125 0.0359375 0.334375 0.0390625 0.3390625 0.0421875 0.3234375 0.0390625 0.31875 0 0.3217548078125 0 0.3358723953125
0 0.7515625 0.9125 0.75625 0.9125 0.7609375 0.921875 0.7703125 0.9 0.76875 0.884375 0.7640625 0.88125 0.75625 0.8890625 0.7453125 0.8890625 0.7375 0.88125 0.7265625 0.8796875 0.71875 0.9015625 0.7046875 0.9109375 0.7078125 0.921875 0.7265625 0.928125 0.7375 0.9265625 0.7515625 0.9125
0 0.690625 0.8828125 0.69375 0.8921875 0.7078125 0.8953125 0.71875 0.89375 0.7296875 0.878125 0.7296875 0.8625 0.7171875 0.8484375 0.709375 0.8484375 0.703125 0.8546875 0.7 0.8703125 0.690625 0.8828125
0 0.5484375 0.91875 0.5609375 0.9140625 0.578125 0.9109375 0.58125 0.9046875 0.578125 0.8984375 0.578125 0.8828125 0.575 0.8765625 0.565625 0.871875 0.55 0.8703125 0.5328125 0.90625 0.5328125 0.9140625 0.5359375 0.9171875 0.5484375 0.91875
0 0.528125 0.84375 0.5265625 0.8359375 0.50625 0.8328125 0.4953125 0.81875 0.459375 0.8375 0.459375 0.8453125 0.46875 0.85 0.521875 0.846875 0.528125 0.84375
0 0.3171875 0.840625 0.3265625 0.840625 0.3390625 0.834375 0.34375 0.828125 0.3484375 0.80625 0.321875 0.8046875 0.3125 0.821875 0.3140625 0.8375 0.3171875 0.840625
0 0.296875 0.8078125 0.275 0.8046875 0.2703125 0.8390625 0.284375 0.840625 0.2953125 0.8328125 0.296875 0.8078125
0 0.03125 0.8734375 0.0375 0.8703125 0.040625 0.865625 0.0390625 0.8515625 0.03125 0.828125 0.028125 0.825 0.01875 0.825 0.003125 0.8296875 0.0015625 0.8421875 0.00625 0.8640625 0.021875 0.8734375 0.03125 0.8734375
0 0.0625 0.815625 0.1046875 0.81875 0.1046875 0.7984375 0.1 0.7875 0.090625 0.7828125 0.078125 0.7953125 0.0625 0.796875 0.0625 0.815625
0 0.45625 0.7109375 0.434375 0.725 0.4359375 0.7390625 0.4578125 0.734375 0.45625 0.7109375