5 0.354688 0.476562 0.634375 0.531250
5 0.581250 0.518750 0.423438 0.487500
5 0.656250 0.707812 0.348438 0.296875
5 0.823438 0.696875 0.176563 0.312500
2 0.731250 0.875000 0.259375 0.121875
3 0.710938 0.835938 0.292187 0.162500
3 0.567187 0.795312 0.435937 0.201563
3 0.489062 0.826562 0.514062 0.173437
1 0.373437 0.593750 0.629687 0.429688
1 0.273438 0.404687 0.737500 0.601562
0 0.870313 0.256250 0.146875 0.740625
0 0.792188 0.282813 0.207813 0.703125
0 0.678125 0.220313 0.326562 0.795312
5 0.526563 0.687500 0.473438 0.320312
3 0.484375 0.901563 0.501563 0.115625
