5 0.339063 0.501563 0.657813 0.514062
5 0.531250 0.634375 0.453125 0.373437
5 0.639062 0.707812 0.360938 0.296875
5 0.796875 0.778125 0.198437 0.223438
2 0.720313 0.843750 0.281250 0.160938
3 0.743750 0.878125 0.264062 0.125000
3 0.601562 0.835938 0.407813 0.167187
3 0.467187 0.940625 0.523438 0.084375
1 0.364062 0.657813 0.629687 0.373437
1 0.290625 0.446875 0.709375 0.557813
0 0.853125 0.259375 0.145313 0.698438
0 0.803125 0.254687 0.210938 0.746875
0 0.671875 0.251563 0.329688 0.760938
5 0.507812 0.767188 0.492188 0.245312
3 0.495313 0.848437 0.507812 0.150000
