5 0.476562 0.645312 0.531250 0.634375
5 0.518750 0.418750 0.487500 0.423438
5 0.707812 0.343750 0.296875 0.348438
5 0.696875 0.176563 0.312500 0.176563
2 0.875000 0.268750 0.121875 0.259375
3 0.835938 0.289062 0.162500 0.292187
3 0.795312 0.432812 0.201563 0.435937
3 0.826562 0.510938 0.173437 0.514062
1 0.593750 0.626563 0.429688 0.629687
1 0.404687 0.726562 0.601562 0.737500
0 0.256250 0.129688 0.740625 0.146875
0 0.282813 0.207813 0.703125 0.207813
0 0.220313 0.321875 0.795312 0.326562
5 0.687500 0.473438 0.320312 0.473438
3 0.901563 0.515625 0.115625 0.501563
