5 0.501563 0.660937 0.514062 0.657813
5 0.634375 0.468750 0.373437 0.453125
5 0.707812 0.360938 0.296875 0.360938
5 0.778125 0.203125 0.223438 0.198437
2 0.843750 0.279687 0.160938 0.281250
3 0.878125 0.256250 0.125000 0.264062
3 0.835938 0.398438 0.167187 0.407813
3 0.940625 0.532813 0.084375 0.523438
1 0.657813 0.635938 0.373437 0.629687
1 0.446875 0.709375 0.557813 0.709375
0 0.259375 0.146875 0.698438 0.145313
0 0.254687 0.196875 0.746875 0.210938
0 0.251563 0.328125 0.760938 0.329688
5 0.767188 0.492188 0.245312 0.492188
3 0.848437 0.504687 0.150000 0.507812
