5 0.498437 0.339063 0.514062 0.657813
5 0.365625 0.531250 0.373437 0.453125
5 0.292187 0.639062 0.296875 0.360938
5 0.221875 0.796875 0.223438 0.198437
2 0.156250 0.720313 0.160938 0.281250
3 0.121875 0.743750 0.125000 0.264062
3 0.164062 0.601562 0.167187 0.407813
3 0.059375 0.467187 0.084375 0.523438
1 0.342187 0.364062 0.373437 0.629687
1 0.553125 0.290625 0.557813 0.709375
0 0.740625 0.853125 0.698438 0.145313
0 0.745313 0.803125 0.746875 0.210938
0 0.748437 0.671875 0.760938 0.329688
5 0.232813 0.507812 0.245312 0.492188
3 0.151562 0.495313 0.150000 0.507812
