5 0.523438 0.354688 0.531250 0.634375
5 0.481250 0.581250 0.487500 0.423438
5 0.292187 0.656250 0.296875 0.348438
5 0.303125 0.823438 0.312500 0.176563
2 0.125000 0.731250 0.121875 0.259375
3 0.164062 0.710938 0.162500 0.292187
3 0.204687 0.567187 0.201563 0.435937
3 0.173437 0.489062 0.173437 0.514062
1 0.406250 0.373437 0.429688 0.629687
1 0.595313 0.273438 0.601562 0.737500
0 0.743750 0.870313 0.740625 0.146875
0 0.717187 0.792188 0.703125 0.207813
0 0.779687 0.678125 0.795312 0.326562
5 0.312500 0.526563 0.320312 0.473438
3 0.098437 0.484375 0.115625 0.501563
