5 0.517188 0.846875 0.471875 0.850000
5 0.670312 0.500000 0.332813 0.495312
5 0.721875 0.259375 0.300000 0.260937
5 0.685937 0.112500 0.315625 0.117188
3 0.835938 0.148438 0.170313 0.162500
3 0.787500 0.304688 0.212500 0.309375
3 0.717187 0.521875 0.285938 0.534375
3 0.589063 0.829688 0.414062 0.826562
0 0.187500 0.789062 0.821875 0.787500
0 0.190625 0.871875 0.721875 0.876563
0 0.471875 0.542188 0.531250 0.534375
0 0.426562 0.521875 0.568750 0.535937
0 0.565625 0.148438 0.434375 0.131250
0 0.512500 0.182812 0.432812 0.184375
1 0.542188 0.543750 0.432812 0.545312
1 0.573438 0.481250 0.437500 0.470313
1 0.712500 0.340625 0.287500 0.334375
1 0.379687 0.809375 0.595313 0.812500
1 0.482812 0.820312 0.514062 0.809375
0 0.514062 0.293750 0.470313 0.295312
