5 0.482812 0.153125 0.471875 0.850000
5 0.329688 0.500000 0.332813 0.495312
5 0.278125 0.740625 0.300000 0.260937
5 0.314063 0.887500 0.315625 0.117188
3 0.164062 0.851562 0.170313 0.162500
3 0.212500 0.695312 0.212500 0.309375
3 0.282813 0.478125 0.285938 0.534375
3 0.410938 0.170312 0.414062 0.826562
0 0.812500 0.210938 0.821875 0.787500
0 0.809375 0.128125 0.721875 0.876563
0 0.528125 0.457812 0.531250 0.534375
0 0.573438 0.478125 0.568750 0.535937
0 0.434375 0.851562 0.434375 0.131250
0 0.487500 0.817187 0.432812 0.184375
1 0.457813 0.456250 0.432812 0.545312
1 0.426563 0.518750 0.437500 0.470313
1 0.287500 0.659375 0.287500 0.334375
1 0.620313 0.190625 0.595313 0.812500
1 0.517188 0.179688 0.514062 0.809375
0 0.485938 0.706250 0.470313 0.295312
