5 0.153125 0.517188 0.850000 0.471875
5 0.500000 0.670312 0.495312 0.332813
5 0.740625 0.721875 0.260937 0.300000
5 0.887500 0.685937 0.117188 0.315625
3 0.851562 0.835938 0.162500 0.170313
3 0.695312 0.787500 0.309375 0.212500
3 0.478125 0.717187 0.534375 0.285938
3 0.170312 0.589063 0.826562 0.414062
0 0.210938 0.187500 0.787500 0.821875
0 0.128125 0.190625 0.876563 0.721875
0 0.457812 0.471875 0.534375 0.531250
0 0.478125 0.426562 0.535937 0.568750
0 0.851562 0.565625 0.131250 0.434375
0 0.817187 0.512500 0.184375 0.432812
1 0.456250 0.542188 0.545312 0.432812
1 0.518750 0.573438 0.470313 0.437500
1 0.659375 0.712500 0.334375 0.287500
1 0.190625 0.379687 0.812500 0.595313
1 0.179688 0.482812 0.809375 0.514062
0 0.706250 0.514062 0.295312 0.470313
