5 0.128125 0.504687 0.871875 0.510938
5 0.500000 0.596875 0.504687 0.414062
5 0.742188 0.676562 0.273438 0.325000
5 0.859375 0.659375 0.153125 0.348438
3 0.825000 0.856250 0.167187 0.129688
3 0.689063 0.832812 0.306250 0.164062
3 0.484375 0.757812 0.507812 0.243750
3 0.125000 0.593750 0.879687 0.403125
0 0.187500 0.167188 0.842187 0.825000
0 0.140625 0.187500 0.868750 0.812500
0 0.457812 0.471875 0.534375 0.531250
0 0.484375 0.454688 0.517188 0.565625
0 0.850000 0.500000 0.148438 0.434375
0 0.829688 0.504687 0.179688 0.498437
1 0.481250 0.554688 0.526563 0.467187
1 0.518750 0.573438 0.470313 0.437500
1 0.653125 0.701562 0.340625 0.287500
1 0.195312 0.429688 0.804688 0.562500
1 0.176562 0.457812 0.820312 0.517188
0 0.704688 0.529687 0.282813 0.470313
