5 0.495312 0.128125 0.510938 0.871875
5 0.403125 0.500000 0.414062 0.504687
5 0.323437 0.742188 0.325000 0.273438
5 0.340625 0.859375 0.348438 0.153125
3 0.143750 0.825000 0.129688 0.167187
3 0.167187 0.689063 0.164062 0.306250
3 0.242188 0.484375 0.243750 0.507812
3 0.406250 0.125000 0.403125 0.879687
0 0.832812 0.187500 0.825000 0.842187
0 0.812500 0.140625 0.812500 0.868750
0 0.528125 0.457812 0.531250 0.534375
0 0.545312 0.484375 0.565625 0.517188
0 0.500000 0.850000 0.434375 0.148438
0 0.495312 0.829688 0.498437 0.179688
1 0.445312 0.481250 0.467187 0.526563
1 0.426563 0.518750 0.437500 0.470313
1 0.298438 0.653125 0.287500 0.340625
1 0.570312 0.195312 0.562500 0.804688
1 0.542188 0.176562 0.517188 0.820312
0 0.470313 0.704688 0.470313 0.282813
