5 0.504687 0.871875 0.510938 0.871875
5 0.596875 0.500000 0.414062 0.504687
5 0.676562 0.257812 0.325000 0.273438
5 0.659375 0.140625 0.348438 0.153125
3 0.856250 0.175000 0.129688 0.167187
3 0.832812 0.310937 0.164062 0.306250
3 0.757812 0.515625 0.243750 0.507812
3 0.593750 0.875000 0.403125 0.879687
0 0.167188 0.812500 0.825000 0.842187
0 0.187500 0.859375 0.812500 0.868750
0 0.471875 0.542188 0.531250 0.534375
0 0.454688 0.515625 0.565625 0.517188
0 0.500000 0.150000 0.434375 0.148438
0 0.504687 0.170313 0.498437 0.179688
1 0.554688 0.518750 0.467187 0.526563
1 0.573438 0.481250 0.437500 0.470313
1 0.701562 0.346875 0.287500 0.340625
1 0.429688 0.804688 0.562500 0.804688
1 0.457812 0.823438 0.517188 0.820312
0 0.529687 0.295312 0.470313 0.282813
