5 0.8265625 0.753125 0.8359375 0.7484375 0.840625 0.74375 0.846875 0.728125 0.846875 0.71875 0.85 0.7109375 0.85 0.6890625 0.8484375 0.6875 0.85 0.6625 0.8484375 0.6609375 0.8484375 0.646875 0.84375 0.6390625 0.840625 0.653125 0.8359375 0.6625 0.8328125 0.6828125 0.8265625 0.6984375 0.8265625 0.7046875 0.809375 0.75 0.8125 0.7546875 0.8265625 0.753125
5 0.7359375 0.459375 0.7296875 0.4625 0.7171875 0.49375 0.70625 0.5078125 0.7046875 0.5265625 0.69375 0.575 0.6890625 0.6140625 0.6859375 0.6859375 0.6875 0.7078125 0.70625 0.7078125 0.709375 0.7109375 0.7125 0.7296875 0.7171875 0.734375 0.740625 0.7453125 0.759375 0.7484375 0.7734375 0.7546875 0.778125 0.7546875 0.7828125 0.7484375 0.7953125 0.703125 0.8015625 0.6421875 0.79375 0.63125 0.7890625 0.6046875 0.790625 0.596875 0.7890625 0.5640625 0.7953125 0.5296875 0.8 0.51875 0.803125 0.49375 0.8078125 0.4875 0.815625 0.4828125 0.81875 0.4859375 0.825 0.4859375 0.834375 0.490625 0.8359375 0.5546875 0.8375 0.553125 0.840625 0.5546875 0.8421875 0.5890625 0.84375 0.590625 0.846875 0.58125 0.8453125 0.4859375 0.83125 0.4625 0.8234375 0.4578125 0.803125 0.4375 0.7984375 0.4296875 0.7875 0.4296875 0.771875 0.4453125 0.7546875 0.4671875 0.7453125 0.490625 0.7390625 0.4890625 0.7375 0.48125 0.7390625 0.4625 0.7359375 0.459375
2 0.940625 0.4078125 0.9140625 0.40625 0.915625 0.4109375 0.940625 0.4078125
2 0.771875 0.3765625 0.725 0.3734375 0.71875 0.38125 0.7109375 0.384375 0.7109375 0.390625 0.71875 0.390625 0.7234375 0.396875 0.74375 0.396875 0.759375 0.3890625 0.7875 0.390625 0.784375 0.384375 0.771875 0.3765625
2 0.5984375 0.43125 0.58125 0.4296875 0.6 0.440625 0.5984375 0.43125
0 0.653125 0.9625 0.6578125 0.95625 0.6578125 0.9453125 0.6515625 0.9375 0.646875 0.9375 0.634375 0.9296875 0.628125 0.9296875 0.60625 0.9625 0.6046875 0.978125 0.6140625 0.984375 0.625 0.984375 0.653125 0.9625
0 0.6578125 0.965625 0.6578125 0.9890625 0.6625 0.996875 0.6875 0.996875 0.690625 0.9921875 0.6875 0.946875 0.6671875 0.94375 0.6578125 0.965625
0 0.8875 0.7890625 0.8953125 0.7828125 0.89375 0.7625 0.871875 0.7640625 0.871875 0.7890625 0.8875 0.7890625
0 0.90625 0.7875 0.915625 0.7953125 0.925 0.7953125 0.928125 0.7765625 0.9140625 0.7625 0.90625 0.7734375 0.90625 0.7875
0 0.046875 0.7734375 0.0375 0.7765625 0.0390625 0.78125 0.028125 0.790625 0.028125 0.7984375 0.0421875 0.7984375 0.0640625 0.7765625 0.046875 0.7734375
0 0.0078125 0.7328125 0.0125 0.75 0.0109375 0.7640625 0.025 0.7671875 0.025 0.740625 0.01875 0.7296875 0.0109375 0.728125 0.0078125 0.7328125
2 0.8 0.4 0.803125 0.4078125 0.83125 0.4078125 0.8296875 0.4015625 0.8 0.4
0 0.590625 0.6578125 0.5890625 0.6703125 0.603125 0.675 0.6015625 0.659375 0.590625 0.6578125
0 0.565625 0.65 0.5609375 0.659375 0.5796875 0.6546875 0.565625 0.65