0 0.767188 0.889062 0.748437 0.104688
0 0.743750 0.798438 0.734375 0.196875
0 0.714063 0.729688 0.706250 0.265625
0 0.706250 0.707812 0.728125 0.289062
0 0.706250 0.643750 0.718750 0.351562
0 0.695312 0.626563 0.706250 0.378125
0 0.687500 0.351562 0.690625 0.632812
0 0.676562 0.334375 0.690625 0.662500
0 0.701562 0.289062 0.695312 0.712500
0 0.690625 0.218750 0.690625 0.773438
0 0.742188 0.167188 0.731250 0.835938
2 0.509375 0.864062 0.501563 0.134375
2 0.476562 0.709375 0.468750 0.287500
2 0.482812 0.639062 0.484375 0.379688
2 0.468750 0.537500 0.465625 0.456250
2 0.467187 0.514062 0.471875 0.485938
2 0.456250 0.371875 0.448437 0.626563
2 0.457813 0.340625 0.457813 0.678125
2 0.479687 0.260938 0.482812 0.757812
2 0.557813 0.225000 0.565625 0.771875
5 0.550000 0.875000 0.531250 0.110937
5 0.542188 0.728125 0.543750 0.276562
5 0.515625 0.634375 0.498437 0.357812
5 0.559375 0.565625 0.570312 0.434375
5 0.560937 0.401563 0.567187 0.604688
5 0.490625 0.337500 0.475000 0.660937
5 0.515625 0.260938 0.496875 0.740625
5 0.598437 0.225000 0.579688 0.770312
1 0.582812 0.856250 0.582812 0.132812
1 0.525000 0.814063 0.532813 0.173437
1 0.535937 0.717187 0.542188 0.271875
1 0.521875 0.692187 0.528125 0.301563
1 0.546094 0.563281 0.017188 0.010937
1 0.562500 0.493750 0.548438 0.510938
1 0.564063 0.403125 0.578125 0.595313
1 0.582812 0.362500 0.565625 0.637500
1 0.590625 0.304688 0.564063 0.698438
1 0.621875 0.215625 0.628125 0.771875
1 0.610938 0.200000 0.617188 0.807813
0 0.709375 0.557813 0.695312 0.443750
0 0.696875 0.550000 0.693750 0.462500
