0 0.889062 0.232812 0.104688 0.748437
0 0.798438 0.256250 0.196875 0.734375
0 0.729688 0.285937 0.265625 0.706250
0 0.707812 0.293750 0.289062 0.728125
0 0.643750 0.293750 0.351562 0.718750
0 0.626563 0.304688 0.378125 0.706250
0 0.351562 0.312500 0.632812 0.690625
0 0.334375 0.323438 0.662500 0.690625
0 0.289062 0.298438 0.712500 0.695312
0 0.218750 0.309375 0.773438 0.690625
0 0.167188 0.257812 0.835938 0.731250
2 0.864062 0.490625 0.134375 0.501563
2 0.709375 0.523438 0.287500 0.468750
2 0.639062 0.517188 0.379688 0.484375
2 0.537500 0.531250 0.456250 0.465625
2 0.514062 0.532813 0.485938 0.471875
2 0.371875 0.543750 0.626563 0.448437
2 0.340625 0.542188 0.678125 0.457813
2 0.260938 0.520312 0.757812 0.482812
2 0.225000 0.442187 0.771875 0.565625
5 0.875000 0.450000 0.110937 0.531250
5 0.728125 0.457812 0.276562 0.543750
5 0.634375 0.484375 0.357812 0.498437
5 0.565625 0.440625 0.434375 0.570312
5 0.401563 0.439063 0.604688 0.567187
5 0.337500 0.509375 0.660937 0.475000
5 0.260938 0.484375 0.740625 0.496875
5 0.225000 0.401563 0.770312 0.579688
1 0.856250 0.417188 0.132812 0.582812
1 0.814063 0.475000 0.173437 0.532813
1 0.717187 0.464063 0.271875 0.542188
1 0.692187 0.478125 0.301563 0.528125
1 0.563281 0.453906 0.010937 0.017188
1 0.493750 0.437500 0.510938 0.548438
1 0.403125 0.435937 0.595313 0.578125
1 0.362500 0.417188 0.637500 0.565625
1 0.304688 0.409375 0.698438 0.564063
1 0.215625 0.378125 0.771875 0.628125
1 0.200000 0.389062 0.807813 0.617188
0 0.557813 0.290625 0.443750 0.695312
0 0.550000 0.303125 0.462500 0.693750
