0 0.232812 0.110937 0.748437 0.104688
0 0.253125 0.195312 0.743750 0.201563
0 0.293750 0.265625 0.710938 0.254688
0 0.270312 0.296875 0.718750 0.306250
0 0.271875 0.362500 0.709375 0.367188
0 0.293750 0.401562 0.693750 0.395313
0 0.296875 0.637500 0.700000 0.646875
0 0.301562 0.671875 0.679688 0.676562
0 0.296875 0.700000 0.701562 0.710938
0 0.309375 0.773438 0.718750 0.768750
0 0.257812 0.826562 0.742188 0.832812
2 0.490625 0.135937 0.501563 0.134375
2 0.523438 0.290625 0.468750 0.287500
2 0.517188 0.360938 0.484375 0.379688
2 0.531250 0.462500 0.465625 0.456250
2 0.532813 0.485938 0.471875 0.485938
2 0.543750 0.628125 0.448437 0.626563
2 0.542188 0.659375 0.457813 0.678125
2 0.520312 0.739062 0.482812 0.757812
2 0.434375 0.771875 0.564063 0.787500
5 0.420312 0.107813 0.587500 0.114062
5 0.415625 0.253125 0.587500 0.256250
5 0.426562 0.367188 0.587500 0.375000
5 0.507812 0.464062 0.510938 0.457813
5 0.521875 0.632812 0.481250 0.629687
5 0.434375 0.675000 0.559375 0.682813
5 0.429688 0.728125 0.582812 0.731250
5 0.357812 0.768750 0.681250 0.768750
1 0.398438 0.123438 0.598437 0.140625
1 0.454688 0.175000 0.542188 0.182812
1 0.443750 0.273438 0.550000 0.282813
1 0.454688 0.303125 0.539062 0.312500
1 0.453906 0.436719 0.017188 0.010937
1 0.437500 0.506250 0.548438 0.510938
1 0.417188 0.600000 0.573438 0.607812
1 0.434375 0.637500 0.568750 0.628125
1 0.409375 0.695312 0.564063 0.698438
1 0.356250 0.770312 0.635938 0.785937
1 0.389062 0.800000 0.617188 0.807813
0 0.290625 0.442188 0.695312 0.443750
0 0.303125 0.450000 0.693750 0.462500
