0 0.768750 0.909375 0.771875 0.100000
0 0.737500 0.829688 0.745313 0.175000
0 0.729688 0.734375 0.714063 0.270313
0 0.706250 0.707812 0.728125 0.289062
0 0.706250 0.643750 0.718750 0.351562
0 0.695312 0.626563 0.706250 0.378125
0 0.687500 0.351562 0.690625 0.632812
0 0.676562 0.334375 0.690625 0.662500
0 0.690625 0.310937 0.698438 0.693750
0 0.701562 0.209375 0.690625 0.781250
0 0.712500 0.189063 0.723437 0.812500
2 0.501563 0.865625 0.504687 0.110937
2 0.468750 0.712500 0.468750 0.270313
2 0.484375 0.620313 0.478125 0.381250
2 0.465625 0.543750 0.467187 0.446875
2 0.471875 0.514062 0.468750 0.504687
2 0.448437 0.373437 0.450000 0.610938
2 0.457813 0.321875 0.453125 0.678125
2 0.482812 0.242188 0.476562 0.760938
2 0.562500 0.196875 0.557813 0.775000
5 0.545312 0.906250 0.557813 0.101562
5 0.560937 0.732812 0.560937 0.254688
5 0.523438 0.648438 0.560937 0.356250
5 0.557813 0.525000 0.495312 0.470313
5 0.562500 0.365625 0.482812 0.642188
5 0.553125 0.350000 0.564063 0.654687
5 0.514062 0.271875 0.550000 0.732812
5 0.610938 0.242188 0.635938 0.764062
1 0.582812 0.856250 0.582812 0.132812
1 0.525000 0.814063 0.532813 0.173437
1 0.535937 0.717187 0.542188 0.271875
1 0.521875 0.692187 0.528125 0.301563
1 0.546094 0.563281 0.017188 0.010937
1 0.548438 0.489062 0.545312 0.500000
1 0.564063 0.403125 0.578125 0.595313
1 0.585938 0.370313 0.582812 0.637500
1 0.564063 0.301562 0.562500 0.692187
1 0.621875 0.215625 0.628125 0.771875
1 0.617188 0.192187 0.601562 0.804688
0 0.695312 0.556250 0.693750 0.431250
0 0.693750 0.537500 0.687500 0.448437
