0 0.270312 0.265625 0.714063 0.270313
0 0.273438 0.303125 0.720313 0.306250
0 0.293750 0.356250 0.721875 0.351562
0 0.295312 0.403125 0.693750 0.395313
0 0.296875 0.637500 0.700000 0.646875
0 0.298438 0.771875 0.721875 0.768750
0 0.296875 0.815625 0.710938 0.810937
0 0.320312 0.709375 0.693750 0.710938
0 0.245313 0.089063 0.768750 0.090625
0 0.257812 0.171875 0.746875 0.178125
5 0.418750 0.135937 0.584375 0.143750
5 0.498437 0.346875 0.509375 0.346875
5 0.442187 0.475000 0.495312 0.470313
5 0.440625 0.596875 0.567187 0.604688
5 0.478125 0.646875 0.556250 0.650000
5 0.484375 0.728125 0.540625 0.732812
5 0.410937 0.757812 0.604688 0.756250
5 0.440625 0.268750 0.581250 0.267188
2 0.495313 0.112500 0.509375 0.114062
2 0.531250 0.289062 0.465625 0.273438
2 0.525000 0.378125 0.475000 0.367188
2 0.532813 0.504687 0.460938 0.489063
2 0.548438 0.629687 0.448437 0.612500
2 0.545312 0.659375 0.459375 0.660937
2 0.520312 0.750781 0.009375 0.020313
2 0.442187 0.770312 0.565625 0.792188
1 0.409375 0.125000 0.601562 0.123438
1 0.464063 0.281250 0.540625 0.271875
1 0.478125 0.307812 0.531250 0.300000
1 0.457812 0.443750 0.537500 0.431250
1 0.439063 0.510938 0.546875 0.500000
1 0.426562 0.607812 0.565625 0.596875
1 0.414062 0.629687 0.565625 0.637500
1 0.435937 0.698438 0.562500 0.692187
1 0.357812 0.781250 0.634375 0.785937
1 0.400000 0.807813 0.601562 0.800000
1 0.475000 0.185938 0.529687 0.175000
0 0.307813 0.676562 0.679688 0.676562
0 0.304688 0.689063 0.703125 0.700000
1 0.454688 0.731250 0.529687 0.728125
1 0.421875 0.768750 0.581250 0.760938
