0 0.231250 0.090625 0.771875 0.100000
0 0.262500 0.170313 0.745313 0.175000
0 0.270312 0.265625 0.714063 0.270313
0 0.293750 0.292187 0.728125 0.289062
0 0.293750 0.356250 0.718750 0.351562
0 0.304688 0.373437 0.706250 0.378125
0 0.312500 0.648438 0.690625 0.632812
0 0.323438 0.665625 0.690625 0.662500
0 0.309375 0.689063 0.698438 0.693750
0 0.298438 0.790625 0.690625 0.781250
0 0.287500 0.810937 0.723437 0.812500
2 0.498437 0.134375 0.504687 0.110937
2 0.531250 0.287500 0.468750 0.270313
2 0.515625 0.379688 0.478125 0.381250
2 0.534375 0.456250 0.467187 0.446875
2 0.528125 0.485938 0.468750 0.504687
2 0.551562 0.626563 0.450000 0.610938
2 0.542188 0.678125 0.453125 0.678125
2 0.517188 0.757812 0.476562 0.760938
2 0.437500 0.803125 0.557813 0.775000
5 0.454688 0.093750 0.557813 0.101562
5 0.439063 0.267188 0.560937 0.254688
5 0.476562 0.351562 0.560937 0.356250
5 0.442187 0.475000 0.495312 0.470313
5 0.437500 0.634375 0.482812 0.642188
5 0.446875 0.650000 0.564063 0.654687
5 0.485938 0.728125 0.550000 0.732812
5 0.389062 0.757812 0.635938 0.764062
1 0.417188 0.143750 0.582812 0.132812
1 0.475000 0.185938 0.532813 0.173437
1 0.464063 0.282813 0.542188 0.271875
1 0.478125 0.307812 0.528125 0.301563
1 0.453906 0.436719 0.017188 0.010937
1 0.451562 0.510938 0.545312 0.500000
1 0.435937 0.596875 0.578125 0.595313
1 0.414062 0.629687 0.582812 0.637500
1 0.435937 0.698438 0.562500 0.692187
1 0.378125 0.784375 0.628125 0.771875
1 0.382812 0.807813 0.601562 0.804688
0 0.304688 0.443750 0.693750 0.431250
0 0.306250 0.462500 0.687500 0.448437
