0 0.729688 0.285937 0.264062 0.704688
0 0.693750 0.279687 0.300000 0.704688
0 0.643750 0.293750 0.351562 0.721875
0 0.604688 0.306250 0.373437 0.695312
0 0.353125 0.300000 0.646875 0.679688
0 0.217187 0.276563 0.790625 0.709375
0 0.167188 0.257812 0.835938 0.739062
0 0.290625 0.320312 0.710938 0.693750
0 0.903125 0.226562 0.110937 0.765625
0 0.798438 0.256250 0.198437 0.735938
5 0.906250 0.462500 0.095312 0.548438
5 0.626563 0.476562 0.365625 0.515625
5 0.565625 0.442187 0.434375 0.570312
5 0.401563 0.489062 0.601562 0.515625
5 0.334375 0.500000 0.662500 0.490625
5 0.259375 0.503125 0.739062 0.495312
5 0.217187 0.393750 0.776563 0.600000
5 0.728125 0.459375 0.273438 0.548438
2 0.887500 0.495313 0.114062 0.509375
2 0.726562 0.534375 0.268750 0.468750
2 0.632812 0.525000 0.360938 0.479687
2 0.510938 0.539062 0.484375 0.467187
2 0.370313 0.548438 0.612500 0.448437
2 0.340625 0.545312 0.660937 0.459375
2 0.249219 0.520312 0.020313 0.009375
2 0.229688 0.442187 0.792188 0.565625
1 0.867188 0.396875 0.145313 0.593750
1 0.718750 0.464063 0.271875 0.540625
1 0.692187 0.478125 0.300000 0.531250
1 0.562500 0.443750 0.443750 0.542188
1 0.500000 0.437500 0.510938 0.560937
1 0.398438 0.417188 0.607812 0.573438
1 0.371875 0.429688 0.629687 0.585938
1 0.304688 0.407813 0.698438 0.564063
1 0.214063 0.365625 0.781250 0.620313
1 0.192187 0.400000 0.800000 0.601562
1 0.814063 0.475000 0.175000 0.529687
0 0.323438 0.320312 0.670312 0.676562
0 0.287500 0.298438 0.703125 0.679688
1 0.273438 0.456250 0.731250 0.545312
1 0.231250 0.421875 0.760938 0.581250
