0 0.734375 0.270312 0.270313 0.714063
0 0.696875 0.273438 0.306250 0.720313
0 0.643750 0.293750 0.351562 0.721875
0 0.596875 0.295312 0.395313 0.693750
0 0.362500 0.296875 0.646875 0.700000
0 0.228125 0.298438 0.768750 0.721875
0 0.184375 0.296875 0.810937 0.710938
0 0.290625 0.320312 0.710938 0.693750
0 0.910937 0.245313 0.090625 0.768750
0 0.828125 0.257812 0.178125 0.746875
5 0.864062 0.418750 0.143750 0.584375
5 0.653125 0.498437 0.346875 0.509375
5 0.525000 0.442187 0.470313 0.495312
5 0.403125 0.440625 0.604688 0.567187
5 0.353125 0.478125 0.650000 0.556250
5 0.271875 0.484375 0.732812 0.540625
5 0.242188 0.410937 0.756250 0.604688
5 0.731250 0.440625 0.267188 0.581250
2 0.887500 0.495313 0.114062 0.509375
2 0.710938 0.531250 0.273438 0.465625
2 0.621875 0.525000 0.367188 0.475000
2 0.495313 0.532813 0.489063 0.460938
2 0.370313 0.548438 0.612500 0.448437
2 0.340625 0.545312 0.660937 0.459375
2 0.249219 0.520312 0.020313 0.009375
2 0.229688 0.442187 0.792188 0.565625
1 0.875000 0.409375 0.123438 0.601562
1 0.718750 0.464063 0.271875 0.540625
1 0.692187 0.478125 0.300000 0.531250
1 0.556250 0.457812 0.431250 0.537500
1 0.489062 0.439063 0.500000 0.546875
1 0.392188 0.426562 0.596875 0.565625
1 0.370313 0.414062 0.637500 0.565625
1 0.301562 0.435937 0.692187 0.562500
1 0.218750 0.357812 0.785937 0.634375
1 0.192187 0.400000 0.800000 0.601562
1 0.814063 0.475000 0.175000 0.529687
0 0.323438 0.307813 0.676562 0.679688
0 0.310937 0.304688 0.700000 0.703125
1 0.268750 0.454688 0.728125 0.529687
1 0.231250 0.421875 0.760938 0.581250
