0 0.232812 0.110937 0.748437 0.104688
0 0.256250 0.201563 0.734375 0.196875
0 0.285937 0.270313 0.706250 0.265625
0 0.293750 0.292187 0.728125 0.289062
0 0.293750 0.356250 0.718750 0.351562
0 0.304688 0.373437 0.706250 0.378125
0 0.312500 0.648438 0.690625 0.632812
0 0.323438 0.665625 0.690625 0.662500
0 0.298438 0.710938 0.695312 0.712500
0 0.309375 0.781250 0.690625 0.773438
0 0.257812 0.832812 0.731250 0.835938
2 0.490625 0.135937 0.501563 0.134375
2 0.523438 0.290625 0.468750 0.287500
2 0.517188 0.360938 0.484375 0.379688
2 0.531250 0.462500 0.465625 0.456250
2 0.532813 0.485938 0.471875 0.485938
2 0.543750 0.628125 0.448437 0.626563
2 0.542188 0.659375 0.457813 0.678125
2 0.520312 0.739062 0.482812 0.757812
2 0.442187 0.775000 0.565625 0.771875
5 0.450000 0.125000 0.531250 0.110937
5 0.457812 0.271875 0.543750 0.276562
5 0.484375 0.365625 0.498437 0.357812
5 0.440625 0.434375 0.570312 0.434375
5 0.439063 0.598437 0.567187 0.604688
5 0.509375 0.662500 0.475000 0.660937
5 0.484375 0.739062 0.496875 0.740625
5 0.401563 0.775000 0.579688 0.770312
1 0.417188 0.143750 0.582812 0.132812
1 0.475000 0.185938 0.532813 0.173437
1 0.464063 0.282813 0.542188 0.271875
1 0.478125 0.307812 0.528125 0.301563
1 0.453906 0.436719 0.017188 0.010937
1 0.437500 0.506250 0.548438 0.510938
1 0.435937 0.596875 0.578125 0.595313
1 0.417188 0.637500 0.565625 0.637500
1 0.409375 0.695312 0.564063 0.698438
1 0.378125 0.784375 0.628125 0.771875
1 0.389062 0.800000 0.617188 0.807813
0 0.290625 0.442188 0.695312 0.443750
0 0.303125 0.450000 0.693750 0.462500
