0 0.729688 0.734375 0.714063 0.270313
0 0.726562 0.696875 0.720313 0.306250
0 0.706250 0.643750 0.721875 0.351562
0 0.704688 0.596875 0.693750 0.395313
0 0.703125 0.362500 0.700000 0.646875
0 0.701562 0.228125 0.721875 0.768750
0 0.703125 0.184375 0.710938 0.810937
0 0.679688 0.290625 0.693750 0.710938
0 0.754687 0.910937 0.768750 0.090625
0 0.742188 0.828125 0.746875 0.178125
5 0.581250 0.864062 0.584375 0.143750
5 0.501563 0.653125 0.509375 0.346875
5 0.557813 0.525000 0.495312 0.470313
5 0.559375 0.403125 0.567187 0.604688
5 0.521875 0.353125 0.556250 0.650000
5 0.515625 0.271875 0.540625 0.732812
5 0.589063 0.242188 0.604688 0.756250
5 0.559375 0.731250 0.581250 0.267188
2 0.504687 0.887500 0.509375 0.114062
2 0.468750 0.710938 0.465625 0.273438
2 0.475000 0.621875 0.475000 0.367188
2 0.467187 0.495313 0.460938 0.489063
2 0.451562 0.370313 0.448437 0.612500
2 0.454688 0.340625 0.459375 0.660937
2 0.479687 0.249219 0.009375 0.020313
2 0.557813 0.229688 0.565625 0.792188
1 0.590625 0.875000 0.601562 0.123438
1 0.535937 0.718750 0.540625 0.271875
1 0.521875 0.692187 0.531250 0.300000
1 0.542188 0.556250 0.537500 0.431250
1 0.560937 0.489062 0.546875 0.500000
1 0.573438 0.392188 0.565625 0.596875
1 0.585938 0.370313 0.565625 0.637500
1 0.564063 0.301562 0.562500 0.692187
1 0.642188 0.218750 0.634375 0.785937
1 0.600000 0.192187 0.601562 0.800000
1 0.525000 0.814063 0.529687 0.175000
0 0.692187 0.323438 0.679688 0.676562
0 0.695312 0.310937 0.703125 0.700000
1 0.545312 0.268750 0.529687 0.728125
1 0.578125 0.231250 0.581250 0.760938
