0 0.285937 0.270313 0.704688 0.264062
0 0.279687 0.306250 0.704688 0.300000
0 0.293750 0.356250 0.721875 0.351562
0 0.306250 0.395313 0.695312 0.373437
0 0.300000 0.646875 0.679688 0.646875
0 0.276563 0.782813 0.709375 0.790625
0 0.257812 0.832812 0.739062 0.835938
0 0.320312 0.709375 0.693750 0.710938
0 0.226562 0.096875 0.765625 0.110937
0 0.256250 0.201563 0.735938 0.198437
5 0.462500 0.093750 0.548438 0.095312
5 0.476562 0.373437 0.515625 0.365625
5 0.442187 0.434375 0.570312 0.434375
5 0.489062 0.598437 0.515625 0.601562
5 0.500000 0.665625 0.490625 0.662500
5 0.503125 0.740625 0.495312 0.739062
5 0.393750 0.782813 0.600000 0.776563
5 0.459375 0.271875 0.548438 0.273438
2 0.495313 0.112500 0.509375 0.114062
2 0.534375 0.273438 0.468750 0.268750
2 0.525000 0.367188 0.479687 0.360938
2 0.539062 0.489063 0.467187 0.484375
2 0.548438 0.629687 0.448437 0.612500
2 0.545312 0.659375 0.459375 0.660937
2 0.520312 0.750781 0.009375 0.020313
2 0.442187 0.770312 0.565625 0.792188
1 0.396875 0.132812 0.593750 0.145313
1 0.464063 0.281250 0.540625 0.271875
1 0.478125 0.307812 0.531250 0.300000
1 0.443750 0.437500 0.542188 0.443750
1 0.437500 0.500000 0.560937 0.510938
1 0.417188 0.601562 0.573438 0.607812
1 0.429688 0.628125 0.585938 0.629687
1 0.407813 0.695312 0.564063 0.698438
1 0.365625 0.785937 0.620313 0.781250
1 0.400000 0.807813 0.601562 0.800000
1 0.475000 0.185938 0.529687 0.175000
0 0.320312 0.676562 0.676562 0.670312
0 0.298438 0.712500 0.679688 0.703125
1 0.456250 0.726562 0.545312 0.731250
1 0.421875 0.768750 0.581250 0.760938
