0 0.889062 0.232812 0.104688 0.748437
0 0.804688 0.253125 0.201563 0.743750
0 0.734375 0.293750 0.254688 0.710938
0 0.703125 0.270312 0.306250 0.718750
0 0.637500 0.271875 0.367188 0.709375
0 0.598437 0.293750 0.395313 0.693750
0 0.362500 0.296875 0.646875 0.700000
0 0.328125 0.301562 0.676562 0.679688
0 0.300000 0.296875 0.710938 0.701562
0 0.226562 0.309375 0.768750 0.718750
0 0.173438 0.257812 0.832812 0.742188
2 0.864062 0.490625 0.134375 0.501563
2 0.709375 0.523438 0.287500 0.468750
2 0.639062 0.517188 0.379688 0.484375
2 0.537500 0.531250 0.456250 0.465625
2 0.514062 0.532813 0.485938 0.471875
2 0.371875 0.543750 0.626563 0.448437
2 0.340625 0.542188 0.678125 0.457813
2 0.260938 0.520312 0.757812 0.482812
2 0.228125 0.434375 0.787500 0.564063
5 0.892188 0.420312 0.114062 0.587500
5 0.746875 0.415625 0.256250 0.587500
5 0.632812 0.426562 0.375000 0.587500
5 0.535937 0.507812 0.457813 0.510938
5 0.367188 0.521875 0.629687 0.481250
5 0.325000 0.434375 0.682813 0.559375
5 0.271875 0.429688 0.731250 0.582812
5 0.231250 0.357812 0.768750 0.681250
1 0.876563 0.398438 0.140625 0.598437
1 0.825000 0.454688 0.182812 0.542188
1 0.726562 0.443750 0.282813 0.550000
1 0.696875 0.454688 0.312500 0.539062
1 0.563281 0.453906 0.010937 0.017188
1 0.493750 0.437500 0.510938 0.548438
1 0.400000 0.417188 0.607812 0.573438
1 0.362500 0.434375 0.628125 0.568750
1 0.304688 0.409375 0.698438 0.564063
1 0.229688 0.356250 0.785937 0.635938
1 0.200000 0.389062 0.807813 0.617188
0 0.557813 0.290625 0.443750 0.695312
0 0.550000 0.303125 0.462500 0.693750
