0 0.714063 0.729688 0.704688 0.264062
0 0.720313 0.693750 0.704688 0.300000
0 0.706250 0.643750 0.721875 0.351562
0 0.693750 0.604688 0.695312 0.373437
0 0.700000 0.353125 0.679688 0.646875
0 0.723437 0.217187 0.709375 0.790625
0 0.742188 0.167188 0.739062 0.835938
0 0.679688 0.290625 0.693750 0.710938
0 0.773438 0.903125 0.765625 0.110937
0 0.743750 0.798438 0.735938 0.198437
5 0.537500 0.906250 0.548438 0.095312
5 0.523438 0.626563 0.515625 0.365625
5 0.557813 0.565625 0.570312 0.434375
5 0.510938 0.401563 0.515625 0.601562
5 0.500000 0.334375 0.490625 0.662500
5 0.496875 0.259375 0.495312 0.739062
5 0.606250 0.217187 0.600000 0.776563
5 0.540625 0.728125 0.548438 0.273438
2 0.504687 0.887500 0.509375 0.114062
2 0.465625 0.726562 0.468750 0.268750
2 0.475000 0.632812 0.479687 0.360938
2 0.460938 0.510938 0.467187 0.484375
2 0.451562 0.370313 0.448437 0.612500
2 0.454688 0.340625 0.459375 0.660937
2 0.479687 0.249219 0.009375 0.020313
2 0.557813 0.229688 0.565625 0.792188
1 0.603125 0.867188 0.593750 0.145313
1 0.535937 0.718750 0.540625 0.271875
1 0.521875 0.692187 0.531250 0.300000
1 0.556250 0.562500 0.542188 0.443750
1 0.562500 0.500000 0.560937 0.510938
1 0.582812 0.398438 0.573438 0.607812
1 0.570312 0.371875 0.585938 0.629687
1 0.592187 0.304688 0.564063 0.698438
1 0.634375 0.214063 0.620313 0.781250
1 0.600000 0.192187 0.601562 0.800000
1 0.525000 0.814063 0.529687 0.175000
0 0.679688 0.323438 0.676562 0.670312
0 0.701562 0.287500 0.679688 0.703125
1 0.543750 0.273438 0.545312 0.731250
1 0.578125 0.231250 0.581250 0.760938
