0 0.767188 0.889062 0.748437 0.104688
0 0.746875 0.804688 0.743750 0.201563
0 0.706250 0.734375 0.710938 0.254688
0 0.729688 0.703125 0.718750 0.306250
0 0.728125 0.637500 0.709375 0.367188
0 0.706250 0.598437 0.693750 0.395313
0 0.703125 0.362500 0.700000 0.646875
0 0.698438 0.328125 0.679688 0.676562
0 0.703125 0.300000 0.701562 0.710938
0 0.690625 0.226562 0.718750 0.768750
0 0.742188 0.173438 0.742188 0.832812
2 0.509375 0.864062 0.501563 0.134375
2 0.476562 0.709375 0.468750 0.287500
2 0.482812 0.639062 0.484375 0.379688
2 0.468750 0.537500 0.465625 0.456250
2 0.467187 0.514062 0.471875 0.485938
2 0.456250 0.371875 0.448437 0.626563
2 0.457813 0.340625 0.457813 0.678125
2 0.479687 0.260938 0.482812 0.757812
2 0.565625 0.228125 0.564063 0.787500
5 0.579688 0.892188 0.587500 0.114062
5 0.584375 0.746875 0.587500 0.256250
5 0.573438 0.632812 0.587500 0.375000
5 0.492188 0.535937 0.510938 0.457813
5 0.478125 0.367188 0.481250 0.629687
5 0.565625 0.325000 0.559375 0.682813
5 0.570312 0.271875 0.582812 0.731250
5 0.642188 0.231250 0.681250 0.768750
1 0.601562 0.876563 0.598437 0.140625
1 0.545312 0.825000 0.542188 0.182812
1 0.556250 0.726562 0.550000 0.282813
1 0.545312 0.696875 0.539062 0.312500
1 0.546094 0.563281 0.017188 0.010937
1 0.562500 0.493750 0.548438 0.510938
1 0.582812 0.400000 0.573438 0.607812
1 0.565625 0.362500 0.568750 0.628125
1 0.590625 0.304688 0.564063 0.698438
1 0.643750 0.229688 0.635938 0.785937
1 0.610938 0.200000 0.617188 0.807813
0 0.709375 0.557813 0.695312 0.443750
0 0.696875 0.550000 0.693750 0.462500
