0 0.909375 0.231250 0.100000 0.771875
0 0.829688 0.262500 0.175000 0.745313
0 0.734375 0.270312 0.270313 0.714063
0 0.707812 0.293750 0.289062 0.728125
0 0.643750 0.293750 0.351562 0.718750
0 0.626563 0.304688 0.378125 0.706250
0 0.351562 0.312500 0.632812 0.690625
0 0.334375 0.323438 0.662500 0.690625
0 0.310937 0.309375 0.693750 0.698438
0 0.209375 0.298438 0.781250 0.690625
0 0.189063 0.287500 0.812500 0.723437
2 0.865625 0.498437 0.110937 0.504687
2 0.712500 0.531250 0.270313 0.468750
2 0.620313 0.515625 0.381250 0.478125
2 0.543750 0.534375 0.446875 0.467187
2 0.514062 0.528125 0.504687 0.468750
2 0.373437 0.551562 0.610938 0.450000
2 0.321875 0.542188 0.678125 0.453125
2 0.242188 0.517188 0.760938 0.476562
2 0.196875 0.437500 0.775000 0.557813
5 0.906250 0.454688 0.101562 0.557813
5 0.732812 0.439063 0.254688 0.560937
5 0.648438 0.476562 0.356250 0.560937
5 0.525000 0.442187 0.470313 0.495312
5 0.365625 0.437500 0.642188 0.482812
5 0.350000 0.446875 0.654687 0.564063
5 0.271875 0.485938 0.732812 0.550000
5 0.242188 0.389062 0.764062 0.635938
1 0.856250 0.417188 0.132812 0.582812
1 0.814063 0.475000 0.173437 0.532813
1 0.717187 0.464063 0.271875 0.542188
1 0.692187 0.478125 0.301563 0.528125
1 0.563281 0.453906 0.010937 0.017188
1 0.489062 0.451562 0.500000 0.545312
1 0.403125 0.435937 0.595313 0.578125
1 0.370313 0.414062 0.637500 0.582812
1 0.301562 0.435937 0.692187 0.562500
1 0.215625 0.378125 0.771875 0.628125
1 0.192187 0.382812 0.804688 0.601562
0 0.556250 0.304688 0.431250 0.693750
0 0.537500 0.306250 0.448437 0.687500
