3 0.804167 0.721875 0.198611 0.737500
3 0.755556 0.325781 0.250000 0.327344
3 0.715278 0.510156 0.295833 0.507031
5 0.704167 0.103125 0.315278 0.101562
5 0.681944 0.290625 0.406944 0.289062
5 0.633333 0.074219 0.388889 0.057813
5 0.690278 0.671875 0.329167 0.671094
5 0.550000 0.219531 0.456944 0.217969
5 0.527778 0.638281 0.494444 0.638281
5 0.465278 0.390625 0.552778 0.394531
5 0.534722 0.271875 0.483333 0.272656
5 0.522222 0.776563 0.479167 0.775781
5 0.504167 0.447656 0.522222 0.445312
5 0.490278 0.477344 0.520833 0.477344
5 0.500000 0.564844 0.506944 0.562500
1 0.394444 0.067187 0.609722 0.074219
1 0.397222 0.231250 0.584722 0.238281
1 0.397222 0.632812 0.631944 0.630469
1 0.351389 0.761719 0.672222 0.761719
5 0.531944 0.917969 0.480556 0.918750
5 0.377778 0.885156 0.630556 0.884375
3 0.858333 0.149219 0.148611 0.151562
