3 0.686111 0.500781 0.316667 0.503906
2 0.638889 0.485156 0.368056 0.494531
3 0.645833 0.733594 0.345833 0.732812
3 0.616667 0.977344 0.368056 0.969531
3 0.572222 0.328125 0.430556 0.332813
3 0.569444 0.450000 0.412500 0.451562
3 0.566667 0.574219 0.447222 0.574219
5 0.486111 0.685156 0.543056 0.684375
5 0.495833 0.343750 0.505556 0.341406
5 0.369444 0.610156 0.627778 0.611719
2 0.420833 0.679688 0.579167 0.672656
1 0.419444 0.746094 0.595833 0.742969
5 0.398611 0.910937 0.634722 0.910937
5 0.511111 0.488281 0.497222 0.483594
1 0.375000 0.296875 0.626389 0.295312
1 0.252778 0.883594 0.750000 0.880469
