2 0.166667 0.790625 0.162500 0.213281
3 0.251389 0.662500 0.250000 0.348438
3 0.223611 0.307813 0.230556 0.697656
3 0.297222 0.563281 0.295833 0.452344
3 0.316667 0.414062 0.287500 0.585938
3 0.386111 0.102344 0.381944 0.901563
5 0.347222 0.873437 0.362500 0.126562
5 0.306944 0.718750 0.312500 0.281250
5 0.405556 0.336719 0.434722 0.660156
5 0.433333 0.601562 0.438889 0.398438
5 0.458333 0.500000 0.473611 0.495312
1 0.490278 0.746875 0.513889 0.252344
1 0.484722 0.347656 0.481944 0.650781
1 0.518056 0.254687 0.516667 0.746094
5 0.556944 0.166406 0.563889 0.834375
1 0.666667 0.175781 0.662500 0.820312
3 0.126389 0.777344 0.123611 0.222656
