1 0.301389 0.685156 0.288889 0.311719
3 0.327778 0.600781 0.326389 0.402344
3 0.315278 0.767969 0.320833 0.225781
3 0.359722 0.651563 0.355556 0.352344
1 0.355556 0.777344 0.341667 0.225781
5 0.333333 0.712500 0.343056 0.276562
1 0.362500 0.357031 0.355556 0.633594
1 0.391667 0.308594 0.393056 0.692969
5 0.366667 0.822656 0.384722 0.176563
5 0.405556 0.659375 0.406944 0.346875
1 0.391667 0.627344 0.384722 0.367969
3 0.405556 0.320312 0.391667 0.678125
5 0.379167 0.530469 0.391667 0.473438
3 0.404167 0.527344 0.390278 0.471875
3 0.420833 0.489062 0.426389 0.513281
5 0.400000 0.398438 0.413889 0.601562
5 0.454167 0.309375 0.461111 0.695312
5 0.443056 0.467187 0.447222 0.533594
5 0.493056 0.685156 0.494444 0.316406
5 0.465278 0.482812 0.456944 0.521094
5 0.459722 0.455469 0.452778 0.536719
5 0.398611 0.760156 0.402778 0.235937
5 0.497222 0.537500 0.520833 0.466406
5 0.483333 0.371094 0.479167 0.622656
5 0.548611 0.640625 0.579167 0.355469
