3 0.806944 0.772656 0.183333 0.776563
3 0.711111 0.340625 0.293056 0.343750
3 0.684722 0.507031 0.323611 0.509375
5 0.640278 0.107813 0.393056 0.108594
5 0.570833 0.292187 0.441667 0.293750
5 0.544444 0.042188 0.473611 0.039844
5 0.636111 0.675000 0.381944 0.675000
5 0.483333 0.224219 0.541667 0.224219
5 0.488889 0.628125 0.527778 0.625781
5 0.423611 0.395313 0.580556 0.400000
5 0.465278 0.263281 0.541667 0.262500
5 0.502778 0.775781 0.515278 0.775781
5 0.430556 0.434375 0.570833 0.433594
5 0.411111 0.487500 0.595833 0.487500
5 0.473611 0.559375 0.538889 0.556250
1 0.409722 0.081250 0.583333 0.080469
1 0.450000 0.225781 0.591667 0.224219
1 0.329167 0.643750 0.670833 0.646094
1 0.290278 0.762500 0.709722 0.767969
5 0.481944 0.928906 0.534722 0.932031
5 0.343056 0.876563 0.662500 0.874219
3 0.822222 0.170313 0.187500 0.177344
