5 0.417187 0.750000 0.406250 0.270313
5 0.290625 0.614062 0.285938 0.381250
5 0.398438 0.546875 0.367188 0.448437
5 0.404687 0.523438 0.425000 0.475000
5 0.381250 0.473437 0.382812 0.535937
5 0.318750 0.412500 0.362500 0.585938
0 0.595313 0.375000 0.596875 0.632812
0 0.523438 0.412500 0.529687 0.584375
0 0.545312 0.443750 0.554688 0.550000
0 0.540625 0.481250 0.546875 0.518750
0 0.535937 0.490625 0.510938 0.515625
0 0.534375 0.525000 0.528125 0.484375
0 0.520312 0.559375 0.545312 0.437500
0 0.518750 0.575000 0.520312 0.418750
0 0.550000 0.651563 0.554688 0.356250
0 0.589063 0.709375 0.575000 0.282813
0 0.575000 0.770312 0.576562 0.223438
2 0.240625 0.735938 0.229687 0.268750
3 0.204687 0.756250 0.223438 0.242188
3 0.237500 0.637500 0.262500 0.367188
3 0.290625 0.575000 0.295312 0.440625
3 0.300000 0.492188 0.273438 0.504687
3 0.204687 0.453125 0.207813 0.539062
3 0.237500 0.392188 0.265625 0.596875
1 0.459375 0.364062 0.446875 0.640625
1 0.414062 0.437500 0.387500 0.557813
1 0.381250 0.478125 0.409375 0.517188
1 0.398438 0.582812 0.401562 0.414062
1 0.390625 0.659375 0.403125 0.339062
1 0.395313 0.609375 0.396875 0.385937
