3 0.499219 0.686111 0.503906 0.316667
2 0.514844 0.638889 0.494531 0.368056
3 0.266406 0.645833 0.732812 0.345833
3 0.022656 0.616667 0.969531 0.368056
3 0.671875 0.572222 0.332813 0.430556
3 0.550000 0.569444 0.451562 0.412500
3 0.425781 0.566667 0.574219 0.447222
5 0.314844 0.486111 0.684375 0.543056
5 0.656250 0.495833 0.341406 0.505556
5 0.389844 0.369444 0.611719 0.627778
2 0.320312 0.420833 0.672656 0.579167
1 0.253906 0.419444 0.742969 0.595833
5 0.089063 0.398611 0.910937 0.634722
5 0.511719 0.511111 0.483594 0.497222
1 0.703125 0.375000 0.295312 0.626389
1 0.116406 0.252778 0.880469 0.750000
