5 0.356250 0.770312 0.370312 0.226562
5 0.404687 0.651563 0.407813 0.382812
5 0.396875 0.582812 0.406250 0.421875
5 0.325000 0.512500 0.328125 0.481250
5 0.292187 0.470313 0.342187 0.526563
5 0.325000 0.396875 0.312500 0.604688
0 0.528125 0.359375 0.523438 0.637500
0 0.593750 0.415625 0.592187 0.596875
0 0.560937 0.446875 0.556250 0.570312
0 0.548438 0.468750 0.545312 0.539062
0 0.512500 0.493750 0.535937 0.509375
0 0.528125 0.515625 0.507812 0.484375
0 0.520312 0.559375 0.545312 0.437500
0 0.518750 0.575000 0.520312 0.418750
0 0.503125 0.643750 0.504687 0.346875
0 0.575000 0.717187 0.576562 0.271875
0 0.596875 0.778125 0.595313 0.231250
2 0.223438 0.734375 0.220312 0.257812
3 0.225000 0.731250 0.201563 0.265625
3 0.262500 0.615625 0.231250 0.382812
3 0.264062 0.556250 0.254688 0.437500
3 0.273438 0.495313 0.271875 0.498437
3 0.242188 0.464063 0.239063 0.548438
3 0.278125 0.385938 0.270313 0.623437
1 0.446875 0.359375 0.445312 0.629687
1 0.400000 0.446875 0.414062 0.562500
1 0.381250 0.478125 0.409375 0.517188
1 0.398438 0.582812 0.401562 0.414062
1 0.390625 0.659375 0.403125 0.339062
1 0.395313 0.609375 0.396875 0.385937
