3 0.313889 0.499219 0.316667 0.503906
2 0.361111 0.514844 0.368056 0.494531
3 0.354167 0.266406 0.345833 0.732812
3 0.383333 0.022656 0.368056 0.969531
3 0.427778 0.671875 0.430556 0.332813
3 0.430556 0.550000 0.412500 0.451562
3 0.433333 0.425781 0.447222 0.574219
5 0.513889 0.314844 0.543056 0.684375
5 0.504167 0.656250 0.505556 0.341406
5 0.630556 0.389844 0.627778 0.611719
2 0.579167 0.320312 0.579167 0.672656
1 0.580556 0.253906 0.595833 0.742969
5 0.601389 0.089063 0.634722 0.910937
5 0.488889 0.511719 0.497222 0.483594
1 0.625000 0.703125 0.626389 0.295312
1 0.747222 0.116406 0.750000 0.880469
