3 0.278125 0.804167 0.737500 0.198611
3 0.674219 0.755556 0.327344 0.250000
3 0.489844 0.715278 0.507031 0.295833
5 0.896875 0.704167 0.101562 0.315278
5 0.709375 0.681944 0.289062 0.406944
5 0.925781 0.633333 0.057813 0.388889
5 0.328125 0.690278 0.671094 0.329167
5 0.780469 0.550000 0.217969 0.456944
5 0.361719 0.527778 0.638281 0.494444
5 0.609375 0.465278 0.394531 0.552778
5 0.728125 0.534722 0.272656 0.483333
5 0.223437 0.522222 0.775781 0.479167
5 0.552344 0.504167 0.445312 0.522222
5 0.522656 0.490278 0.477344 0.520833
5 0.435156 0.500000 0.562500 0.506944
1 0.932813 0.394444 0.074219 0.609722
1 0.768750 0.397222 0.238281 0.584722
1 0.367188 0.397222 0.630469 0.631944
1 0.238281 0.351389 0.761719 0.672222
5 0.082031 0.531944 0.918750 0.480556
5 0.114844 0.377778 0.884375 0.630556
3 0.850781 0.858333 0.151562 0.148611
