5 0.643750 0.229687 0.370312 0.226562
5 0.595313 0.348438 0.407813 0.382812
5 0.603125 0.417187 0.406250 0.421875
5 0.675000 0.487500 0.328125 0.481250
5 0.707812 0.529687 0.342187 0.526563
5 0.675000 0.603125 0.312500 0.604688
0 0.471875 0.640625 0.523438 0.637500
0 0.406250 0.584375 0.592187 0.596875
0 0.439063 0.553125 0.556250 0.570312
0 0.451562 0.531250 0.545312 0.539062
0 0.487500 0.506250 0.535937 0.509375
0 0.471875 0.484375 0.507812 0.484375
0 0.479688 0.440625 0.545312 0.437500
0 0.481250 0.425000 0.520312 0.418750
0 0.496875 0.356250 0.504687 0.346875
0 0.425000 0.282813 0.576562 0.271875
0 0.403125 0.221875 0.595313 0.231250
2 0.776563 0.265625 0.220312 0.257812
3 0.775000 0.268750 0.201563 0.265625
3 0.737500 0.384375 0.231250 0.382812
3 0.735938 0.443750 0.254688 0.437500
3 0.726562 0.504687 0.271875 0.498437
3 0.757812 0.535937 0.239063 0.548438
3 0.721875 0.614062 0.270313 0.623437
1 0.553125 0.640625 0.445312 0.629687
1 0.600000 0.553125 0.414062 0.562500
1 0.618750 0.521875 0.409375 0.517188
1 0.601562 0.417187 0.401562 0.414062
1 0.609375 0.340625 0.403125 0.339062
1 0.604688 0.390625 0.396875 0.385937
