1 0.30234375 0.3125 0.30859375 0.32083333281250004 0.31484375 0.3013888890625 0.31171875 0.2888888890625 0.30546875 0.2875 0.30234375 0.2986111109375 0.30234375 0.3125
3 0.42578125 0.3416666671875 0.4265625 0.3611111109375 0.43046875 0.3611111109375 0.43359375 0.352777778125 0.4328125 0.3291666671875 0.42890625 0.3083333328125 0.4234375 0.3013888890625 0.4109375 0.3 0.40234375 0.30555555624999997 0.39140625 0.33055555625 0.390625 0.34027777812500004 0.3921875 0.3416666671875 0.3953125 0.3333333328125 0.39921875 0.32777777812500003 0.40234375 0.3263888890625 0.41171875 0.32777777812500003 0.42265625 0.3361111109375 0.42578125 0.3416666671875
3 0.2125 0.3416666671875 0.21171875 0.34861111093749997 0.21640625 0.352777778125 0.23125 0.3513888890625 0.246875 0.35555555625 0.2484375 0.3513888890625 0.2484375 0.3416666671875 0.246875 0.33055555625 0.2421875 0.31944444375000003 0.23671875 0.315277778125 0.23203125 0.315277778125 0.22578125 0.32083333281250004 0.2234375 0.33055555625 0.2203125 0.3361111109375 0.2125 0.3416666671875
3 0.3453125 0.3263888890625 0.3359375 0.32777777812500003 0.3328125 0.33055555625 0.328125 0.3416666671875 0.32734375 0.35 0.33125 0.3583333328125 0.3421875 0.35555555625 0.3484375 0.35972222187499997 0.35234375 0.35555555625 0.353125 0.35 0.35078125 0.3361111109375 0.3453125 0.3263888890625
1 0.2109375 0.34861111093749997 0.21328125 0.3541666671875 0.22265625 0.35555555625 0.22578125 0.3416666671875 0.22265625 0.3333333328125 0.21171875 0.34027777812500004 0.2109375 0.34861111093749997
5 0.2640625 0.375 0.26953125 0.384722221875 0.27109375 0.3916666671875 0.2765625 0.39444444375 0.28046875 0.39444444375 0.28125 0.3958333328125 0.2859375 0.3958333328125 0.2921875 0.39027777812500003 0.29921875 0.3763888890625 0.30703125 0.34722222187499996 0.30703125 0.3416666671875 0.3078125 0.34027777812500004 0.3078125 0.3291666671875 0.30703125 0.325 0.3015625 0.3138888890625 0.29765625 0.3138888890625 0.29453125 0.3166666671875 0.29140625 0.3263888890625 0.2875 0.3333333328125 0.2765625 0.34305555625 0.26640625 0.35555555625 0.2640625 0.3638888890625 0.2640625 0.375
1 0.6421875 0.375 0.64296875 0.3625 0.63359375 0.35555555625 0.63046875 0.36944444375 0.6375 0.377777778125 0.6421875 0.375
1 0.69375 0.3638888890625 0.690625 0.35555555625 0.6765625 0.35555555625 0.6734375 0.3611111109375 0.67578125 0.36944444375 0.6875 0.38055555625 0.68984375 0.384722221875 0.69140625 0.3916666671875 0.69296875 0.39305555625 0.696875 0.3916666671875 0.6984375 0.3888888890625 0.69375 0.3638888890625
5 0.19609375 0.415277778125 0.20390625 0.397222221875 0.2046875 0.3916666671875 0.20390625 0.38333333281250004 0.215625 0.3638888890625 0.215625 0.35972222187499997 0.20859375 0.34861111093749997 0.20234375 0.3541666671875 0.18671875 0.35555555625 0.1828125 0.3583333328125 0.17734375 0.36666666718749996 0.1765625 0.384722221875 0.178125 0.397222221875 0.18671875 0.4125 0.19609375 0.415277778125
5 0.35078125 0.3763888890625 0.34453125 0.36944444375 0.325 0.36944444375 0.32109375 0.3708333328125 0.315625 0.377777778125 0.31484375 0.39305555625 0.31953125 0.4 0.33515625 0.3986111109375 0.340625 0.40555555625000006 0.346875 0.40694444374999994 0.34921875 0.40555555625000006 0.35234375 0.3986111109375 0.35078125 0.3763888890625
1 0.36484375 0.40833333281249995 0.371875 0.40555555625000006 0.37265625 0.3916666671875 0.36796875 0.384722221875 0.36171875 0.384722221875 0.359375 0.3916666671875 0.36484375 0.40833333281249995
3 0.65390625 0.3763888890625 0.64765625 0.3861111109375 0.64609375 0.397222221875 0.6484375 0.40277777812500004 0.6640625 0.40138888906250003 0.6734375 0.40694444374999994 0.6796875 0.40555555625000006 0.678125 0.3916666671875 0.66875 0.375 0.6625 0.3736111109375 0.65390625 0.3763888890625
5 0.46953125 0.42222222187499997 0.4765625 0.43194444374999996 0.484375 0.43333333281249997 0.49140625 0.42222222187499997 0.4921875 0.40833333281249995 0.48359375 0.3708333328125 0.47890625 0.3638888890625 0.475 0.3638888890625 0.4734375 0.365277778125 0.47265625 0.36944444375 0.46953125 0.375 0.46953125 0.3791666671875 0.4734375 0.3916666671875 0.4734375 0.40277777812500004 0.46953125 0.4138888890625 0.46953125 0.42222222187499997
3 0.45234375 0.39027777812500003 0.45078125 0.41111111093749997 0.45703125 0.40416666718750005 0.46875 0.40972222187499996 0.47265625 0.40416666718750005 0.471875 0.39027777812500003 0.4671875 0.38333333281250004 0.4578125 0.38194444375000003 0.45234375 0.39027777812500003
3 0.52890625 0.43055555625 0.53203125 0.427777778125 0.53515625 0.41944444374999995 0.5296875 0.38055555625 0.5265625 0.3763888890625 0.5171875 0.3763888890625 0.5140625 0.3791666671875 0.5109375 0.3875 0.51015625 0.39444444375 0.5109375 0.42083333281249996 0.51328125 0.4263888890625 0.51328125 0.43055555625 0.515625 0.43333333281249997 0.52890625 0.43055555625
5 0.61796875 0.4486111109375 0.62734375 0.4486111109375 0.63359375 0.44166666718750003 0.63359375 0.427777778125 0.62890625 0.40416666718750005 0.63203125 0.39027777812500003 0.63125 0.384722221875 0.6328125 0.377777778125 0.63046875 0.3736111109375 0.61171875 0.375 0.6078125 0.377777778125 0.6046875 0.3861111109375 0.6015625 0.4 0.6015625 0.4138888890625 0.60390625 0.425 0.61171875 0.440277778125 0.61796875 0.4486111109375
5 0.7078125 0.44166666718750003 0.70703125 0.40833333281249995 0.703125 0.397222221875 0.69921875 0.39444444375 0.6984375 0.3958333328125 0.68828125 0.39444444375 0.6859375 0.397222221875 0.68203125 0.40972222187499996 0.68125 0.43055555625 0.690625 0.45416666718750004 0.6953125 0.4611111109375 0.69921875 0.4625 0.70546875 0.45277777812500003 0.7078125 0.44166666718750003
5 0.559375 0.4583333328125 0.56484375 0.4361111109375 0.56328125 0.425 0.56015625 0.42083333281249996 0.5484375 0.4138888890625 0.54140625 0.4166666671875 0.53984375 0.425 0.5359375 0.43194444374999996 0.53359375 0.43333333281249997 0.5328125 0.44305555625000004 0.53359375 0.447222221875 0.5390625 0.45555555625000005 0.546875 0.459722221875 0.559375 0.4583333328125
5 0.3453125 0.49583333281249997 0.34765625 0.4888888890625 0.34921875 0.46805555625000006 0.353125 0.45 0.35546875 0.425 0.3609375 0.40972222187499996 0.36015625 0.40277777812500004 0.353125 0.4 0.34921875 0.40694444374999994 0.34375 0.40833333281249995 0.33515625 0.4 0.32890625 0.4 0.32109375 0.40833333281249995 0.3140625 0.40972222187499996 0.3125 0.42083333281249996 0.3125 0.4486111109375 0.3140625 0.4625 0.31484375 0.49305555625 0.31640625 0.49444444374999996 0.33125 0.49305555625 0.34140625 0.497222221875 0.3453125 0.49583333281249997
5 0.50546875 0.43194444374999996 0.50625 0.45416666718750004 0.51171875 0.46527777812500004 0.5171875 0.46527777812500004 0.52109375 0.45694444375 0.521875 0.4375 0.50859375 0.4236111109375 0.50546875 0.43194444374999996
5 0.52265625 0.434722221875 0.5203125 0.4388888890625 0.52265625 0.4458333328125 0.52109375 0.4583333328125 0.5171875 0.46666666718750005 0.5140625 0.46805555625000006 0.51171875 0.4888888890625 0.51328125 0.50555555625 0.51484375 0.5083333328124999 0.53125 0.5069444437499999 0.54609375 0.5111111109375 0.5625 0.5111111109375 0.56484375 0.5041666671875 0.565625 0.46666666718750005 0.56953125 0.44166666718750003 0.56875 0.4291666671875 0.565625 0.427777778125 0.5609375 0.45555555625000005 0.55546875 0.4611111109375 0.54453125 0.459722221875 0.53671875 0.45277777812500003 0.5328125 0.44444444375 0.534375 0.43333333281249997 0.52265625 0.434722221875
5 0.22421875 0.38333333281250004 0.2203125 0.377777778125 0.2109375 0.377777778125 0.2078125 0.38333333281250004 0.20546875 0.42222222187499997 0.19921875 0.43194444374999996 0.19921875 0.45555555625000005 0.2015625 0.46805555625000006 0.2015625 0.4861111109375 0.19921875 0.5125 0.20078125 0.5208333328125 0.228125 0.5263888890625 0.246875 0.5263888890625 0.259375 0.5236111109375 0.26484375 0.51944444375 0.26640625 0.4861111109375 0.26328125 0.4236111109375 0.26171875 0.41944444374999995 0.26015625 0.40277777812500004 0.2609375 0.3875 0.265625 0.3861111109375 0.265625 0.38333333281250004 0.2546875 0.375 0.2484375 0.3763888890625 0.24453125 0.38194444375000003 0.23984375 0.3986111109375 0.2359375 0.40277777812500004 0.228125 0.3986111109375 0.2234375 0.39027777812500003 0.22421875 0.38333333281250004
5 0.478125 0.534722221875 0.48046875 0.5305555562500001 0.48125 0.525 0.48046875 0.46944444374999994 0.47890625 0.45694444375 0.47578125 0.447222221875 0.4734375 0.43333333281249997 0.4703125 0.427777778125 0.46796875 0.427777778125 0.4578125 0.4458333328125 0.45625 0.45694444375 0.46171875 0.4861111109375 0.4625 0.497222221875 0.46640625 0.5208333328125 0.4671875 0.5333333328125 0.46953125 0.5361111109375 0.478125 0.534722221875
5 0.615625 0.5416666671875 0.615625 0.58194444375 0.61640625 0.584722221875 0.628125 0.5888888890625 0.63125 0.5916666671875 0.64453125 0.5930555562500001 0.65625 0.590277778125 0.66015625 0.5861111109375 0.67109375 0.58194444375 0.6796875 0.575 0.68671875 0.5722222218749999 0.68515625 0.540277778125 0.6796875 0.51805555625 0.6796875 0.5083333328124999 0.68203125 0.49305555625 0.68125 0.4791666671875 0.68203125 0.475 0.678125 0.44166666718750003 0.6765625 0.4388888890625 0.67265625 0.440277778125 0.66953125 0.45416666718750004 0.66640625 0.4625 0.6640625 0.46388888906250003 0.6546875 0.4513888890625 0.64609375 0.4291666671875 0.6375 0.43055555625 0.6359375 0.4486111109375 0.63671875 0.46527777812500004 0.63515625 0.47222222187499996 0.62890625 0.48333333281249996 0.62265625 0.4791666671875 0.62109375 0.48194444374999995 0.61953125 0.5069444437499999 0.615625 0.5416666671875
5 0.35546875 0.6208333328125 0.359375 0.63055555625 0.36328125 0.6361111109375 0.37109375 0.640277778125 0.40078125 0.6388888890625 0.40859375 0.6361111109375 0.42109375 0.627777778125 0.43671875 0.609722221875 0.4390625 0.602777778125 0.440625 0.575 0.4390625 0.55694444375 0.4390625 0.540277778125 0.43984375 0.5388888890625 0.4390625 0.5125 0.440625 0.5041666671875 0.440625 0.4888888890625 0.44296875 0.47083333281249995 0.44375 0.447222221875 0.44609375 0.43194444374999996 0.4453125 0.42222222187499997 0.44375 0.41805555625 0.440625 0.415277778125 0.43359375 0.4138888890625 0.4296875 0.42083333281249996 0.421875 0.425 0.41953125 0.4291666671875 0.4140625 0.43333333281249997 0.40078125 0.459722221875 0.4 0.46388888906250003 0.39609375 0.46944444374999994 0.3921875 0.4625 0.38359375 0.4388888890625 0.3828125 0.42083333281249996 0.3796875 0.4125 0.36640625 0.4138888890625 0.3625 0.4166666671875 0.36015625 0.42083333281249996 0.35703125 0.440277778125 0.359375 0.5486111109375 0.35546875 0.5791666671875 0.35546875 0.5986111109375 0.3546875 0.6 0.35546875 0.6208333328125