3 0.854167 0.139844 0.158333 0.142969
3 0.794444 0.455469 0.220833 0.452344
3 0.738889 0.293750 0.270833 0.296875
3 0.755556 0.519531 0.262500 0.516406
3 0.720833 0.387500 0.284722 0.412500
3 0.698611 0.587500 0.316667 0.591406
5 0.713889 0.117969 0.300000 0.121875
3 0.570833 0.800781 0.426389 0.803906
5 0.668056 0.544531 0.352778 0.539844
5 0.652778 0.403906 0.369444 0.397656
5 0.684722 0.489063 0.333333 0.485156
2 0.568056 0.770312 0.419444 0.781250
5 0.462500 0.558594 0.541667 0.566406
5 0.629167 0.566406 0.375000 0.568750
5 0.625000 0.275000 0.402778 0.275781
1 0.445833 0.215625 0.544444 0.221094
1 0.450000 0.421875 0.548611 0.425781
1 0.440278 0.103125 0.573611 0.104688
1 0.415278 0.271094 0.555556 0.267969
1 0.404167 0.360156 0.591667 0.364063
5 0.462500 0.726562 0.568056 0.723437
1 0.279167 0.787500 0.740278 0.788281
