5 0.487500 0.504687 0.490625 0.490625
5 0.657813 0.118750 0.687500 0.879687
5 0.610938 0.345313 0.615625 0.657813
5 0.642188 0.446875 0.650000 0.557813
5 0.532813 0.687500 0.526563 0.306250
2 0.387500 0.562500 0.378125 0.448437
3 0.439063 0.707812 0.457813 0.298438
3 0.346875 0.576562 0.348438 0.425000
3 0.456250 0.579688 0.442188 0.420312
3 0.429688 0.429688 0.425000 0.559375
3 0.400000 0.320312 0.400000 0.696875
3 0.454688 0.103125 0.456250 0.929688
1 0.660937 0.726562 0.657813 0.262500
1 0.610938 0.273438 0.601562 0.718750
1 0.618750 0.342187 0.607812 0.653125
0 0.845313 0.340625 0.815625 0.660937
0 0.996875 0.125000 0.953125 0.881250
0 0.945312 0.035937 0.940625 0.942187
0 0.762500 0.423438 0.779687 0.575000
0 0.826562 0.642188 0.823438 0.356250
0 0.921875 0.729688 0.925000 0.273438
