1 0.698611 0.314844 0.288889 0.311719
3 0.672222 0.399219 0.326389 0.402344
3 0.684722 0.232031 0.320833 0.225781
3 0.640278 0.348438 0.355556 0.352344
1 0.644444 0.222656 0.341667 0.225781
5 0.666667 0.287500 0.343056 0.276562
1 0.637500 0.642969 0.355556 0.633594
1 0.608333 0.691406 0.393056 0.692969
5 0.633333 0.177344 0.384722 0.176563
5 0.594444 0.340625 0.406944 0.346875
1 0.608333 0.372656 0.384722 0.367969
3 0.594444 0.679688 0.391667 0.678125
5 0.620833 0.469531 0.391667 0.473438
3 0.595833 0.472656 0.390278 0.471875
3 0.579167 0.510938 0.426389 0.513281
5 0.600000 0.601562 0.413889 0.601562
5 0.545833 0.690625 0.461111 0.695312
5 0.556944 0.532813 0.447222 0.533594
5 0.506944 0.314844 0.494444 0.316406
5 0.534722 0.517188 0.456944 0.521094
5 0.540278 0.544531 0.452778 0.536719
5 0.601389 0.239844 0.402778 0.235937
5 0.502778 0.462500 0.520833 0.466406
5 0.516667 0.628906 0.479167 0.622656
5 0.451389 0.359375 0.579167 0.355469
