1 0.697656 0.687500 0.308594 0.320833
3 0.574219 0.658333 0.426563 0.361111
3 0.787500 0.658333 0.211719 0.348611
3 0.654687 0.673611 0.335938 0.327778
1 0.789062 0.651389 0.213281 0.354167
5 0.735938 0.625000 0.269531 0.384722
1 0.357812 0.625000 0.642969 0.362500
1 0.306250 0.636111 0.690625 0.355556
5 0.803906 0.584722 0.203906 0.397222
5 0.649219 0.623611 0.344531 0.369444
1 0.635156 0.591667 0.371875 0.405556
3 0.346094 0.623611 0.647656 0.386111
5 0.530469 0.577778 0.476562 0.431944
3 0.547656 0.609722 0.450781 0.411111
3 0.471094 0.569444 0.532031 0.427778
5 0.382031 0.551389 0.627344 0.448611
5 0.292188 0.558333 0.707031 0.408333
5 0.440625 0.541667 0.564844 0.436111
5 0.654687 0.504167 0.347656 0.488889
5 0.494531 0.568056 0.506250 0.454167
5 0.477344 0.565278 0.520312 0.438889
5 0.775781 0.616667 0.220312 0.377778
5 0.521875 0.465278 0.480469 0.530556
5 0.384375 0.458333 0.615625 0.581944
5 0.644531 0.379167 0.359375 0.630556
