2 0.838889 0.192969 0.155556 0.196875
3 0.780556 0.313281 0.233333 0.320312
3 0.819444 0.700000 0.184722 0.699219
3 0.751389 0.417969 0.265278 0.418750
3 0.688889 0.551562 0.311111 0.558594
3 0.633333 0.860938 0.370833 0.867969
5 0.736111 0.125000 0.304167 0.125000
5 0.713889 0.273438 0.287500 0.277344
5 0.647222 0.667188 0.365278 0.666406
5 0.606944 0.394531 0.405556 0.398438
5 0.591667 0.517188 0.408333 0.514844
1 0.470833 0.267188 0.486111 0.270313
1 0.454167 0.648438 0.522222 0.654687
1 0.430556 0.727344 0.558333 0.738281
5 0.547222 0.825781 0.468056 0.828906
1 0.306944 0.817969 0.690278 0.819531
3 0.880556 0.200000 0.122222 0.207813
