1 0.312500 0.697656 0.320833 0.308594
3 0.341667 0.574219 0.361111 0.426563
3 0.341667 0.787500 0.348611 0.211719
3 0.326389 0.654687 0.327778 0.335938
1 0.348611 0.789062 0.354167 0.213281
5 0.375000 0.735938 0.384722 0.269531
1 0.375000 0.357812 0.362500 0.642969
1 0.363889 0.306250 0.355556 0.690625
5 0.415278 0.803906 0.397222 0.203906
5 0.376389 0.649219 0.369444 0.344531
1 0.408333 0.635156 0.405556 0.371875
3 0.376389 0.346094 0.386111 0.647656
5 0.422222 0.530469 0.431944 0.476562
3 0.390278 0.547656 0.411111 0.450781
3 0.430556 0.471094 0.427778 0.532031
5 0.448611 0.382031 0.448611 0.627344
5 0.441667 0.292188 0.408333 0.707031
5 0.458333 0.440625 0.436111 0.564844
5 0.495833 0.654687 0.488889 0.347656
5 0.431944 0.494531 0.454167 0.506250
5 0.434722 0.477344 0.438889 0.520312
5 0.383333 0.775781 0.377778 0.220312
5 0.534722 0.521875 0.530556 0.480469
5 0.541667 0.384375 0.581944 0.615625
5 0.620833 0.644531 0.630556 0.359375
