5 0.521875 0.543750 0.559375 0.440625
5 0.803125 0.125000 0.807813 0.882812
5 0.606250 0.287500 0.573438 0.714063
5 0.634375 0.414062 0.621875 0.596875
5 0.481250 0.717187 0.496875 0.276562
2 0.379688 0.523438 0.351562 0.476562
3 0.414062 0.670312 0.393750 0.321875
3 0.331250 0.545312 0.339062 0.470313
3 0.414062 0.584375 0.420312 0.409375
3 0.464062 0.429688 0.429688 0.570312
3 0.356250 0.301562 0.351562 0.685937
3 0.423438 0.056250 0.406250 0.935937
1 0.698438 0.726562 0.660937 0.273438
1 0.643750 0.276563 0.610938 0.726562
1 0.640625 0.356250 0.651563 0.656250
0 0.842187 0.357812 0.848437 0.643750
0 0.918750 0.148438 0.925000 0.846875
0 0.942187 0.018750 0.945312 0.964063
0 0.762500 0.423438 0.779687 0.575000
0 0.925000 0.653125 0.917188 0.354687
0 0.840625 0.704688 0.823438 0.290625
