5 0.512500 0.495312 0.490625 0.490625
5 0.342187 0.881250 0.687500 0.879687
5 0.389062 0.654687 0.615625 0.657813
5 0.357812 0.553125 0.650000 0.557813
5 0.467187 0.312500 0.526563 0.306250
2 0.612500 0.437500 0.378125 0.448437
3 0.560937 0.292187 0.457813 0.298438
3 0.653125 0.423438 0.348438 0.425000
3 0.543750 0.420312 0.442188 0.420312
3 0.570312 0.570312 0.425000 0.559375
3 0.600000 0.679688 0.400000 0.696875
3 0.545312 0.896875 0.456250 0.929688
1 0.339063 0.273438 0.657813 0.262500
1 0.389062 0.726562 0.601562 0.718750
1 0.381250 0.657813 0.607812 0.653125
0 0.154687 0.659375 0.815625 0.660937
0 0.003125 0.875000 0.953125 0.881250
0 0.054688 0.964063 0.940625 0.942187
0 0.237500 0.576562 0.779687 0.575000
0 0.173438 0.357812 0.823438 0.356250
0 0.078125 0.270313 0.925000 0.273438
