3 0.195833 0.278125 0.198611 0.737500
3 0.244444 0.674219 0.250000 0.327344
3 0.284722 0.489844 0.295833 0.507031
5 0.295833 0.896875 0.315278 0.101562
5 0.318056 0.709375 0.406944 0.289062
5 0.366667 0.925781 0.388889 0.057813
5 0.309722 0.328125 0.329167 0.671094
5 0.450000 0.780469 0.456944 0.217969
5 0.472222 0.361719 0.494444 0.638281
5 0.534722 0.609375 0.552778 0.394531
5 0.465278 0.728125 0.483333 0.272656
5 0.477778 0.223437 0.479167 0.775781
5 0.495833 0.552344 0.522222 0.445312
5 0.509722 0.522656 0.520833 0.477344
5 0.500000 0.435156 0.506944 0.562500
1 0.605556 0.932813 0.609722 0.074219
1 0.602778 0.768750 0.584722 0.238281
1 0.602778 0.367188 0.631944 0.630469
1 0.648611 0.238281 0.672222 0.761719
5 0.468056 0.082031 0.480556 0.918750
5 0.622222 0.114844 0.630556 0.884375
3 0.141667 0.850781 0.148611 0.151562
