5 0.478125 0.456250 0.559375 0.440625
5 0.196875 0.875000 0.807813 0.882812
5 0.393750 0.712500 0.573438 0.714063
5 0.365625 0.585938 0.621875 0.596875
5 0.518750 0.282813 0.496875 0.276562
2 0.620313 0.476562 0.351562 0.476562
3 0.585938 0.329688 0.393750 0.321875
3 0.668750 0.454688 0.339062 0.470313
3 0.585938 0.415625 0.420312 0.409375
3 0.535937 0.570312 0.429688 0.570312
3 0.643750 0.698438 0.351562 0.685937
3 0.576562 0.943750 0.406250 0.935937
1 0.301562 0.273438 0.660937 0.273438
1 0.356250 0.723437 0.610938 0.726562
1 0.359375 0.643750 0.651563 0.656250
0 0.157813 0.642188 0.848437 0.643750
0 0.081250 0.851562 0.925000 0.846875
0 0.057813 0.981250 0.945312 0.964063
0 0.237500 0.576562 0.779687 0.575000
0 0.075000 0.346875 0.917188 0.354687
0 0.159375 0.295312 0.823438 0.290625
