2 0.161111 0.807031 0.155556 0.196875
3 0.219444 0.686719 0.233333 0.320312
3 0.180556 0.300000 0.184722 0.699219
3 0.248611 0.582031 0.265278 0.418750
3 0.311111 0.448438 0.311111 0.558594
3 0.366667 0.139062 0.370833 0.867969
5 0.263889 0.875000 0.304167 0.125000
5 0.286111 0.726562 0.287500 0.277344
5 0.352778 0.332812 0.365278 0.666406
5 0.393056 0.605469 0.405556 0.398438
5 0.408333 0.482812 0.408333 0.514844
1 0.529167 0.732812 0.486111 0.270313
1 0.545833 0.351562 0.522222 0.654687
1 0.569444 0.272656 0.558333 0.738281
5 0.452778 0.174219 0.468056 0.828906
1 0.693056 0.182031 0.690278 0.819531
3 0.119444 0.800000 0.122222 0.207813
