3 0.145833 0.860156 0.158333 0.142969
3 0.205556 0.544531 0.220833 0.452344
3 0.261111 0.706250 0.270833 0.296875
3 0.244444 0.480469 0.262500 0.516406
3 0.279167 0.612500 0.284722 0.412500
3 0.301389 0.412500 0.316667 0.591406
5 0.286111 0.882031 0.300000 0.121875
3 0.429167 0.199219 0.426389 0.803906
5 0.331944 0.455469 0.352778 0.539844
5 0.347222 0.596094 0.369444 0.397656
5 0.315278 0.510938 0.333333 0.485156
2 0.431944 0.229688 0.419444 0.781250
5 0.537500 0.441406 0.541667 0.566406
5 0.370833 0.433594 0.375000 0.568750
5 0.375000 0.725000 0.402778 0.275781
1 0.554167 0.784375 0.544444 0.221094
1 0.550000 0.578125 0.548611 0.425781
1 0.559722 0.896875 0.573611 0.104688
1 0.584722 0.728906 0.555556 0.267969
1 0.595833 0.639844 0.591667 0.364063
5 0.537500 0.273438 0.568056 0.723437
1 0.720833 0.212500 0.740278 0.788281
