3 0.227344 0.806944 0.776563 0.183333
3 0.659375 0.711111 0.343750 0.293056
3 0.492969 0.684722 0.509375 0.323611
5 0.892188 0.640278 0.108594 0.393056
5 0.707812 0.570833 0.293750 0.441667
5 0.957812 0.544444 0.039844 0.473611
5 0.325000 0.636111 0.675000 0.381944
5 0.775781 0.483333 0.224219 0.541667
5 0.371875 0.488889 0.625781 0.527778
5 0.604688 0.423611 0.400000 0.580556
5 0.736719 0.465278 0.262500 0.541667
5 0.224219 0.502778 0.775781 0.515278
5 0.565625 0.430556 0.433594 0.570833
5 0.512500 0.411111 0.487500 0.595833
5 0.440625 0.473611 0.556250 0.538889
1 0.918750 0.409722 0.080469 0.583333
1 0.774219 0.450000 0.224219 0.591667
1 0.356250 0.329167 0.646094 0.670833
1 0.237500 0.290278 0.767969 0.709722
5 0.071094 0.481944 0.932031 0.534722
5 0.123437 0.343056 0.874219 0.662500
3 0.829688 0.822222 0.177344 0.187500
