5 0.750000 0.582812 0.270313 0.406250
5 0.614062 0.709375 0.381250 0.285938
5 0.546875 0.601562 0.448437 0.367188
5 0.523438 0.595313 0.475000 0.425000
5 0.473437 0.618750 0.535937 0.382812
5 0.412500 0.681250 0.585938 0.362500
0 0.375000 0.404687 0.632812 0.596875
0 0.412500 0.476562 0.584375 0.529687
0 0.443750 0.454688 0.550000 0.554688
0 0.481250 0.459375 0.518750 0.546875
0 0.490625 0.464063 0.515625 0.510938
0 0.525000 0.465625 0.484375 0.528125
0 0.559375 0.479688 0.437500 0.545312
0 0.575000 0.481250 0.418750 0.520312
0 0.651563 0.450000 0.356250 0.554688
0 0.709375 0.410937 0.282813 0.575000
0 0.770312 0.425000 0.223438 0.576562
2 0.735938 0.759375 0.268750 0.229687
3 0.756250 0.795312 0.242188 0.223438
3 0.637500 0.762500 0.367188 0.262500
3 0.575000 0.709375 0.440625 0.295312
3 0.492188 0.700000 0.504687 0.273438
3 0.453125 0.795312 0.539062 0.207813
3 0.392188 0.762500 0.596875 0.265625
1 0.364062 0.540625 0.640625 0.446875
1 0.437500 0.585938 0.557813 0.387500
1 0.478125 0.618750 0.517188 0.409375
1 0.582812 0.601562 0.414062 0.401562
1 0.659375 0.609375 0.339062 0.403125
1 0.609375 0.604688 0.385937 0.396875
