5 0.543750 0.478125 0.440625 0.559375
5 0.125000 0.196875 0.882812 0.807813
5 0.287500 0.393750 0.714063 0.573438
5 0.414062 0.365625 0.596875 0.621875
5 0.717187 0.518750 0.276562 0.496875
2 0.523438 0.620313 0.476562 0.351562
3 0.670312 0.585938 0.321875 0.393750
3 0.545312 0.668750 0.470313 0.339062
3 0.584375 0.585938 0.409375 0.420312
3 0.429688 0.535937 0.570312 0.429688
3 0.301562 0.643750 0.685937 0.351562
3 0.056250 0.576562 0.935937 0.406250
1 0.726562 0.301562 0.273438 0.660937
1 0.276563 0.356250 0.726562 0.610938
1 0.356250 0.359375 0.656250 0.651563
0 0.357812 0.157813 0.643750 0.848437
0 0.148438 0.081250 0.846875 0.925000
0 0.018750 0.057813 0.964063 0.945312
0 0.423438 0.237500 0.575000 0.779687
0 0.653125 0.075000 0.354687 0.917188
0 0.704688 0.159375 0.290625 0.823438
