3 0.539062 0.688889 0.466406 0.308333
2 0.538281 0.640278 0.469531 0.359722
3 0.275000 0.622222 0.733594 0.369444
3 0.050000 0.583333 0.973437 0.418056
3 0.674219 0.613889 0.325000 0.393056
3 0.564844 0.581944 0.434375 0.437500
3 0.403125 0.577778 0.589844 0.415278
5 0.312500 0.515278 0.688281 0.486111
5 0.639062 0.537500 0.355469 0.470833
5 0.425781 0.423611 0.580469 0.606944
2 0.328906 0.380556 0.681250 0.630556
1 0.248437 0.373611 0.755469 0.618056
5 0.101562 0.466667 0.900781 0.541667
5 0.476562 0.540278 0.520312 0.462500
1 0.693750 0.333333 0.307812 0.663889
1 0.100000 0.233333 0.898438 0.751389
