1 0.685156 0.698611 0.311719 0.288889
3 0.600781 0.672222 0.402344 0.326389
3 0.767969 0.684722 0.225781 0.320833
3 0.651563 0.640278 0.352344 0.355556
1 0.777344 0.644444 0.225781 0.341667
5 0.712500 0.666667 0.276562 0.343056
1 0.357031 0.637500 0.633594 0.355556
1 0.308594 0.608333 0.692969 0.393056
5 0.822656 0.633333 0.176563 0.384722
5 0.659375 0.594444 0.346875 0.406944
1 0.627344 0.608333 0.367969 0.384722
3 0.320312 0.594444 0.678125 0.391667
5 0.530469 0.620833 0.473438 0.391667
3 0.527344 0.595833 0.471875 0.390278
3 0.489062 0.579167 0.513281 0.426389
5 0.398438 0.600000 0.601562 0.413889
5 0.309375 0.545833 0.695312 0.461111
5 0.467187 0.556944 0.533594 0.447222
5 0.685156 0.506944 0.316406 0.494444
5 0.482812 0.534722 0.521094 0.456944
5 0.455469 0.540278 0.536719 0.452778
5 0.760156 0.601389 0.235937 0.402778
5 0.537500 0.502778 0.466406 0.520833
5 0.371094 0.516667 0.622656 0.479167
5 0.640625 0.451389 0.355469 0.579167
