3 0.813889 0.171875 0.188889 0.189062
3 0.736111 0.463281 0.265278 0.472656
3 0.719444 0.328125 0.276389 0.335156
3 0.712500 0.524219 0.288889 0.527344
3 0.754167 0.407813 0.240278 0.401562
3 0.668056 0.615625 0.320833 0.622656
5 0.654167 0.132031 0.352778 0.132031
3 0.615278 0.808594 0.376389 0.806250
5 0.647222 0.531250 0.333333 0.523438
5 0.640278 0.387500 0.345833 0.385937
5 0.651389 0.475000 0.341667 0.473438
2 0.586111 0.757031 0.429167 0.760156
5 0.455556 0.611719 0.541667 0.613281
5 0.597222 0.580469 0.406944 0.582812
5 0.475000 0.275000 0.537500 0.274219
1 0.511111 0.220312 0.488889 0.213281
1 0.495833 0.425000 0.504167 0.415625
1 0.408333 0.121875 0.586111 0.125000
1 0.423611 0.257812 0.590278 0.267969
1 0.436111 0.350781 0.572222 0.350000
5 0.386111 0.716406 0.627778 0.714844
1 0.269444 0.809375 0.708333 0.810156
