3 0.688889 0.460938 0.308333 0.466406
2 0.640278 0.461719 0.359722 0.469531
3 0.622222 0.725000 0.369444 0.733594
3 0.583333 0.950000 0.418056 0.973437
3 0.613889 0.325781 0.393056 0.325000
3 0.581944 0.435156 0.437500 0.434375
3 0.577778 0.596875 0.415278 0.589844
5 0.515278 0.687500 0.486111 0.688281
5 0.537500 0.360938 0.470833 0.355469
5 0.423611 0.574219 0.606944 0.580469
2 0.380556 0.671094 0.630556 0.681250
1 0.373611 0.751563 0.618056 0.755469
5 0.466667 0.898438 0.541667 0.900781
5 0.540278 0.523438 0.462500 0.520312
1 0.333333 0.306250 0.663889 0.307812
1 0.233333 0.900000 0.751389 0.898438
