2 0.851389 0.219531 0.138889 0.218750
3 0.758333 0.351562 0.226389 0.352344
3 0.768056 0.707031 0.234722 0.712500
3 0.709722 0.457031 0.276389 0.460156
3 0.726389 0.582812 0.265278 0.578125
3 0.622222 0.901563 0.370833 0.900000
5 0.630556 0.125000 0.393056 0.125000
5 0.673611 0.284375 0.336111 0.284375
5 0.552778 0.657031 0.462500 0.656250
5 0.556944 0.396875 0.462500 0.396094
5 0.504167 0.492188 0.509722 0.492969
1 0.470833 0.261719 0.529167 0.267188
1 0.518056 0.641406 0.488889 0.637500
1 0.491667 0.745313 0.502778 0.742188
5 0.434722 0.833594 0.579167 0.833594
1 0.338889 0.815625 0.659722 0.814844
3 0.886111 0.219531 0.108333 0.216406
