3 0.311111 0.539062 0.308333 0.466406
2 0.359722 0.538281 0.359722 0.469531
3 0.377778 0.275000 0.369444 0.733594
3 0.416667 0.050000 0.418056 0.973437
3 0.386111 0.674219 0.393056 0.325000
3 0.418056 0.564844 0.437500 0.434375
3 0.422222 0.403125 0.415278 0.589844
5 0.484722 0.312500 0.486111 0.688281
5 0.462500 0.639062 0.470833 0.355469
5 0.576389 0.425781 0.606944 0.580469
2 0.619444 0.328906 0.630556 0.681250
1 0.626389 0.248437 0.618056 0.755469
5 0.533333 0.101562 0.541667 0.900781
5 0.459722 0.476562 0.462500 0.520312
1 0.666667 0.693750 0.663889 0.307812
1 0.766667 0.100000 0.751389 0.898438
