2 0.807031 0.838889 0.196875 0.155556
3 0.686719 0.780556 0.320312 0.233333
3 0.300000 0.819444 0.699219 0.184722
3 0.582031 0.751389 0.418750 0.265278
3 0.448438 0.688889 0.558594 0.311111
3 0.139062 0.633333 0.867969 0.370833
5 0.875000 0.736111 0.125000 0.304167
5 0.726562 0.713889 0.277344 0.287500
5 0.332812 0.647222 0.666406 0.365278
5 0.605469 0.606944 0.398438 0.405556
5 0.482812 0.591667 0.514844 0.408333
1 0.732812 0.470833 0.270313 0.486111
1 0.351562 0.454167 0.654687 0.522222
1 0.272656 0.430556 0.738281 0.558333
5 0.174219 0.547222 0.828906 0.468056
1 0.182031 0.306944 0.819531 0.690278
3 0.800000 0.880556 0.207813 0.122222
