2 0.148611 0.780469 0.138889 0.218750
3 0.241667 0.648438 0.226389 0.352344
3 0.231944 0.292969 0.234722 0.712500
3 0.290278 0.542969 0.276389 0.460156
3 0.273611 0.417188 0.265278 0.578125
3 0.377778 0.098437 0.370833 0.900000
5 0.369444 0.875000 0.393056 0.125000
5 0.326389 0.715625 0.336111 0.284375
5 0.447222 0.342969 0.462500 0.656250
5 0.443056 0.603125 0.462500 0.396094
5 0.495833 0.507812 0.509722 0.492969
1 0.529167 0.738281 0.529167 0.267188
1 0.481944 0.358594 0.488889 0.637500
1 0.508333 0.254687 0.502778 0.742188
5 0.565278 0.166406 0.579167 0.833594
1 0.661111 0.184375 0.659722 0.814844
3 0.113889 0.780469 0.108333 0.216406
