2 0.780469 0.851389 0.218750 0.138889
3 0.648438 0.758333 0.352344 0.226389
3 0.292969 0.768056 0.712500 0.234722
3 0.542969 0.709722 0.460156 0.276389
3 0.417188 0.726389 0.578125 0.265278
3 0.098437 0.622222 0.900000 0.370833
5 0.875000 0.630556 0.125000 0.393056
5 0.715625 0.673611 0.284375 0.336111
5 0.342969 0.552778 0.656250 0.462500
5 0.603125 0.556944 0.396094 0.462500
5 0.507812 0.504167 0.492969 0.509722
1 0.738281 0.470833 0.267188 0.529167
1 0.358594 0.518056 0.637500 0.488889
1 0.254687 0.491667 0.742188 0.502778
5 0.166406 0.434722 0.833594 0.579167
1 0.184375 0.338889 0.814844 0.659722
3 0.780469 0.886111 0.216406 0.108333
