3 0.186111 0.828125 0.188889 0.189062
3 0.263889 0.536719 0.265278 0.472656
3 0.280556 0.671875 0.276389 0.335156
3 0.287500 0.475781 0.288889 0.527344
3 0.245833 0.592187 0.240278 0.401562
3 0.331944 0.384375 0.320833 0.622656
5 0.345833 0.867969 0.352778 0.132031
3 0.384722 0.191406 0.376389 0.806250
5 0.352778 0.468750 0.333333 0.523438
5 0.359722 0.612500 0.345833 0.385937
5 0.348611 0.525000 0.341667 0.473438
2 0.413889 0.242969 0.429167 0.760156
5 0.544444 0.388281 0.541667 0.613281
5 0.402778 0.419531 0.406944 0.582812
5 0.525000 0.725000 0.537500 0.274219
1 0.488889 0.779687 0.488889 0.213281
1 0.504167 0.575000 0.504167 0.415625
1 0.591667 0.878125 0.586111 0.125000
1 0.576389 0.742188 0.590278 0.267969
1 0.563889 0.649219 0.572222 0.350000
5 0.613889 0.283594 0.627778 0.714844
1 0.730556 0.190625 0.708333 0.810156
