3 0.860156 0.854167 0.142969 0.158333
3 0.544531 0.794444 0.452344 0.220833
3 0.706250 0.738889 0.296875 0.270833
3 0.480469 0.755556 0.516406 0.262500
3 0.612500 0.720833 0.412500 0.284722
3 0.412500 0.698611 0.591406 0.316667
5 0.882031 0.713889 0.121875 0.300000
3 0.199219 0.570833 0.803906 0.426389
5 0.455469 0.668056 0.539844 0.352778
5 0.596094 0.652778 0.397656 0.369444
5 0.510938 0.684722 0.485156 0.333333
2 0.229688 0.568056 0.781250 0.419444
5 0.441406 0.462500 0.566406 0.541667
5 0.433594 0.629167 0.568750 0.375000
5 0.725000 0.625000 0.275781 0.402778
1 0.784375 0.445833 0.221094 0.544444
1 0.578125 0.450000 0.425781 0.548611
1 0.896875 0.440278 0.104688 0.573611
1 0.728906 0.415278 0.267969 0.555556
1 0.639844 0.404167 0.364063 0.591667
5 0.273438 0.462500 0.723437 0.568056
1 0.212500 0.279167 0.788281 0.740278
