3 0.193056 0.227344 0.183333 0.776563
3 0.288889 0.659375 0.293056 0.343750
3 0.315278 0.492969 0.323611 0.509375
5 0.359722 0.892188 0.393056 0.108594
5 0.429167 0.707812 0.441667 0.293750
5 0.455556 0.957812 0.473611 0.039844
5 0.363889 0.325000 0.381944 0.675000
5 0.516667 0.775781 0.541667 0.224219
5 0.511111 0.371875 0.527778 0.625781
5 0.576389 0.604688 0.580556 0.400000
5 0.534722 0.736719 0.541667 0.262500
5 0.497222 0.224219 0.515278 0.775781
5 0.569444 0.565625 0.570833 0.433594
5 0.588889 0.512500 0.595833 0.487500
5 0.526389 0.440625 0.538889 0.556250
1 0.590278 0.918750 0.583333 0.080469
1 0.550000 0.774219 0.591667 0.224219
1 0.670833 0.356250 0.670833 0.646094
1 0.709722 0.237500 0.709722 0.767969
5 0.518056 0.071094 0.534722 0.932031
5 0.656944 0.123437 0.662500 0.874219
3 0.177778 0.829688 0.187500 0.177344
