5 0.770312 0.643750 0.226562 0.370312
5 0.651563 0.595313 0.382812 0.407813
5 0.582812 0.603125 0.421875 0.406250
5 0.512500 0.675000 0.481250 0.328125
5 0.470313 0.707812 0.526563 0.342187
5 0.396875 0.675000 0.604688 0.312500
0 0.359375 0.471875 0.637500 0.523438
0 0.415625 0.406250 0.596875 0.592187
0 0.446875 0.439063 0.570312 0.556250
0 0.468750 0.451562 0.539062 0.545312
0 0.493750 0.487500 0.509375 0.535937
0 0.515625 0.471875 0.484375 0.507812
0 0.559375 0.479688 0.437500 0.545312
0 0.575000 0.481250 0.418750 0.520312
0 0.643750 0.496875 0.346875 0.504687
0 0.717187 0.425000 0.271875 0.576562
0 0.778125 0.403125 0.231250 0.595313
2 0.734375 0.776563 0.257812 0.220312
3 0.731250 0.775000 0.265625 0.201563
3 0.615625 0.737500 0.382812 0.231250
3 0.556250 0.735938 0.437500 0.254688
3 0.495313 0.726562 0.498437 0.271875
3 0.464063 0.757812 0.548438 0.239063
3 0.385938 0.721875 0.623437 0.270313
1 0.359375 0.553125 0.629687 0.445312
1 0.446875 0.600000 0.562500 0.414062
1 0.478125 0.618750 0.517188 0.409375
1 0.582812 0.601562 0.414062 0.401562
1 0.659375 0.609375 0.339062 0.403125
1 0.609375 0.604688 0.385937 0.396875
