5 0.582812 0.250000 0.406250 0.270313
5 0.709375 0.385937 0.285938 0.381250
5 0.601562 0.453125 0.367188 0.448437
5 0.595313 0.476562 0.425000 0.475000
5 0.618750 0.526563 0.382812 0.535937
5 0.681250 0.587500 0.362500 0.585938
0 0.404687 0.625000 0.596875 0.632812
0 0.476562 0.587500 0.529687 0.584375
0 0.454688 0.556250 0.554688 0.550000
0 0.459375 0.518750 0.546875 0.518750
0 0.464063 0.509375 0.510938 0.515625
0 0.465625 0.475000 0.528125 0.484375
0 0.479688 0.440625 0.545312 0.437500
0 0.481250 0.425000 0.520312 0.418750
0 0.450000 0.348438 0.554688 0.356250
0 0.410937 0.290625 0.575000 0.282813
0 0.425000 0.229687 0.576562 0.223438
2 0.759375 0.264062 0.229687 0.268750
3 0.795312 0.243750 0.223438 0.242188
3 0.762500 0.362500 0.262500 0.367188
3 0.709375 0.425000 0.295312 0.440625
3 0.700000 0.507812 0.273438 0.504687
3 0.795312 0.546875 0.207813 0.539062
3 0.762500 0.607812 0.265625 0.596875
1 0.540625 0.635938 0.446875 0.640625
1 0.585938 0.562500 0.387500 0.557813
1 0.618750 0.521875 0.409375 0.517188
1 0.601562 0.417187 0.401562 0.414062
1 0.609375 0.340625 0.403125 0.339062
1 0.604688 0.390625 0.396875 0.385937
