2 0.790625 0.833333 0.213281 0.162500
3 0.662500 0.748611 0.348438 0.250000
3 0.307813 0.776389 0.697656 0.230556
3 0.563281 0.702778 0.452344 0.295833
3 0.414062 0.683333 0.585938 0.287500
3 0.102344 0.613889 0.901563 0.381944
5 0.873437 0.652778 0.126562 0.362500
5 0.718750 0.693056 0.281250 0.312500
5 0.336719 0.594444 0.660156 0.434722
5 0.601562 0.566667 0.398438 0.438889
5 0.500000 0.541667 0.495312 0.473611
1 0.746875 0.509722 0.252344 0.513889
1 0.347656 0.515278 0.650781 0.481944
1 0.254687 0.481944 0.746094 0.516667
5 0.166406 0.443056 0.834375 0.563889
1 0.175781 0.333333 0.820312 0.662500
3 0.777344 0.873611 0.222656 0.123611
