3 0.828125 0.813889 0.189062 0.188889
3 0.536719 0.736111 0.472656 0.265278
3 0.671875 0.719444 0.335156 0.276389
3 0.475781 0.712500 0.527344 0.288889
3 0.592187 0.754167 0.401562 0.240278
3 0.384375 0.668056 0.622656 0.320833
5 0.867969 0.654167 0.132031 0.352778
3 0.191406 0.615278 0.806250 0.376389
5 0.468750 0.647222 0.523438 0.333333
5 0.612500 0.640278 0.385937 0.345833
5 0.525000 0.651389 0.473438 0.341667
2 0.242969 0.586111 0.760156 0.429167
5 0.388281 0.455556 0.613281 0.541667
5 0.419531 0.597222 0.582812 0.406944
5 0.725000 0.475000 0.274219 0.537500
1 0.779687 0.511111 0.213281 0.488889
1 0.575000 0.495833 0.415625 0.504167
1 0.878125 0.408333 0.125000 0.586111
1 0.742188 0.423611 0.267969 0.590278
1 0.649219 0.436111 0.350000 0.572222
5 0.283594 0.386111 0.714844 0.627778
1 0.190625 0.269444 0.810156 0.708333
