1 0.687500 0.302344 0.320833 0.308594
3 0.658333 0.425781 0.361111 0.426563
3 0.658333 0.212500 0.348611 0.211719
3 0.673611 0.345313 0.327778 0.335938
1 0.651389 0.210938 0.354167 0.213281
5 0.625000 0.264062 0.384722 0.269531
1 0.625000 0.642188 0.362500 0.642969
1 0.636111 0.693750 0.355556 0.690625
5 0.584722 0.196094 0.397222 0.203906
5 0.623611 0.350781 0.369444 0.344531
1 0.591667 0.364844 0.405556 0.371875
3 0.623611 0.653906 0.386111 0.647656
5 0.577778 0.469531 0.431944 0.476562
3 0.609722 0.452344 0.411111 0.450781
3 0.569444 0.528906 0.427778 0.532031
5 0.551389 0.617969 0.448611 0.627344
5 0.558333 0.707812 0.408333 0.707031
5 0.541667 0.559375 0.436111 0.564844
5 0.504167 0.345313 0.488889 0.347656
5 0.568056 0.505469 0.454167 0.506250
5 0.565278 0.522656 0.438889 0.520312
5 0.616667 0.224219 0.377778 0.220312
5 0.465278 0.478125 0.530556 0.480469
5 0.458333 0.615625 0.581944 0.615625
5 0.379167 0.355469 0.630556 0.359375
