2 0.833333 0.209375 0.162500 0.213281
3 0.748611 0.337500 0.250000 0.348438
3 0.776389 0.692187 0.230556 0.697656
3 0.702778 0.436719 0.295833 0.452344
3 0.683333 0.585938 0.287500 0.585938
3 0.613889 0.897656 0.381944 0.901563
5 0.652778 0.126562 0.362500 0.126562
5 0.693056 0.281250 0.312500 0.281250
5 0.594444 0.663281 0.434722 0.660156
5 0.566667 0.398438 0.438889 0.398438
5 0.541667 0.500000 0.473611 0.495312
1 0.509722 0.253125 0.513889 0.252344
1 0.515278 0.652344 0.481944 0.650781
1 0.481944 0.745313 0.516667 0.746094
5 0.443056 0.833594 0.563889 0.834375
1 0.333333 0.824219 0.662500 0.820312
3 0.873611 0.222656 0.123611 0.222656
