3 0.4609375 0.3111111109375 0.46640625 0.3083333328125 0.4703125 0.30416666718749996 0.4859375 0.30555555624999997 0.50078125 0.3138888890625 0.50390625 0.3166666671875 0.5078125 0.3236111109375 0.5125 0.352777778125 0.51484375 0.35694444375 0.5171875 0.35694444375 0.5203125 0.35 0.52109375 0.3458333328125 0.52109375 0.3333333328125 0.51953125 0.325 0.51953125 0.3111111109375 0.51875 0.309722221875 0.51875 0.30416666718749996 0.5171875 0.2958333328125 0.5109375 0.275 0.50703125 0.26805555625 0.5015625 0.2625 0.49609375 0.259722221875 0.4890625 0.259722221875 0.47578125 0.26944444375 0.46640625 0.28194444375 0.46328125 0.290277778125 0.45625 0.302777778125 0.453125 0.3166666671875 0.453125 0.3236111109375 0.45390625 0.3263888890625 0.4546875 0.3263888890625 0.4609375 0.3111111109375
2 0.46171875 0.35972222187499997 0.46953125 0.35972222187499997 0.4765625 0.35 0.47890625 0.35 0.48515625 0.3611111109375 0.49453125 0.36805555624999997 0.49765625 0.36805555624999997 0.50234375 0.3625 0.50546875 0.352777778125 0.50703125 0.33055555625 0.5046875 0.322222221875 0.50234375 0.31944444375000003 0.478125 0.309722221875 0.46171875 0.3125 0.4578125 0.31944444375000003 0.45546875 0.3333333328125 0.4578125 0.34027777812500004 0.459375 0.35555555625 0.46171875 0.35972222187499997
3 0.725 0.377777778125 0.73359375 0.36944444375 0.73515625 0.3638888890625 0.73515625 0.3583333328125 0.73359375 0.3541666671875 0.7328125 0.3458333328125 0.73046875 0.3361111109375 0.72109375 0.32777777812500003 0.71328125 0.32777777812500003 0.71171875 0.3291666671875 0.70625 0.34027777812500004 0.70390625 0.3513888890625 0.7 0.3611111109375 0.7 0.36805555624999997 0.70234375 0.372222221875 0.71015625 0.377777778125 0.725 0.377777778125
3 0.95 0.4166666671875 0.9734375 0.41805555625 0.98203125 0.42083333281249996 0.984375 0.41805555625 0.97734375 0.38333333281250004 0.96953125 0.36805555624999997 0.96328125 0.3638888890625 0.9578125 0.3638888890625 0.95703125 0.3625 0.9484375 0.3638888890625 0.93828125 0.372222221875 0.9328125 0.38055555625 0.92734375 0.3986111109375 0.92734375 0.4125 0.9296875 0.4166666671875 0.94921875 0.415277778125 0.95 0.4166666671875
3 0.32578125 0.3861111109375 0.325 0.39305555625 0.32265625 0.40138888906250003 0.3234375 0.415277778125 0.328125 0.427777778125 0.3328125 0.43055555625 0.3484375 0.4291666671875 0.35078125 0.427777778125 0.36015625 0.4125 0.36171875 0.40416666718750005 0.36171875 0.39305555625 0.35625 0.372222221875 0.35234375 0.365277778125 0.34609375 0.35972222187499997 0.3390625 0.35972222187499997 0.33515625 0.3625 0.33046875 0.36944444375 0.32578125 0.3861111109375
3 0.43515625 0.41805555625 0.434375 0.4375 0.4359375 0.440277778125 0.4421875 0.4388888890625 0.45 0.43055555625 0.4515625 0.4125 0.45625 0.40138888906250003 0.45625 0.397222221875 0.4546875 0.39305555625 0.45234375 0.3916666671875 0.44453125 0.39305555625 0.4390625 0.4 0.43515625 0.41805555625
3 0.596875 0.42222222187499997 0.58984375 0.415277778125 0.58515625 0.415277778125 0.5796875 0.41944444374999995 0.57421875 0.43333333281249997 0.57421875 0.447222221875 0.59921875 0.4458333328125 0.59921875 0.4361111109375 0.596875 0.42222222187499997
5 0.6875 0.48472222187499997 0.68828125 0.4861111109375 0.68828125 0.49305555625 0.68671875 0.4986111109375 0.68515625 0.5138888890625 0.684375 0.54305555625 0.68359375 0.54444444375 0.6828125 0.5763888890625 0.684375 0.5930555562500001 0.715625 0.5875 0.7265625 0.5916666671875 0.73984375 0.5930555562500001 0.7421875 0.5888888890625 0.74375 0.5791666671875 0.7421875 0.46944444374999994 0.74296875 0.4611111109375 0.74921875 0.440277778125 0.7484375 0.4236111109375 0.74609375 0.41944444374999995 0.73984375 0.4138888890625 0.7375 0.4138888890625 0.73125 0.41944444374999995 0.721875 0.45 0.71875 0.45555555625000005 0.7171875 0.45555555625000005 0.71171875 0.447222221875 0.70390625 0.42083333281249996 0.70078125 0.415277778125 0.69609375 0.4138888890625 0.684375 0.42222222187499997 0.68203125 0.43333333281249997 0.684375 0.45277777812500003 0.6875 0.46527777812500004 0.6875 0.48472222187499997
5 0.3609375 0.4625 0.35546875 0.47083333281249995 0.35 0.4861111109375 0.3484375 0.49444444374999996 0.34375 0.5041666671875 0.34140625 0.50555555625 0.33984375 0.5041666671875 0.33515625 0.490277778125 0.3328125 0.46527777812500004 0.325 0.45 0.31796875 0.45 0.31328125 0.45277777812500003 0.31015625 0.4583333328125 0.3078125 0.47083333281249995 0.3078125 0.4861111109375 0.31015625 0.525 0.31171875 0.5291666671875 0.31328125 0.54305555625 0.3125 0.575 0.309375 0.6013888890625 0.309375 0.61944444375 0.3078125 0.625 0.309375 0.6333333328124999 0.30859375 0.6486111109375 0.31015625 0.652777778125 0.32265625 0.6555555562500001 0.33203125 0.6611111109375 0.35390625 0.6625 0.375 0.6583333328125 0.37890625 0.6541666671875 0.3796875 0.6375 0.37734375 0.6138888890625 0.37734375 0.5986111109375 0.37578125 0.5930555562500001 0.3734375 0.5638888890625 0.3734375 0.5361111109375 0.3765625 0.5166666671875 0.3796875 0.5083333328124999 0.38046875 0.4875 0.384375 0.475 0.384375 0.4611111109375 0.38125 0.45555555625000005 0.36875 0.4458333328125 0.36484375 0.4458333328125 0.3625 0.4513888890625 0.3609375 0.4625
5 0.57421875 0.5763888890625 0.58046875 0.60694444375 0.58359375 0.6291666671875 0.5859375 0.6319444437499999 0.61015625 0.63055555625 0.61171875 0.627777778125 0.6125 0.6138888890625 0.6140625 0.6111111109375 0.61640625 0.6125 0.6203125 0.6111111109375 0.62265625 0.60694444375 0.621875 0.5291666671875 0.61875 0.515277778125 0.61484375 0.5069444437499999 0.61484375 0.49305555625 0.609375 0.48333333281249996 0.60078125 0.48055555625 0.59921875 0.48333333281249996 0.5984375 0.4916666671875 0.59609375 0.49583333281249997 0.59375 0.497222221875 0.5859375 0.5125 0.58203125 0.5125 0.57890625 0.5041666671875 0.57890625 0.49444444374999996 0.57421875 0.48194444374999995 0.571875 0.48055555625 0.5625 0.48472222187499997 0.5609375 0.4875 0.5609375 0.4986111109375 0.56640625 0.5236111109375 0.57421875 0.5763888890625
2 0.67109375 0.61944444375 0.68125 0.63055555625 0.68515625 0.6125 0.6828125 0.5861111109375 0.6796875 0.5791666671875 0.67265625 0.5791666671875 0.66953125 0.584722221875 0.66953125 0.5916666671875 0.67109375 0.5958333328125 0.67109375 0.61944444375
1 0.7515625 0.6263888890625 0.75546875 0.6180555562500001 0.7578125 0.5888888890625 0.7546875 0.58194444375 0.74609375 0.58055555625 0.74296875 0.5958333328125 0.7421875 0.622222221875 0.7453125 0.6291666671875 0.7515625 0.6263888890625
5 0.8984375 0.5333333328125 0.90078125 0.5416666671875 0.90234375 0.5555555562500001 0.909375 0.5791666671875 0.9109375 0.6013888890625 0.9109375 0.6347222218749999 0.90859375 0.6541666671875 0.9046875 0.6736111109375 0.9046875 0.6888888890625 0.90390625 0.690277778125 0.90390625 0.6972222218749999 0.90703125 0.715277778125 0.90703125 0.74444444375 0.903125 0.75555555625 0.90390625 0.765277778125 0.90625 0.76805555625 0.91171875 0.76944444375 0.93671875 0.76944444375 0.94921875 0.772222221875 0.95703125 0.76805555625 0.965625 0.772222221875 0.99375 0.772222221875 0.99609375 0.76944444375 0.9984375 0.76944444375 0.9984375 0.5 0.9890625 0.4916666671875 0.98203125 0.490277778125 0.97265625 0.5083333328124999 0.97265625 0.5236111109375 0.9703125 0.5416666671875 0.965625 0.5583333328125 0.96171875 0.5611111109375 0.9578125 0.5541666671875001 0.95390625 0.54305555625 0.9484375 0.534722221875 0.94296875 0.51805555625 0.93828125 0.5097222218749999 0.9359375 0.5097222218749999 0.92890625 0.5013888890625 0.9265625 0.4888888890625 0.92265625 0.48194444374999995 0.9171875 0.48194444374999995 0.9 0.49444444374999996 0.8953125 0.502777778125 0.89453125 0.5097222218749999 0.89765625 0.5208333328125 0.8984375 0.5333333328125
5 0.5234375 0.459722221875 0.5203125 0.4625 0.5078125 0.4625 0.496875 0.48055555625 0.48828125 0.4888888890625 0.48359375 0.497222221875 0.475 0.5208333328125 0.471875 0.5263888890625 0.46484375 0.5486111109375 0.4625 0.5486111109375 0.459375 0.54305555625 0.4484375 0.5125 0.4453125 0.5069444437499999 0.44296875 0.4916666671875 0.44375 0.459722221875 0.4421875 0.45694444375 0.4375 0.45555555625000005 0.43125 0.4458333328125 0.42421875 0.4458333328125 0.409375 0.459722221875 0.40703125 0.46388888906250003 0.40546875 0.47083333281249995 0.40546875 0.4875 0.4046875 0.4888888890625 0.4046875 0.522222221875 0.40625 0.5319444437499999 0.40625 0.5541666671875001 0.4046875 0.5611111109375 0.4046875 0.5833333328125 0.40546875 0.584722221875 0.40546875 0.6111111109375 0.40625 0.6125 0.40703125 0.6458333328125 0.4078125 0.647222221875 0.4078125 0.675 0.40546875 0.6888888890625 0.403125 0.7208333328125 0.4015625 0.73055555625 0.4015625 0.7541666671875 0.4 0.7625 0.4 0.7875 0.40546875 0.8041666671875 0.41484375 0.81805555625 0.4265625 0.825 0.44140625 0.825 0.4421875 0.8263888890625 0.4484375 0.8263888890625 0.45625 0.8291666671875 0.4640625 0.8263888890625 0.48046875 0.825 0.4875 0.8194444437499999 0.496875 0.815277778125 0.5125 0.8027777781250001 0.51953125 0.79444444375 0.53671875 0.7625 0.53828125 0.7486111109375 0.5390625 0.722222221875 0.53984375 0.7208333328125 0.53984375 0.709722221875 0.5375 0.6958333328124999 0.53828125 0.64305555625 0.53671875 0.6347222218749999 0.53671875 0.60694444375 0.5390625 0.590277778125 0.53984375 0.565277778125 0.5421875 0.5513888890625 0.54296875 0.5 0.546875 0.46388888906250003 0.54609375 0.45555555625000005 0.54296875 0.4486111109375 0.525 0.4375 0.521875 0.4388888890625 0.52421875 0.4486111109375 0.5234375 0.459722221875
1 0.30625 0.6666666671875 0.3078125 0.6638888890625 0.30703125 0.6319444437499999 0.3046875 0.627777778125 0.296875 0.625 0.2953125 0.6263888890625 0.29765625 0.652777778125 0.3015625 0.6638888890625 0.30625 0.6666666671875
1 0.9 0.7666666671875 0.8984375 0.7513888890625 0.8953125 0.7486111109375 0.884375 0.7486111109375 0.88359375 0.747222221875 0.88046875 0.75 0.890625 0.7791666671875 0.8953125 0.7805555562500001 0.89765625 0.7763888890625 0.9 0.7666666671875