5 0.504687 0.512500 0.490625 0.490625
5 0.118750 0.342187 0.879687 0.687500
5 0.345313 0.389062 0.657813 0.615625
5 0.446875 0.357812 0.557813 0.650000
5 0.687500 0.467187 0.306250 0.526563
2 0.562500 0.612500 0.448437 0.378125
3 0.707812 0.560937 0.298438 0.457813
3 0.576562 0.653125 0.425000 0.348438
3 0.579688 0.543750 0.420312 0.442188
3 0.429688 0.570312 0.559375 0.425000
3 0.320312 0.600000 0.696875 0.400000
3 0.103125 0.545312 0.929688 0.456250
1 0.726562 0.339063 0.262500 0.657813
1 0.273438 0.389062 0.718750 0.601562
1 0.342187 0.381250 0.653125 0.607812
0 0.340625 0.154687 0.660937 0.815625
0 0.125000 0.003125 0.881250 0.953125
0 0.035937 0.054688 0.942187 0.940625
0 0.423438 0.237500 0.575000 0.779687
0 0.642188 0.173438 0.356250 0.823438
0 0.729688 0.078125 0.273438 0.925000
