5 0.200000 0.223437 0.217188 0.782813
5 0.606250 0.375000 0.604688 0.657813
5 0.448437 0.906250 0.459375 0.115625
5 0.367188 0.431250 0.354687 0.573438
0 0.798438 0.292188 0.812500 0.701562
0 0.714063 0.192187 0.709375 0.793750
3 0.181250 0.885938 0.182812 0.098437
3 0.182812 0.300000 0.196875 0.704688
3 0.362500 0.335938 0.359375 0.664062
3 0.310937 0.434375 0.303125 0.568750
2 0.198437 0.276563 0.221875 0.726562
0 0.653125 0.882812 0.654687 0.109375
0 0.451562 0.465625 0.437500 0.525000
0 0.445312 0.434375 0.465625 0.562500
1 0.364063 0.443750 0.362500 0.539062
