5 0.728125 0.554688 0.265625 0.459375
5 0.623437 0.414062 0.379688 0.590625
5 0.454688 0.529687 0.540625 0.471875
5 0.406250 0.379687 0.617188 0.625000
5 0.265625 0.412500 0.765625 0.593750
0 0.278125 0.154687 0.726562 0.850000
0 0.395312 0.084375 0.612500 0.917188
0 0.379687 0.087500 0.626563 0.917188
0 0.428125 0.064063 0.567187 0.931250
0 0.457812 0.010938 0.548438 0.982812
0 0.609375 0.087500 0.401562 0.914062
0 0.565625 0.123437 0.448437 0.864062
0 0.673438 0.050000 0.329688 0.946875
1 0.426562 0.267188 0.584375 0.729688
3 0.720313 0.625000 0.282813 0.378125
3 0.581250 0.609375 0.426563 0.385937
3 0.478125 0.634375 0.534375 0.370312
3 0.434375 0.617188 0.575000 0.398438
3 0.368750 0.639062 0.637500 0.360938
3 0.268750 0.650000 0.732812 0.365625
3 0.021875 0.467187 0.976562 0.501563
5 0.185937 0.600000 0.806250 0.396875
5 0.215625 0.546875 0.784375 0.468750
5 0.132812 0.595313 0.860938 0.407813
3 0.139062 0.598437 0.864062 0.390625
3 0.184375 0.601562 0.818750 0.389062
3 0.221875 0.606250 0.785937 0.395313
5 0.075000 0.453125 0.929688 0.532813
0 0.068750 0.367188 0.940625 0.640625
0 0.089063 0.392188 0.929688 0.635938
