5 0.493750 0.084375 0.507812 0.085938
5 0.489062 0.629687 0.517188 0.623437
5 0.571875 0.250000 0.460938 0.293750
5 0.614062 0.400000 0.390625 0.401562
5 0.601562 0.560937 0.400000 0.556250
5 0.443750 0.882812 0.551562 0.885938
5 0.512500 0.796875 0.535937 0.795312
3 0.607812 0.712500 0.395313 0.723437
3 0.573438 0.603125 0.450000 0.601562
3 0.637500 0.570312 0.359375 0.576562
3 0.635938 0.454688 0.370312 0.479687
3 0.670312 0.275000 0.332813 0.300000
3 0.506250 0.000000 0.490625 0.003125
2 0.487500 0.898438 0.507812 0.906250
3 0.496875 0.892188 0.504687 0.903125
3 0.523438 0.881250 0.487500 0.878125
3 0.557813 0.809375 0.429688 0.809375
3 0.606250 0.687500 0.395313 0.679688
0 0.114062 0.681250 0.885938 0.696875
0 0.171875 0.756250 0.823438 0.760938
0 0.220313 0.804688 0.757812 0.801562
0 0.373437 0.437500 0.609375 0.439063
0 0.381250 0.823438 0.606250 0.828125
0 0.382812 0.890625 0.629687 0.893750
0 0.389062 0.854688 0.612500 0.865625
1 0.465625 0.921875 0.534375 0.928125
1 0.426562 0.882812 0.557813 0.882812
1 0.314063 0.592187 0.671875 0.575000
1 0.246875 0.740625 0.753125 0.768750
1 0.334375 0.128125 0.720313 0.126562
1 0.120313 0.057813 0.887500 0.095312
3 0.695312 0.404687 0.307812 0.418750
3 0.654687 0.523438 0.343750 0.512500
3 0.646875 0.532813 0.367188 0.529687
