3 0.681250 0.978125 0.692187 0.042188
3 0.682813 0.887500 0.673438 0.125000
3 0.704688 0.690625 0.681250 0.312500
3 0.729688 0.604688 0.703125 0.401562
3 0.460938 0.678125 0.471875 0.328125
3 0.464062 0.462500 0.475000 0.556250
3 0.657813 0.367188 0.650000 0.637500
3 0.245312 0.064063 0.243750 0.923438
5 0.331250 0.050000 0.328125 0.953125
5 0.490625 0.439063 0.496875 0.554688
5 0.703125 0.376563 0.687500 0.629687
5 0.490625 0.709375 0.487500 0.293750
5 0.739062 0.850000 0.721875 0.151562
5 0.743750 0.964063 0.735938 0.037500
5 0.801562 0.179688 0.760938 0.818750
1 0.568750 0.679688 0.570312 0.331250
0 0.571875 0.067187 0.571875 0.948438
0 0.568750 0.028125 0.571875 0.996875
0 0.921875 0.392188 0.917188 0.589063
