3 0.318750 0.021875 0.692187 0.042188
3 0.317187 0.112500 0.673438 0.125000
3 0.295312 0.309375 0.681250 0.312500
3 0.270312 0.395313 0.703125 0.401562
3 0.539062 0.321875 0.471875 0.328125
3 0.535937 0.537500 0.475000 0.556250
3 0.342187 0.632812 0.650000 0.637500
3 0.754687 0.935937 0.243750 0.923438
5 0.668750 0.950000 0.328125 0.953125
5 0.509375 0.560937 0.496875 0.554688
5 0.296875 0.623437 0.687500 0.629687
5 0.509375 0.290625 0.487500 0.293750
5 0.260938 0.150000 0.721875 0.151562
5 0.256250 0.035937 0.735938 0.037500
5 0.198438 0.820312 0.760938 0.818750
1 0.431250 0.320312 0.570312 0.331250
0 0.428125 0.932813 0.571875 0.948438
0 0.431250 0.971875 0.571875 0.996875
0 0.078125 0.607812 0.917188 0.589063
