5 0.800000 0.776563 0.217188 0.782813
5 0.393750 0.625000 0.604688 0.657813
5 0.551562 0.093750 0.459375 0.115625
5 0.632812 0.568750 0.354687 0.573438
0 0.201562 0.707812 0.812500 0.701562
0 0.285937 0.807813 0.709375 0.793750
3 0.818750 0.114062 0.182812 0.098437
3 0.817187 0.700000 0.196875 0.704688
3 0.637500 0.664062 0.359375 0.664062
3 0.689063 0.565625 0.303125 0.568750
2 0.801562 0.723437 0.221875 0.726562
0 0.346875 0.117188 0.654687 0.109375
0 0.548438 0.534375 0.437500 0.525000
0 0.554688 0.565625 0.465625 0.562500
1 0.635938 0.556250 0.362500 0.539062
