5 0.223437 0.800000 0.782813 0.217188
5 0.375000 0.393750 0.657813 0.604688
5 0.906250 0.551562 0.115625 0.459375
5 0.431250 0.632812 0.573438 0.354687
0 0.292188 0.201562 0.701562 0.812500
0 0.192187 0.285937 0.793750 0.709375
3 0.885938 0.818750 0.098437 0.182812
3 0.300000 0.817187 0.704688 0.196875
3 0.335938 0.637500 0.664062 0.359375
3 0.434375 0.689063 0.568750 0.303125
2 0.276563 0.801562 0.726562 0.221875
0 0.882812 0.346875 0.109375 0.654687
0 0.465625 0.548438 0.525000 0.437500
0 0.434375 0.554688 0.562500 0.465625
1 0.443750 0.635938 0.539062 0.362500
