5 0.248437 0.770312 0.751563 0.762500
5 0.184375 0.529687 0.812500 0.520312
5 0.009375 0.196875 0.992188 0.203125
5 0.225000 0.093750 0.812500 0.093750
5 0.364062 0.131250 0.609375 0.131250
5 0.206250 0.379688 0.801562 0.382812
5 0.271875 0.435937 0.734375 0.439063
5 0.315625 0.304688 0.693750 0.304688
5 0.385938 0.556250 0.643750 0.560937
5 0.415625 0.681250 0.612500 0.681250
5 0.284375 0.829688 0.721875 0.840625
5 0.443750 0.653125 0.554688 0.662500
5 0.395312 0.212500 0.615625 0.218750
3 0.395312 0.140625 0.604688 0.170313
3 0.362500 0.262500 0.642188 0.282813
3 0.356250 0.520312 0.639062 0.534375
3 0.337500 0.740625 0.662500 0.771875
3 0.512500 0.734375 0.479687 0.735938
3 0.585938 0.842187 0.407813 0.840625
3 0.439063 0.451562 0.557813 0.459375
3 0.442187 0.309375 0.560937 0.315625
3 0.487500 0.193750 0.504687 0.193750
3 0.551562 0.220312 0.440625 0.217188
3 0.610938 0.231250 0.365625 0.220312
3 0.501563 0.600000 0.490625 0.615625
3 0.618750 0.664062 0.365625 0.657813
2 0.582812 0.617188 0.421875 0.634375
1 0.490625 0.559375 0.496875 0.543750
