5 0.204688 0.267188 0.789062 0.737500
5 0.473437 0.248437 0.531250 0.796875
5 0.818750 0.201562 0.182812 0.803125
5 0.909375 0.273438 0.092188 0.767188
5 0.901563 0.365625 0.100000 0.670312
5 0.626563 0.335938 0.376563 0.690625
5 0.568750 0.370313 0.432812 0.670312
5 0.668750 0.370313 0.321875 0.640625
5 0.429688 0.432813 0.551562 0.576562
5 0.321875 0.439063 0.671875 0.562500
5 0.150000 0.340625 0.843750 0.670312
5 0.367188 0.481250 0.632812 0.525000
5 0.803125 0.489062 0.198437 0.567187
3 0.870313 0.437500 0.128125 0.582812
3 0.743750 0.400000 0.245312 0.610938
3 0.514062 0.389062 0.485938 0.628125
3 0.275000 0.385938 0.714063 0.629687
3 0.326562 0.520312 0.681250 0.485938
3 0.198438 0.546875 0.821875 0.451562
3 0.592187 0.467187 0.406250 0.545312
3 0.723437 0.453125 0.278125 0.551562
3 0.859375 0.481250 0.159375 0.520312
3 0.834375 0.545312 0.179688 0.464062
3 0.793750 0.587500 0.235937 0.401562
3 0.432813 0.512500 0.567187 0.496875
3 0.382812 0.592187 0.670312 0.403125
2 0.382812 0.582812 0.634375 0.421875
1 0.487500 0.476562 0.514062 0.539062
