5 0.540625 0.906250 0.550000 0.087500
5 0.575000 0.389062 0.593750 0.610938
5 0.514062 0.650000 0.525000 0.360938
5 0.437500 0.593750 0.453125 0.406250
5 0.450000 0.457812 0.471875 0.540625
5 0.495312 0.118750 0.506250 0.870313
5 0.526563 0.173438 0.473438 0.823438
3 0.373437 0.229688 0.362500 0.768750
3 0.443750 0.354688 0.445312 0.664062
3 0.332813 0.414062 0.323437 0.581250
3 0.328125 0.509375 0.312500 0.485938
3 0.289062 0.671875 0.276562 0.321875
3 0.493750 1.000000 0.490625 0.003125
2 0.507812 0.093750 0.506250 0.893750
3 0.504687 0.096875 0.485938 0.896875
3 0.476562 0.118750 0.487500 0.878125
3 0.439063 0.206250 0.443750 0.804688
3 0.398438 0.306250 0.393750 0.687500
0 0.814063 0.301562 0.820312 0.698438
0 0.795312 0.268750 0.798438 0.723437
0 0.767188 0.231250 0.779687 0.770312
0 0.625000 0.579688 0.631250 0.423438
0 0.606250 0.171875 0.604688 0.817187
0 0.629687 0.106250 0.614062 0.903125
0 0.612500 0.134375 0.600000 0.859375
1 0.534375 0.071875 0.520312 0.923438
1 0.557813 0.117188 0.556250 0.878125
1 0.704688 0.410937 0.685937 0.592187
1 0.723437 0.246875 0.723437 0.739062
1 0.743750 0.834375 0.737500 0.173437
1 0.867188 0.923438 0.848437 0.060937
3 0.295312 0.557813 0.289062 0.442188
3 0.367188 0.467187 0.354687 0.534375
3 0.353125 0.467187 0.367188 0.529687
