5 0.815625 0.753125 0.179688 0.757812
5 0.514062 0.631250 0.517188 0.626563
5 0.642188 0.062500 0.373437 0.057813
5 0.621875 0.528125 0.375000 0.548438
0 0.231250 0.751563 0.778125 0.750000
0 0.182813 0.818750 0.812500 0.825000
3 0.762500 0.131250 0.235937 0.142187
3 0.864062 0.704688 0.148438 0.700000
3 0.643750 0.610938 0.390625 0.609375
3 0.712500 0.564063 0.282813 0.559375
2 0.775000 0.729688 0.223438 0.735938
0 0.332812 0.151562 0.656250 0.157812
0 0.548438 0.523438 0.451562 0.534375
0 0.554688 0.565625 0.465625 0.562500
1 0.628125 0.545312 0.364063 0.556250
