3 0.307813 0.045312 0.671875 0.046875
3 0.326562 0.125000 0.673438 0.139063
3 0.326562 0.296875 0.696875 0.295312
3 0.296875 0.401562 0.695312 0.400000
3 0.528125 0.328125 0.435937 0.329688
3 0.523438 0.567187 0.465625 0.568750
3 0.350000 0.637500 0.629687 0.634375
3 0.732812 0.943750 0.245312 0.935937
5 0.687500 0.925000 0.323437 0.918750
5 0.435937 0.507812 0.564063 0.562500
5 0.289062 0.582812 0.726562 0.578125
5 0.435937 0.259375 0.565625 0.298438
5 0.260938 0.150000 0.721875 0.151562
5 0.264062 0.037500 0.709375 0.032813
5 0.198438 0.820312 0.760938 0.818750
1 0.431250 0.320312 0.570312 0.331250
0 0.428125 0.932813 0.571875 0.948438
0 0.445312 0.990625 0.556250 0.973437
0 0.078125 0.607812 0.917188 0.589063
