3 0.667188 0.140625 0.309375 0.139063
3 0.664062 0.289062 0.337500 0.276562
3 0.726562 0.596875 0.271875 0.612500
3 0.839063 0.679688 0.164062 0.682813
1 0.507812 0.589063 0.495312 0.593750
1 0.520312 0.887500 0.496875 0.890625
5 0.704688 0.423438 0.301563 0.418750
5 0.767188 0.734375 0.242188 0.742188
5 0.525000 0.073438 0.490625 0.078125
5 0.489062 0.300000 0.481250 0.304688
5 0.406250 0.403125 0.590625 0.407813
3 0.707812 0.676562 0.300000 0.667188
0 0.285937 0.096875 0.737500 0.098437
0 0.273438 0.160938 0.714063 0.154688
0 0.060937 0.489063 0.939063 0.518750
0 0.150000 0.528125 0.825000 0.526563
