5 0.473437 0.276562 0.568750 0.273438
5 0.415625 0.437500 0.573438 0.443750
5 0.560937 0.514062 0.437500 0.510938
5 0.407813 0.634375 0.582812 0.639062
5 0.464063 0.768750 0.473438 0.781250
0 0.221875 0.742188 0.768750 0.739062
0 0.176562 0.610938 0.818750 0.600000
0 0.101562 0.659375 0.882812 0.656250
0 0.039062 0.559375 0.957812 0.571875
0 0.060937 0.542188 0.940625 0.528125
0 0.135938 0.404687 0.862500 0.396875
0 0.154687 0.421875 0.876563 0.423438
0 0.095313 0.323437 0.900000 0.320312
1 0.323438 0.578125 0.681250 0.575000
3 0.637500 0.320312 0.331250 0.309375
3 0.671875 0.404687 0.346875 0.392188
3 0.667188 0.523438 0.334375 0.512500
3 0.623437 0.589063 0.360938 0.585938
3 0.620313 0.659375 0.389062 0.667188
3 0.623437 0.760938 0.365625 0.768750
3 0.496875 0.954688 0.510938 0.954688
5 0.589063 0.817187 0.400000 0.814063
5 0.540625 0.796875 0.446875 0.800000
5 0.595313 0.867188 0.407813 0.860938
3 0.609375 0.864062 0.389062 0.857812
3 0.610938 0.818750 0.385937 0.810937
3 0.604688 0.785937 0.379688 0.779687
5 0.470313 0.946875 0.543750 0.945312
0 0.367188 0.931250 0.640625 0.940625
0 0.392188 0.910937 0.635938 0.929688
