5 0.246875 0.815625 0.757812 0.179688
5 0.368750 0.514062 0.626563 0.517188
5 0.937500 0.642188 0.057813 0.373437
5 0.471875 0.621875 0.548438 0.375000
0 0.248437 0.231250 0.750000 0.778125
0 0.181250 0.182813 0.825000 0.812500
3 0.868750 0.762500 0.142187 0.235937
3 0.295312 0.864062 0.700000 0.148438
3 0.389062 0.643750 0.609375 0.390625
3 0.435937 0.712500 0.559375 0.282813
2 0.270312 0.775000 0.735938 0.223438
0 0.848437 0.332812 0.157812 0.656250
0 0.476562 0.548438 0.534375 0.451562
0 0.434375 0.554688 0.562500 0.465625
1 0.454688 0.628125 0.556250 0.364063
