3 0.959375 0.865625 0.046875 0.142187
3 0.875000 0.875000 0.139063 0.140625
5 1.000000 0.740378 0.028125 0.264062
5 0.921875 0.775000 0.071875 0.256250
1 0.848437 0.610938 0.159375 0.348438
0 0.831250 0.415625 0.165625 0.606250
0 0.598437 0.390625 0.415625 0.612500
3 0.446875 0.623437 0.564063 0.390625
5 0.553125 0.584375 0.439063 0.428125
2 0.846875 0.837500 0.154688 0.167187
2 0.445312 0.595313 0.560937 0.392188
1 0.351562 0.639062 0.639062 0.353125
1 0.234375 0.576562 0.779687 0.412500
0 0.318750 0.373437 0.684375 0.598437
0 0.279687 0.337500 0.720313 0.640625
3 0.282813 0.895312 0.737500 0.120313
5 0.350000 0.784375 0.637500 0.248438
5 0.253125 0.531250 0.746875 0.492188
