3 0.225 0.1578125 0.221875 0.1515625 0.221875 0.13125 0.21875 0.1171875 0.1984375 0.10625 0.1828125 0.109375 0.1765625 0.1171875 0.1734375 0.1296875 0.1734375 0.1515625 0.184375 0.1578125 0.203125 0.159375 0.21875 0.1671875 0.2234375 0.1671875 0.225 0.1578125
3 0.5578125 0.20625 0.578125 0.19375 0.578125 0.178125 0.56875 0.165625 0.55625 0.15625 0.5421875 0.159375 0.5328125 0.16875 0.528125 0.178125 0.5265625 0.2 0.5328125 0.221875 0.5390625 0.221875 0.546875 0.2171875 0.5578125 0.20625
3 0.521875 0.41875 0.521875 0.39375 0.5171875 0.378125 0.5109375 0.36875 0.5015625 0.3625 0.496875 0.3625 0.4875 0.3671875 0.4765625 0.3671875 0.4734375 0.3703125 0.4734375 0.384375 0.475 0.3890625 0.478125 0.390625 0.5015625 0.4375 0.5078125 0.4421875 0.5109375 0.4421875 0.521875 0.41875
1 0.5640625 0.434375 0.5640625 0.4453125 0.5734375 0.4640625 0.5828125 0.46875 0.5890625 0.4640625 0.590625 0.4390625 0.5703125 0.41875 0.5640625 0.434375
1 0.4234375 0.325 0.4328125 0.3296875 0.4390625 0.3234375 0.4375 0.26875 0.4296875 0.2625 0.4234375 0.278125 0.4234375 0.325
1 0.628125 0.3453125 0.6375 0.3453125 0.6375 0.325 0.6296875 0.315625 0.6203125 0.3140625 0.615625 0.3390625 0.628125 0.3453125
1 0.1828125 0.390625 0.18125 0.3765625 0.16875 0.365625 0.159375 0.375 0.165625 0.4046875 0.1828125 0.390625
0 0.2015625 0.69375 0.2 0.68125 0.1953125 0.6765625 0.190625 0.696875 0.1921875 0.71875 0.2015625 0.7375 0.215625 0.740625 0.21875 0.734375 0.21875 0.721875 0.2125 0.715625 0.2015625 0.69375
0 0.5125 0.940625 0.5234375 0.9390625 0.528125 0.909375 0.528125 0.8875 0.5234375 0.878125 0.5140625 0.8875 0.5046875 0.8859375 0.49375 0.915625 0.484375 0.925 0.484375 0.9375 0.4875 0.940625 0.5078125 0.94375 0.5125 0.940625
0 0.603125 0.846875 0.590625 0.8421875 0.5828125 0.84375 0.55625 0.865625 0.553125 0.88125 0.5640625 0.890625 0.6 0.8921875 0.6046875 0.8765625 0.603125 0.846875
0 0.6640625 0.915625 0.6828125 0.9078125 0.68125 0.840625 0.66875 0.84375 0.6640625 0.85 0.6640625 0.915625