5 0.506250 0.915625 0.507812 0.085938
5 0.510938 0.370313 0.517188 0.623437
5 0.428125 0.750000 0.460938 0.293750
5 0.385937 0.600000 0.390625 0.401562
5 0.398438 0.439063 0.400000 0.556250
5 0.556250 0.117188 0.551562 0.885938
5 0.487500 0.203125 0.535937 0.795312
3 0.392188 0.287500 0.395313 0.723437
3 0.426563 0.396875 0.450000 0.601562
3 0.362500 0.429688 0.359375 0.576562
3 0.364063 0.545312 0.370312 0.479687
3 0.329688 0.725000 0.332813 0.300000
3 0.493750 1.000000 0.490625 0.003125
2 0.512500 0.101562 0.507812 0.906250
3 0.503125 0.107812 0.504687 0.903125
3 0.476562 0.118750 0.487500 0.878125
3 0.442188 0.190625 0.429688 0.809375
3 0.393750 0.312500 0.395313 0.679688
0 0.885938 0.318750 0.885938 0.696875
0 0.828125 0.243750 0.823438 0.760938
0 0.779687 0.195312 0.757812 0.801562
0 0.626563 0.562500 0.609375 0.439063
0 0.618750 0.176562 0.606250 0.828125
0 0.617188 0.109375 0.629687 0.893750
0 0.610938 0.145312 0.612500 0.865625
1 0.534375 0.078125 0.534375 0.928125
1 0.573438 0.117188 0.557813 0.882812
1 0.685937 0.407813 0.671875 0.575000
1 0.753125 0.259375 0.753125 0.768750
1 0.665625 0.871875 0.720313 0.126562
1 0.879687 0.942187 0.887500 0.095312
3 0.304688 0.595313 0.307812 0.418750
3 0.345313 0.476562 0.343750 0.512500
3 0.353125 0.467187 0.367188 0.529687
