5 0.445312 0.728125 0.459375 0.265625
5 0.585938 0.623437 0.590625 0.379688
5 0.470313 0.454688 0.471875 0.540625
5 0.620313 0.406250 0.625000 0.617188
5 0.587500 0.265625 0.593750 0.765625
0 0.845313 0.278125 0.850000 0.726562
0 0.915625 0.395312 0.917188 0.612500
0 0.912500 0.379687 0.917188 0.626563
0 0.935937 0.428125 0.931250 0.567187
0 0.989062 0.457812 0.982812 0.548438
0 0.912500 0.609375 0.914062 0.401562
0 0.876563 0.565625 0.864062 0.448437
0 0.950000 0.673438 0.946875 0.329688
1 0.732812 0.426562 0.729688 0.584375
3 0.375000 0.720313 0.378125 0.282813
3 0.390625 0.581250 0.385937 0.426563
3 0.365625 0.478125 0.370312 0.534375
3 0.382812 0.434375 0.398438 0.575000
3 0.360938 0.368750 0.360938 0.637500
3 0.350000 0.268750 0.365625 0.732812
3 0.532813 0.021875 0.501563 0.976562
5 0.400000 0.185937 0.396875 0.806250
5 0.453125 0.215625 0.468750 0.784375
5 0.404687 0.132812 0.407813 0.860938
3 0.401562 0.139062 0.390625 0.864062
3 0.398438 0.184375 0.389062 0.818750
3 0.393750 0.221875 0.395313 0.785937
5 0.546875 0.075000 0.532813 0.929688
0 0.632812 0.068750 0.640625 0.940625
0 0.607812 0.089063 0.635938 0.929688
