3 0.865625 0.040625 0.142187 0.046875
3 0.875000 0.125000 0.140625 0.139063
5 0.740378 0.000000 0.264062 0.028125
5 0.775000 0.078125 0.256250 0.071875
1 0.610938 0.151562 0.348438 0.159375
0 0.415625 0.168750 0.606250 0.165625
0 0.390625 0.401562 0.612500 0.415625
3 0.623437 0.553125 0.390625 0.564063
5 0.584375 0.446875 0.428125 0.439063
2 0.837500 0.153125 0.167187 0.154688
2 0.595313 0.554688 0.392188 0.560937
1 0.639062 0.648438 0.353125 0.639062
1 0.576562 0.765625 0.412500 0.779687
0 0.373437 0.681250 0.598437 0.684375
0 0.337500 0.720313 0.640625 0.720313
3 0.895312 0.717187 0.120313 0.737500
5 0.784375 0.650000 0.248438 0.637500
5 0.531250 0.746875 0.492188 0.746875
