5 0.229688 0.248437 0.762500 0.751563
5 0.470313 0.184375 0.520312 0.812500
5 0.803125 0.009375 0.203125 0.992188
5 0.906250 0.225000 0.093750 0.812500
5 0.868750 0.364062 0.131250 0.609375
5 0.620313 0.206250 0.382812 0.801562
5 0.564063 0.271875 0.439063 0.734375
5 0.695312 0.315625 0.304688 0.693750
5 0.443750 0.385938 0.560937 0.643750
5 0.318750 0.415625 0.681250 0.612500
5 0.170312 0.284375 0.840625 0.721875
5 0.346875 0.443750 0.662500 0.554688
5 0.787500 0.395312 0.218750 0.615625
3 0.859375 0.395312 0.170313 0.604688
3 0.737500 0.362500 0.282813 0.642188
3 0.479688 0.356250 0.534375 0.639062
3 0.259375 0.337500 0.771875 0.662500
3 0.265625 0.512500 0.735938 0.479687
3 0.157813 0.585938 0.840625 0.407813
3 0.548438 0.439063 0.459375 0.557813
3 0.690625 0.442187 0.315625 0.560937
3 0.806250 0.487500 0.193750 0.504687
3 0.779687 0.551562 0.217188 0.440625
3 0.768750 0.610938 0.220312 0.365625
3 0.400000 0.501563 0.615625 0.490625
3 0.335938 0.618750 0.657813 0.365625
2 0.382812 0.582812 0.634375 0.421875
1 0.440625 0.490625 0.543750 0.496875
