3 0.664062 0.975000 0.670312 0.021875
3 0.651563 0.873437 0.659375 0.117188
3 0.673438 0.703125 0.696875 0.295312
3 0.695312 0.618750 0.729688 0.384375
3 0.429688 0.695312 0.442188 0.300000
3 0.437500 0.451562 0.446875 0.539062
3 0.643750 0.395312 0.643750 0.617188
3 0.287500 0.087500 0.267188 0.943750
5 0.357812 0.060937 0.339062 0.950000
5 0.498437 0.429688 0.492188 0.567187
5 0.757812 0.381250 0.734375 0.626563
5 0.539062 0.700000 0.518750 0.292187
5 0.726562 0.879687 0.740625 0.121875
5 0.718750 0.993750 0.742188 0.004687
5 0.820312 0.204688 0.818750 0.814063
1 0.570312 0.668750 0.557813 0.323437
0 0.571875 0.051562 0.548438 0.945312
0 0.554688 0.009375 0.556250 0.973437
0 0.917188 0.410937 0.926562 0.585938
