3 0.954688 0.307813 0.046875 0.671875
3 0.875000 0.326562 0.139063 0.673438
3 0.703125 0.326562 0.295312 0.696875
3 0.598437 0.296875 0.400000 0.695312
3 0.671875 0.528125 0.329688 0.435937
3 0.432813 0.523438 0.568750 0.465625
3 0.362500 0.350000 0.634375 0.629687
3 0.056250 0.732812 0.935937 0.245312
5 0.075000 0.687500 0.918750 0.323437
5 0.492188 0.435937 0.562500 0.564063
5 0.417188 0.289062 0.578125 0.726562
5 0.740625 0.435937 0.298438 0.565625
5 0.850000 0.260938 0.151562 0.721875
5 0.962500 0.264062 0.032813 0.709375
5 0.179688 0.198438 0.818750 0.760938
1 0.679688 0.431250 0.331250 0.570312
0 0.067187 0.428125 0.948438 0.571875
0 0.009375 0.445312 0.973437 0.556250
0 0.392188 0.078125 0.589063 0.917188
