5 0.732812 0.204688 0.737500 0.789062
5 0.751563 0.473437 0.796875 0.531250
5 0.798438 0.818750 0.803125 0.182812
5 0.726562 0.909375 0.767188 0.092188
5 0.634375 0.901563 0.670312 0.100000
5 0.664062 0.626563 0.690625 0.376563
5 0.629687 0.568750 0.670312 0.432812
5 0.629687 0.668750 0.640625 0.321875
5 0.567187 0.429688 0.576562 0.551562
5 0.560937 0.321875 0.562500 0.671875
5 0.659375 0.150000 0.670312 0.843750
5 0.518750 0.367188 0.525000 0.632812
5 0.510938 0.803125 0.567187 0.198437
3 0.562500 0.870313 0.582812 0.128125
3 0.600000 0.743750 0.610938 0.245312
3 0.610938 0.514062 0.628125 0.485938
3 0.614062 0.275000 0.629687 0.714063
3 0.479687 0.326562 0.485938 0.681250
3 0.453125 0.198438 0.451562 0.821875
3 0.532813 0.592187 0.545312 0.406250
3 0.546875 0.723437 0.551562 0.278125
3 0.518750 0.859375 0.520312 0.159375
3 0.454688 0.834375 0.464062 0.179688
3 0.412500 0.793750 0.401562 0.235937
3 0.487500 0.432813 0.496875 0.567187
3 0.407813 0.382812 0.403125 0.670312
2 0.417187 0.382812 0.421875 0.634375
1 0.523438 0.487500 0.539062 0.514062
