3 0.946875 0.878125 0.045312 0.103125
3 0.832812 0.885938 0.162500 0.098437
5 1.000000 0.740378 0.028125 0.264062
5 0.892188 0.718750 0.109375 0.296875
1 0.854688 0.648438 0.148438 0.371875
0 0.785937 0.396875 0.220312 0.592187
0 0.562500 0.393750 0.445312 0.606250
3 0.426562 0.639062 0.570312 0.345313
5 0.570312 0.509375 0.428125 0.526563
2 0.864062 0.848437 0.137500 0.157812
2 0.456250 0.617188 0.545312 0.409375
1 0.356250 0.593750 0.648438 0.360938
1 0.220313 0.587500 0.779687 0.365625
0 0.328125 0.367188 0.681250 0.626563
0 0.300000 0.329688 0.717187 0.668750
3 0.293750 0.918750 0.698438 0.085938
5 0.335938 0.737500 0.662500 0.315625
5 0.232812 0.506250 0.775000 0.490625
