5 0.184375 0.246875 0.179688 0.757812
5 0.485938 0.368750 0.517188 0.626563
5 0.357812 0.937500 0.373437 0.057813
5 0.378125 0.471875 0.375000 0.548438
0 0.768750 0.248437 0.778125 0.750000
0 0.817187 0.181250 0.812500 0.825000
3 0.237500 0.868750 0.235937 0.142187
3 0.135937 0.295312 0.148438 0.700000
3 0.356250 0.389062 0.390625 0.609375
3 0.287500 0.435937 0.282813 0.559375
2 0.225000 0.270312 0.223438 0.735938
0 0.667188 0.848437 0.656250 0.157812
0 0.451562 0.476562 0.451562 0.534375
0 0.445312 0.434375 0.465625 0.562500
1 0.371875 0.454688 0.364063 0.556250
