3 0.878125 0.053125 0.103125 0.045312
3 0.885938 0.167187 0.098437 0.162500
5 0.740378 0.000000 0.264062 0.028125
5 0.718750 0.107813 0.296875 0.109375
1 0.648438 0.145313 0.371875 0.148438
0 0.396875 0.214062 0.592187 0.220312
0 0.393750 0.437500 0.606250 0.445312
3 0.639062 0.573438 0.345313 0.570312
5 0.509375 0.429688 0.526563 0.428125
2 0.848437 0.135937 0.157812 0.137500
2 0.617188 0.543750 0.409375 0.545312
1 0.593750 0.643750 0.360938 0.648438
1 0.587500 0.779687 0.365625 0.779687
0 0.367188 0.671875 0.626563 0.681250
0 0.329688 0.700000 0.668750 0.717187
3 0.918750 0.706250 0.085938 0.698438
5 0.737500 0.664062 0.315625 0.662500
5 0.506250 0.767188 0.490625 0.775000
