5 0.459375 0.093750 0.550000 0.087500
5 0.425000 0.610938 0.593750 0.610938
5 0.485938 0.350000 0.525000 0.360938
5 0.562500 0.406250 0.453125 0.406250
5 0.550000 0.542188 0.471875 0.540625
5 0.504687 0.881250 0.506250 0.870313
5 0.473437 0.826562 0.473438 0.823438
3 0.626563 0.770312 0.362500 0.768750
3 0.556250 0.645312 0.445312 0.664062
3 0.667188 0.585938 0.323437 0.581250
3 0.671875 0.490625 0.312500 0.485938
3 0.710938 0.328125 0.276562 0.321875
3 0.506250 0.000000 0.490625 0.003125
2 0.492188 0.906250 0.506250 0.893750
3 0.495313 0.903125 0.485938 0.896875
3 0.523438 0.881250 0.487500 0.878125
3 0.560937 0.793750 0.443750 0.804688
3 0.601562 0.693750 0.393750 0.687500
0 0.185937 0.698438 0.820312 0.698438
0 0.204688 0.731250 0.798438 0.723437
0 0.232812 0.768750 0.779687 0.770312
0 0.375000 0.420312 0.631250 0.423438
0 0.393750 0.828125 0.604688 0.817187
0 0.370313 0.893750 0.614062 0.903125
0 0.387500 0.865625 0.600000 0.859375
1 0.465625 0.928125 0.520312 0.923438
1 0.442187 0.882812 0.556250 0.878125
1 0.295312 0.589063 0.685937 0.592187
1 0.276563 0.753125 0.723437 0.739062
1 0.256250 0.165625 0.737500 0.173437
1 0.132812 0.076563 0.848437 0.060937
3 0.704688 0.442188 0.289062 0.442188
3 0.632812 0.532813 0.354687 0.534375
3 0.646875 0.532813 0.367188 0.529687
