3 0.975000 0.335938 0.021875 0.670312
3 0.873437 0.348437 0.117188 0.659375
3 0.703125 0.326562 0.295312 0.696875
3 0.618750 0.304688 0.384375 0.729688
3 0.695312 0.570312 0.300000 0.442188
3 0.451562 0.562500 0.539062 0.446875
3 0.395312 0.356250 0.617188 0.643750
3 0.087500 0.712500 0.943750 0.267188
5 0.060937 0.642188 0.950000 0.339062
5 0.429688 0.501563 0.567187 0.492188
5 0.381250 0.242188 0.626563 0.734375
5 0.700000 0.460938 0.292187 0.518750
5 0.879687 0.273438 0.121875 0.740625
5 0.993750 0.281250 0.004687 0.742188
5 0.204688 0.179688 0.814063 0.818750
1 0.668750 0.429688 0.323437 0.557813
0 0.051562 0.428125 0.945312 0.548438
0 0.009375 0.445312 0.973437 0.556250
0 0.410937 0.082812 0.585938 0.926562
