5 0.906250 0.459375 0.087500 0.550000
5 0.389062 0.425000 0.610938 0.593750
5 0.650000 0.485938 0.360938 0.525000
5 0.593750 0.562500 0.406250 0.453125
5 0.457812 0.550000 0.540625 0.471875
5 0.118750 0.504687 0.870313 0.506250
5 0.173438 0.473437 0.823438 0.473438
3 0.229688 0.626563 0.768750 0.362500
3 0.354688 0.556250 0.664062 0.445312
3 0.414062 0.667188 0.581250 0.323437
3 0.509375 0.671875 0.485938 0.312500
3 0.671875 0.710938 0.321875 0.276562
3 1.000000 0.506250 0.003125 0.490625
2 0.093750 0.492188 0.893750 0.506250
3 0.096875 0.495313 0.896875 0.485938
3 0.118750 0.523438 0.878125 0.487500
3 0.206250 0.560937 0.804688 0.443750
3 0.306250 0.601562 0.687500 0.393750
0 0.301562 0.185937 0.698438 0.820312
0 0.268750 0.204688 0.723437 0.798438
0 0.231250 0.232812 0.770312 0.779687
0 0.579688 0.375000 0.423438 0.631250
0 0.171875 0.393750 0.817187 0.604688
0 0.106250 0.370313 0.903125 0.614062
0 0.134375 0.387500 0.859375 0.600000
1 0.071875 0.465625 0.923438 0.520312
1 0.117188 0.442187 0.878125 0.556250
1 0.410937 0.295312 0.592187 0.685937
1 0.246875 0.276563 0.739062 0.723437
1 0.834375 0.256250 0.173437 0.737500
1 0.923438 0.132812 0.060937 0.848437
3 0.557813 0.704688 0.442188 0.289062
3 0.467187 0.632812 0.534375 0.354687
3 0.467187 0.646875 0.529687 0.367188
