5 0.915625 0.493750 0.085938 0.507812
5 0.370313 0.489062 0.623437 0.517188
5 0.750000 0.571875 0.293750 0.460938
5 0.600000 0.614062 0.401562 0.390625
5 0.439063 0.601562 0.556250 0.400000
5 0.117188 0.443750 0.885938 0.551562
5 0.203125 0.512500 0.795312 0.535937
3 0.287500 0.607812 0.723437 0.395313
3 0.396875 0.573438 0.601562 0.450000
3 0.429688 0.637500 0.576562 0.359375
3 0.545312 0.635938 0.479687 0.370312
3 0.725000 0.670312 0.300000 0.332813
3 1.000000 0.506250 0.003125 0.490625
2 0.101562 0.487500 0.906250 0.507812
3 0.107812 0.496875 0.903125 0.504687
3 0.118750 0.523438 0.878125 0.487500
3 0.190625 0.557813 0.809375 0.429688
3 0.312500 0.606250 0.679688 0.395313
0 0.318750 0.114062 0.696875 0.885938
0 0.243750 0.171875 0.760938 0.823438
0 0.195312 0.220313 0.801562 0.757812
0 0.562500 0.373437 0.439063 0.609375
0 0.176562 0.381250 0.828125 0.606250
0 0.109375 0.382812 0.893750 0.629687
0 0.145312 0.389062 0.865625 0.612500
1 0.078125 0.465625 0.928125 0.534375
1 0.117188 0.426562 0.882812 0.557813
1 0.407813 0.314063 0.575000 0.671875
1 0.259375 0.246875 0.768750 0.753125
1 0.871875 0.334375 0.126562 0.720313
1 0.942187 0.120313 0.095312 0.887500
3 0.595313 0.695312 0.418750 0.307812
3 0.476562 0.654687 0.512500 0.343750
3 0.467187 0.646875 0.529687 0.367188
