3 0.667188 0.107813 0.346875 0.132812
3 0.628125 0.290625 0.371875 0.296875
3 0.776563 0.543750 0.228125 0.548438
3 0.917188 0.695312 0.109375 0.687500
1 0.556250 0.610938 0.451562 0.609375
1 0.556250 0.862500 0.456250 0.871875
5 0.731250 0.478125 0.285938 0.456250
5 0.784375 0.725000 0.225000 0.723437
5 0.584375 0.078125 0.432812 0.073438
5 0.471875 0.253125 0.534375 0.257812
5 0.407813 0.339062 0.598437 0.345313
3 0.678125 0.684375 0.320312 0.701562
0 0.260938 0.123438 0.717187 0.117188
0 0.256250 0.134375 0.746875 0.167187
0 0.092187 0.442188 0.929688 0.443750
0 0.115625 0.564063 0.878125 0.562500
