3 0.332813 0.859375 0.309375 0.139063
3 0.335938 0.710938 0.337500 0.276562
3 0.273438 0.403125 0.271875 0.612500
3 0.160938 0.320312 0.164062 0.682813
1 0.492188 0.410937 0.495312 0.593750
1 0.479687 0.112500 0.496875 0.890625
5 0.295312 0.576562 0.301563 0.418750
5 0.232813 0.265625 0.242188 0.742188
5 0.475000 0.926562 0.490625 0.078125
5 0.510938 0.700000 0.481250 0.304688
5 0.593750 0.596875 0.590625 0.407813
3 0.292187 0.323438 0.300000 0.667188
0 0.714063 0.903125 0.737500 0.098437
0 0.726562 0.839063 0.714063 0.154688
0 0.939063 0.510938 0.939063 0.518750
0 0.850000 0.471875 0.825000 0.526563
