3 0.978125 0.318750 0.042188 0.692187
3 0.887500 0.317187 0.125000 0.673438
3 0.690625 0.295312 0.312500 0.681250
3 0.604688 0.270312 0.401562 0.703125
3 0.678125 0.539062 0.328125 0.471875
3 0.462500 0.535937 0.556250 0.475000
3 0.367188 0.342187 0.637500 0.650000
3 0.064063 0.754687 0.923438 0.243750
5 0.050000 0.668750 0.953125 0.328125
5 0.439063 0.509375 0.554688 0.496875
5 0.376563 0.296875 0.629687 0.687500
5 0.709375 0.509375 0.293750 0.487500
5 0.850000 0.260938 0.151562 0.721875
5 0.964063 0.256250 0.037500 0.735938
5 0.179688 0.198438 0.818750 0.760938
1 0.679688 0.431250 0.331250 0.570312
0 0.067187 0.428125 0.948438 0.571875
0 0.028125 0.431250 0.996875 0.571875
0 0.392188 0.078125 0.589063 0.917188
