3 0.332813 0.892188 0.346875 0.132812
3 0.371875 0.709375 0.371875 0.296875
3 0.223438 0.456250 0.228125 0.548438
3 0.082812 0.304688 0.109375 0.687500
1 0.443750 0.389062 0.451562 0.609375
1 0.443750 0.137500 0.456250 0.871875
5 0.268750 0.521875 0.285938 0.456250
5 0.215625 0.275000 0.225000 0.723437
5 0.415625 0.921875 0.432812 0.073438
5 0.528125 0.746875 0.534375 0.257812
5 0.592187 0.660937 0.598437 0.345313
3 0.321875 0.315625 0.320312 0.701562
0 0.739062 0.876563 0.717187 0.117188
0 0.743750 0.865625 0.746875 0.167187
0 0.907813 0.557813 0.929688 0.443750
0 0.884375 0.435937 0.878125 0.562500
