3 0.859375 0.667188 0.139063 0.309375
3 0.710938 0.664062 0.276562 0.337500
3 0.403125 0.726562 0.612500 0.271875
3 0.320312 0.839063 0.682813 0.164062
1 0.410937 0.507812 0.593750 0.495312
1 0.112500 0.520312 0.890625 0.496875
5 0.576562 0.704688 0.418750 0.301563
5 0.265625 0.767188 0.742188 0.242188
5 0.926562 0.525000 0.078125 0.490625
5 0.700000 0.489062 0.304688 0.481250
5 0.596875 0.406250 0.407813 0.590625
3 0.323438 0.707812 0.667188 0.300000
0 0.903125 0.285937 0.098437 0.737500
0 0.839063 0.273438 0.154688 0.714063
0 0.510938 0.060937 0.518750 0.939063
0 0.471875 0.150000 0.526563 0.825000
