3 0.892188 0.667188 0.132812 0.346875
3 0.709375 0.628125 0.296875 0.371875
3 0.456250 0.776563 0.548438 0.228125
3 0.304688 0.917188 0.687500 0.109375
1 0.389062 0.556250 0.609375 0.451562
1 0.137500 0.556250 0.871875 0.456250
5 0.521875 0.731250 0.456250 0.285938
5 0.275000 0.784375 0.723437 0.225000
5 0.921875 0.584375 0.073438 0.432812
5 0.746875 0.471875 0.257812 0.534375
5 0.660937 0.407813 0.345313 0.598437
3 0.315625 0.678125 0.701562 0.320312
0 0.876563 0.260938 0.117188 0.717187
0 0.865625 0.256250 0.167187 0.746875
0 0.557813 0.092187 0.443750 0.929688
0 0.435937 0.115625 0.562500 0.878125
