3 0.134375 0.959375 0.142187 0.046875
3 0.125000 0.875000 0.140625 0.139063
5 0.259622 1.000000 0.264062 0.028125
5 0.225000 0.921875 0.256250 0.071875
1 0.389062 0.848437 0.348438 0.159375
0 0.584375 0.831250 0.606250 0.165625
0 0.609375 0.598437 0.612500 0.415625
3 0.376563 0.446875 0.390625 0.564063
5 0.415625 0.553125 0.428125 0.439063
2 0.162500 0.846875 0.167187 0.154688
2 0.404687 0.445312 0.392188 0.560937
1 0.360938 0.351562 0.353125 0.639062
1 0.423438 0.234375 0.412500 0.779687
0 0.626563 0.318750 0.598437 0.684375
0 0.662500 0.279687 0.640625 0.720313
3 0.104688 0.282813 0.120313 0.737500
5 0.215625 0.350000 0.248438 0.637500
5 0.468750 0.253125 0.492188 0.746875
