5 0.526563 0.723437 0.568750 0.273438
5 0.584375 0.562500 0.573438 0.443750
5 0.439063 0.485938 0.437500 0.510938
5 0.592187 0.365625 0.582812 0.639062
5 0.535937 0.231250 0.473438 0.781250
0 0.778125 0.257812 0.768750 0.739062
0 0.823438 0.389062 0.818750 0.600000
0 0.898438 0.340625 0.882812 0.656250
0 0.960938 0.440625 0.957812 0.571875
0 0.939063 0.457812 0.940625 0.528125
0 0.864062 0.595313 0.862500 0.396875
0 0.845313 0.578125 0.876563 0.423438
0 0.904687 0.676562 0.900000 0.320312
1 0.676562 0.421875 0.681250 0.575000
3 0.362500 0.679688 0.331250 0.309375
3 0.328125 0.595313 0.346875 0.392188
3 0.332813 0.476562 0.334375 0.512500
3 0.376563 0.410937 0.360938 0.585938
3 0.379688 0.340625 0.389062 0.667188
3 0.376563 0.239062 0.365625 0.768750
3 0.503125 0.045312 0.510938 0.954688
5 0.410938 0.182813 0.400000 0.814063
5 0.459375 0.203125 0.446875 0.800000
5 0.404687 0.132812 0.407813 0.860938
3 0.390625 0.135938 0.389062 0.857812
3 0.389062 0.181250 0.385937 0.810937
3 0.395313 0.214063 0.379688 0.779687
5 0.529687 0.053125 0.543750 0.945312
0 0.632812 0.068750 0.640625 0.940625
0 0.607812 0.089063 0.635938 0.929688
