5 0.267188 0.795312 0.737500 0.789062
5 0.248437 0.526563 0.796875 0.531250
5 0.201562 0.181250 0.803125 0.182812
5 0.273438 0.090625 0.767188 0.092188
5 0.365625 0.098437 0.670312 0.100000
5 0.335938 0.373437 0.690625 0.376563
5 0.370313 0.431250 0.670312 0.432812
5 0.370313 0.331250 0.640625 0.321875
5 0.432813 0.570312 0.576562 0.551562
5 0.439063 0.678125 0.562500 0.671875
5 0.340625 0.850000 0.670312 0.843750
5 0.481250 0.632812 0.525000 0.632812
5 0.489062 0.196875 0.567187 0.198437
3 0.437500 0.129688 0.582812 0.128125
3 0.400000 0.256250 0.610938 0.245312
3 0.389062 0.485938 0.628125 0.485938
3 0.385938 0.725000 0.629687 0.714063
3 0.520312 0.673438 0.485938 0.681250
3 0.546875 0.801562 0.451562 0.821875
3 0.467187 0.407813 0.545312 0.406250
3 0.453125 0.276562 0.551562 0.278125
3 0.481250 0.140625 0.520312 0.159375
3 0.545312 0.165625 0.464062 0.179688
3 0.587500 0.206250 0.401562 0.235937
3 0.512500 0.567187 0.496875 0.567187
3 0.592187 0.617188 0.403125 0.670312
2 0.582812 0.617188 0.421875 0.634375
1 0.476562 0.512500 0.539062 0.514062
