5 0.751563 0.229688 0.751563 0.762500
5 0.815625 0.470313 0.812500 0.520312
5 0.990625 0.803125 0.992188 0.203125
5 0.775000 0.906250 0.812500 0.093750
5 0.635938 0.868750 0.609375 0.131250
5 0.793750 0.620313 0.801562 0.382812
5 0.728125 0.564063 0.734375 0.439063
5 0.684375 0.695312 0.693750 0.304688
5 0.614062 0.443750 0.643750 0.560937
5 0.584375 0.318750 0.612500 0.681250
5 0.715625 0.170312 0.721875 0.840625
5 0.556250 0.346875 0.554688 0.662500
5 0.604688 0.787500 0.615625 0.218750
3 0.604688 0.859375 0.604688 0.170313
3 0.637500 0.737500 0.642188 0.282813
3 0.643750 0.479688 0.639062 0.534375
3 0.662500 0.259375 0.662500 0.771875
3 0.487500 0.265625 0.479687 0.735938
3 0.414062 0.157813 0.407813 0.840625
3 0.560937 0.548438 0.557813 0.459375
3 0.557813 0.690625 0.560937 0.315625
3 0.512500 0.806250 0.504687 0.193750
3 0.448437 0.779687 0.440625 0.217188
3 0.389062 0.768750 0.365625 0.220312
3 0.498437 0.400000 0.490625 0.615625
3 0.381250 0.335938 0.365625 0.657813
2 0.417187 0.382812 0.421875 0.634375
1 0.509375 0.440625 0.496875 0.543750
