3 0.335938 0.025000 0.670312 0.021875
3 0.348437 0.126562 0.659375 0.117188
3 0.326562 0.296875 0.696875 0.295312
3 0.304688 0.381250 0.729688 0.384375
3 0.570312 0.304688 0.442188 0.300000
3 0.562500 0.548438 0.446875 0.539062
3 0.356250 0.604688 0.643750 0.617188
3 0.712500 0.912500 0.267188 0.943750
5 0.642188 0.939063 0.339062 0.950000
5 0.501563 0.570312 0.492188 0.567187
5 0.242188 0.618750 0.734375 0.626563
5 0.460938 0.300000 0.518750 0.292187
5 0.273438 0.120313 0.740625 0.121875
5 0.281250 0.006250 0.742188 0.004687
5 0.179688 0.795312 0.818750 0.814063
1 0.429688 0.331250 0.557813 0.323437
0 0.428125 0.948438 0.548438 0.945312
0 0.445312 0.990625 0.556250 0.973437
0 0.082812 0.589063 0.926562 0.585938
