5 0.554688 0.271875 0.459375 0.265625
5 0.414062 0.376563 0.590625 0.379688
5 0.529687 0.545312 0.471875 0.540625
5 0.379687 0.593750 0.625000 0.617188
5 0.412500 0.734375 0.593750 0.765625
0 0.154687 0.721875 0.850000 0.726562
0 0.084375 0.604688 0.917188 0.612500
0 0.087500 0.620313 0.917188 0.626563
0 0.064063 0.571875 0.931250 0.567187
0 0.010938 0.542188 0.982812 0.548438
0 0.087500 0.390625 0.914062 0.401562
0 0.123437 0.434375 0.864062 0.448437
0 0.050000 0.326562 0.946875 0.329688
1 0.267188 0.573438 0.729688 0.584375
3 0.625000 0.279687 0.378125 0.282813
3 0.609375 0.418750 0.385937 0.426563
3 0.634375 0.521875 0.370312 0.534375
3 0.617188 0.565625 0.398438 0.575000
3 0.639062 0.631250 0.360938 0.637500
3 0.650000 0.731250 0.365625 0.732812
3 0.467187 0.978125 0.501563 0.976562
5 0.600000 0.814063 0.396875 0.806250
5 0.546875 0.784375 0.468750 0.784375
5 0.595313 0.867188 0.407813 0.860938
3 0.598437 0.860938 0.390625 0.864062
3 0.601562 0.815625 0.389062 0.818750
3 0.606250 0.778125 0.395313 0.785937
5 0.453125 0.925000 0.532813 0.929688
0 0.367188 0.931250 0.640625 0.940625
0 0.392188 0.910937 0.635938 0.929688
