3 0.121875 0.946875 0.103125 0.045312
3 0.114062 0.832812 0.098437 0.162500
5 0.259622 1.000000 0.264062 0.028125
5 0.281250 0.892188 0.296875 0.109375
1 0.351562 0.854688 0.371875 0.148438
0 0.603125 0.785937 0.592187 0.220312
0 0.606250 0.562500 0.606250 0.445312
3 0.360938 0.426562 0.345313 0.570312
5 0.490625 0.570312 0.526563 0.428125
2 0.151562 0.864062 0.157812 0.137500
2 0.382812 0.456250 0.409375 0.545312
1 0.406250 0.356250 0.360938 0.648438
1 0.412500 0.220313 0.365625 0.779687
0 0.632812 0.328125 0.626563 0.681250
0 0.670312 0.300000 0.668750 0.717187
3 0.081250 0.293750 0.085938 0.698438
5 0.262500 0.335938 0.315625 0.662500
5 0.493750 0.232812 0.490625 0.775000
