3 0.692187 0.954688 0.671875 0.046875
3 0.673438 0.875000 0.673438 0.139063
3 0.673438 0.703125 0.696875 0.295312
3 0.703125 0.598437 0.695312 0.400000
3 0.471875 0.671875 0.435937 0.329688
3 0.476562 0.432813 0.465625 0.568750
3 0.650000 0.362500 0.629687 0.634375
3 0.267188 0.056250 0.245312 0.935937
5 0.312500 0.075000 0.323437 0.918750
5 0.564063 0.492188 0.564063 0.562500
5 0.710938 0.417188 0.726562 0.578125
5 0.564063 0.740625 0.565625 0.298438
5 0.739062 0.850000 0.721875 0.151562
5 0.735938 0.962500 0.709375 0.032813
5 0.801562 0.179688 0.760938 0.818750
1 0.568750 0.679688 0.570312 0.331250
0 0.571875 0.067187 0.571875 0.948438
0 0.554688 0.009375 0.556250 0.973437
0 0.921875 0.392188 0.917188 0.589063
