5 0.723437 0.473437 0.273438 0.568750
5 0.562500 0.415625 0.443750 0.573438
5 0.485938 0.560937 0.510938 0.437500
5 0.365625 0.407813 0.639062 0.582812
5 0.231250 0.464063 0.781250 0.473438
0 0.257812 0.221875 0.739062 0.768750
0 0.389062 0.176562 0.600000 0.818750
0 0.340625 0.101562 0.656250 0.882812
0 0.440625 0.039062 0.571875 0.957812
0 0.457812 0.060937 0.528125 0.940625
0 0.595313 0.135938 0.396875 0.862500
0 0.578125 0.154687 0.423438 0.876563
0 0.676562 0.095313 0.320312 0.900000
1 0.421875 0.323438 0.575000 0.681250
3 0.679688 0.637500 0.309375 0.331250
3 0.595313 0.671875 0.392188 0.346875
3 0.476562 0.667188 0.512500 0.334375
3 0.410937 0.623437 0.585938 0.360938
3 0.340625 0.620313 0.667188 0.389062
3 0.239062 0.623437 0.768750 0.365625
3 0.045312 0.496875 0.954688 0.510938
5 0.182813 0.589063 0.814063 0.400000
5 0.203125 0.540625 0.800000 0.446875
5 0.132812 0.595313 0.860938 0.407813
3 0.135938 0.609375 0.857812 0.389062
3 0.181250 0.610938 0.810937 0.385937
3 0.214063 0.604688 0.779687 0.379688
5 0.053125 0.470313 0.945312 0.543750
0 0.068750 0.367188 0.940625 0.640625
0 0.089063 0.392188 0.929688 0.635938
