3 0.9 0.478125 0.896875 0.4875 0.921875 0.4984375 0.9296875 0.4984375 0.934375 0.4921875 0.934375 0.48125 0.9234375 0.4734375 0.909375 0.471875 0.9 0.478125
3 0.8625 0.471875 0.853125 0.465625 0.834375 0.471875 0.834375 0.4875 0.8640625 0.484375 0.8625 0.471875
3 0.1234375 0.5390625 0.128125 0.5359375 0.128125 0.5296875 0.1171875 0.51875 0.1 0.51875 0.0890625 0.53125 0.0890625 0.5453125 0.1234375 0.5390625
3 0.2609375 0.4828125 0.2484375 0.478125 0.2328125 0.48125 0.228125 0.490625 0.2296875 0.509375 0.2375 0.515625 0.246875 0.5140625 0.265625 0.496875 0.2609375 0.4828125
3 0.1828125 0.4875 0.16875 0.4890625 0.159375 0.496875 0.159375 0.509375 0.16875 0.521875 0.1734375 0.521875 0.190625 0.5 0.1890625 0.4921875 0.1828125 0.4875
3 0.40625 0.5078125 0.4203125 0.496875 0.409375 0.49375 0.40625 0.5078125
0 0.8328125 0.65625 0.8328125 0.6921875 0.84375 0.6984375 0.8515625 0.6578125 0.8328125 0.65625
0 0.903125 0.66875 0.9 0.6734375 0.9015625 0.7 0.9078125 0.7109375 0.909375 0.7203125 0.9140625 0.7234375 0.921875 0.709375 0.925 0.6734375 0.903125 0.66875
0 0.95625 0.6734375 0.9390625 0.6734375 0.940625 0.709375 0.9546875 0.703125 0.95625 0.6734375
0 0.2765625 0.7125 0.278125 0.71875 0.275 0.7265625 0.303125 0.7328125 0.315625 0.73125 0.31875 0.7265625 0.3140625 0.7109375 0.28125 0.709375 0.2765625 0.7125
0 0.2515625 0.7234375 0.2703125 0.728125 0.2796875 0.721875 0.28125 0.709375 0.2609375 0.7 0.2515625 0.7078125 0.2515625 0.7234375
0 0.2171875 0.71875 0.2375 0.7140625 0.2390625 0.70625 0.2359375 0.703125 0.2109375 0.7015625 0.2078125 0.703125 0.2015625 0.7171875 0.2171875 0.71875
0 0.1875 0.7359375 0.175 0.7390625 0.1703125 0.74375 0.1703125 0.784375 0.175 0.7890625 0.1859375 0.784375 0.19375 0.7578125 0.19375 0.7421875 0.1875 0.7359375
1 0.9015625 0.5984375 0.903125 0.5890625 0.89375 0.578125 0.8828125 0.5765625 0.875 0.58125 0.8765625 0.590625 0.9015625 0.5984375
1 0.8765625 0.578125 0.8671875 0.5671875 0.8515625 0.565625 0.8546875 0.5796875 0.8703125 0.5828125 0.8765625 0.578125