3 0.359375 0.521875 0.367188 0.470313
3 0.351562 0.640625 0.350000 0.342187
3 0.409375 0.759375 0.395313 0.240625
3 0.356250 0.792188 0.348438 0.198437
3 0.367188 0.776563 0.370312 0.221875
3 0.376563 0.896875 0.393750 0.103125
3 0.379688 0.920312 0.379688 0.101562
3 0.346875 0.846875 0.346875 0.143750
3 0.367188 0.534375 0.367188 0.451562
3 0.329688 0.178125 0.334375 0.812500
1 0.570312 0.029687 0.617188 0.982812
1 0.609375 0.281250 0.614062 0.728125
1 0.579688 0.600000 0.584375 0.395313
1 0.628125 0.403125 0.632812 0.606250
1 0.570312 0.718750 0.587500 0.279687
1 0.498437 0.700000 0.518750 0.295312
1 0.520312 0.614062 0.501563 0.398438
1 0.509375 0.945312 0.484375 0.054688
2 0.523438 0.840625 0.539062 0.156250
0 0.739062 0.753125 0.710938 0.253125
0 0.721875 0.773438 0.710938 0.225000
0 0.648438 0.865625 0.670312 0.131250
0 0.643750 0.876563 0.646875 0.135937
0 0.601562 0.896875 0.615625 0.110937
0 0.595313 0.909375 0.600000 0.075000
0 0.623437 0.620313 0.629687 0.362500
0 0.612500 0.651563 0.631250 0.343750
0 0.617188 0.539062 0.631250 0.454688
0 0.784375 0.221875 0.776563 0.789062
0 0.789062 0.200000 0.815625 0.796875
0 0.784375 0.453125 0.801562 0.546875
0 0.756250 0.457812 0.770312 0.542188
