3 0.521875 0.900000 0.487500 0.896875
3 0.528125 0.862500 0.465625 0.853125
3 0.460938 0.123438 0.535937 0.128125
3 0.517188 0.260937 0.478125 0.248438
3 0.512500 0.182812 0.489063 0.168750
3 0.492188 0.406250 0.496875 0.420312
0 0.343750 0.832812 0.692187 0.832812
0 0.331250 0.903125 0.673438 0.900000
0 0.326562 0.956250 0.673438 0.939063
0 0.287500 0.276562 0.718750 0.278125
0 0.276563 0.251563 0.728125 0.270313
0 0.281250 0.217188 0.714063 0.237500
0 0.264062 0.187500 0.739062 0.175000
1 0.401563 0.901563 0.589063 0.903125
1 0.421875 0.876563 0.567187 0.867188
