5 0.645312 0.376563 0.346875 0.379688
5 0.746875 0.398438 0.250000 0.398438
5 0.721875 0.539062 0.298438 0.532813
5 0.435937 0.709375 0.560937 0.700000
5 1.000000 0.515937 0.021875 0.498437
5 1.000000 0.360590 0.012500 0.345313
3 0.910937 0.585938 0.107813 0.585938
3 0.771875 0.585938 0.239063 0.589063
3 0.485938 0.695312 0.535937 0.695312
1 0.429688 0.354687 0.575000 0.364063
1 0.420312 0.343750 0.571875 0.350000
1 0.318750 0.757812 0.665625 0.759375
1 0.340625 0.873437 0.660937 0.882812
1 0.521875 0.475000 0.484375 0.484375
1 0.571875 0.667188 0.425000 0.673438
0 0.321875 0.554688 0.675000 0.570312
0 0.101562 0.248438 0.896875 0.204687
0 0.265625 0.348438 0.726562 0.348438
0 0.306250 0.321875 0.704688 0.321875
3 0.729688 0.465625 0.284375 0.473438
