5 0.290625 0.471875 0.715625 0.531250
5 0.090625 0.546875 0.914062 0.459375
5 0.195312 0.481250 0.810937 0.496875
5 0.356250 0.456250 0.651563 0.550000
5 0.828125 0.115625 0.179688 0.879687
5 0.828125 0.385938 0.181250 0.614062
5 0.240625 0.018750 0.760938 0.967187
5 0.371875 0.076562 0.632812 0.928125
5 0.093750 0.792188 0.928125 0.207813
5 0.296875 0.871875 0.715625 0.145313
5 0.348437 0.867188 0.665625 0.128125
5 0.231250 0.921875 0.762500 0.104688
5 0.846406 1.000000 0.157812 0.014063
3 0.831250 0.468750 0.167187 0.518750
3 0.835938 0.092187 0.168750 0.889062
3 0.367188 0.575000 0.642188 0.432812
3 0.293750 0.596875 0.731250 0.410938
3 0.257812 0.579688 0.750000 0.421875
3 0.245313 0.595313 0.753125 0.421875
3 0.095313 0.667188 0.895312 0.337500
0 0.384375 0.373437 0.646875 0.621875
0 0.329688 0.375000 0.684375 0.625000
0 0.276563 0.406250 0.704688 0.604688
0 0.168750 0.403125 0.812500 0.603125
1 0.107812 0.560937 0.893750 0.457813
0 0.389062 0.203125 0.634375 0.812500
0 0.312500 0.200000 0.678125 0.806250
0 0.285937 0.198438 0.707812 0.812500
0 0.073438 0.168750 0.921875 0.839063
3 0.862500 0.951562 0.150000 0.054688
3 0.360938 0.860938 0.635938 0.151562
3 0.270312 0.837500 0.709375 0.165625
3 0.267188 0.839063 0.735938 0.182812
3 0.246875 0.850000 0.757812 0.167187
3 0.106250 0.773438 0.903125 0.234375
