5 0.460938 0.528125 0.575000 0.471875
5 0.420312 0.726562 0.421875 0.279687
5 0.354687 0.835938 0.351562 0.167187
5 0.345313 0.959375 0.350000 0.062500
5 0.356250 0.887500 0.342187 0.118750
5 0.250000 0.690625 0.246875 0.295312
5 0.300000 0.662500 0.296875 0.342187
5 0.254688 0.732812 0.281250 0.265625
5 0.310937 0.751563 0.301563 0.239063
3 0.356250 0.431250 0.353125 0.573438
3 0.250000 0.734375 0.250000 0.278125
3 0.246875 0.696875 0.239063 0.300000
3 0.307812 0.906250 0.310937 0.104688
3 0.306250 0.865625 0.296875 0.139063
3 0.303125 0.865625 0.312500 0.135937
3 0.300000 0.842187 0.309375 0.160938
0 0.385937 0.946875 0.385937 0.062500
0 0.382812 0.937500 0.384375 0.070312
0 0.367188 0.881250 0.373437 0.112500
0 0.381250 0.829688 0.382812 0.156250
0 0.371875 0.857812 0.387500 0.156250
0 0.356250 0.828125 0.375000 0.171875
0 0.545312 0.651563 0.550000 0.331250
0 0.820312 0.393750 0.815625 0.617188
0 0.784375 0.462500 0.784375 0.542188
1 0.632812 0.435937 0.626563 0.578125
