5 0.415625 0.685937 0.548438 0.682813
5 0.412500 0.364063 0.589063 0.379688
5 0.400000 0.517188 0.612500 0.528125
5 0.417188 0.609375 0.525000 0.606250
5 0.637500 0.226562 0.365625 0.210938
5 0.551562 0.343750 0.403125 0.343750
3 0.559375 0.403125 0.439063 0.390625
3 0.531250 0.498437 0.468750 0.479687
3 0.510938 0.603125 0.475000 0.593750
3 0.490625 0.654687 0.515625 0.671875
3 0.628125 0.321875 0.384375 0.317188
3 0.637500 0.267188 0.368750 0.268750
3 0.657813 0.243750 0.345313 0.228125
0 0.512500 0.220312 0.493750 0.226562
0 0.495313 0.306250 0.500000 0.292187
0 0.482812 0.332813 0.515625 0.325000
0 0.257812 0.370312 0.740625 0.382812
0 0.271875 0.396875 0.732812 0.429688
0 0.270312 0.456250 0.735938 0.434375
0 0.234375 0.520312 0.737500 0.515625
0 0.296875 0.531250 0.709375 0.531250
0 0.290625 0.593750 0.704688 0.596875
0 0.270312 0.654687 0.726562 0.673438
1 0.462500 0.406250 0.532813 0.412500
1 0.475000 0.440625 0.523438 0.432812
5 0.596875 0.251563 0.401562 0.292187
