3 0.435937 0.829688 0.431250 0.178125
3 0.432812 0.715625 0.418750 0.281250
3 0.462500 0.601562 0.465625 0.417187
3 0.440625 0.500000 0.437500 0.507812
3 0.473438 0.426562 0.462500 0.579688
3 0.465625 0.332812 0.451562 0.665625
3 0.442188 0.209375 0.437500 0.782813
3 0.459375 0.139062 0.479687 0.862500
3 0.456250 0.153125 0.473438 0.840625
3 0.437500 0.039062 0.446875 0.964063
3 0.460938 0.264062 0.459375 0.723437
1 0.535937 0.373437 0.546875 0.631250
0 0.814063 0.831250 0.814063 0.185938
0 0.820312 0.723437 0.809375 0.279687
0 0.839063 0.793750 0.864062 0.207813
0 0.840625 0.864062 0.871875 0.137500
0 0.687500 0.710938 0.690625 0.260937
0 0.684375 0.645312 0.687500 0.362500
0 0.674219 0.596094 0.007812 0.014063
0 0.701562 0.518750 0.704688 0.487500
0 0.706250 0.487500 0.726562 0.509375
0 0.645312 0.435937 0.648438 0.550000
0 0.653125 0.390625 0.657813 0.600000
0 0.671875 0.351562 0.657813 0.635938
0 0.742188 0.251563 0.735938 0.746875
0 0.776563 0.242188 0.775000 0.773438
0 0.682813 0.089063 0.676562 0.895312
0 0.682031 0.143750 0.007812 0.018750
0 0.681250 0.073438 0.685937 0.926562
0 0.656250 0.287500 0.634375 0.704688
0 0.896875 0.250000 0.909375 0.760938
0 0.934375 0.276563 0.918750 0.739062
0 0.976562 0.123437 0.996875 0.879687
0 0.996875 0.131250 0.981250 0.845313
0 0.976562 0.073438 0.996875 0.946875
0 0.956250 0.470313 0.932813 0.512500
0 0.959375 0.517188 0.965625 0.482812
0 0.982812 0.590625 0.996875 0.395313
0 0.996875 0.618750 0.990625 0.381250
0 0.964063 0.701562 0.965625 0.265625
