5 0.307813 0.514062 0.695312 0.489063
5 0.101562 0.593750 0.895312 0.435937
5 0.226562 0.498437 0.773438 0.518750
5 0.364062 0.532813 0.632812 0.479687
5 0.845313 0.182813 0.156250 0.829688
5 0.842187 0.418750 0.156250 0.603125
5 0.295312 0.035937 0.703125 0.979688
5 0.356250 0.089063 0.640625 0.920312
5 0.092187 0.871875 0.896875 0.137500
5 0.292188 0.934375 0.707812 0.076563
5 0.368750 0.926562 0.629687 0.081250
5 0.228125 0.953125 0.770312 0.064062
5 0.846406 1.000000 0.157812 0.014063
3 0.839063 0.485938 0.146875 0.514062
3 0.831250 0.110938 0.143750 0.879687
3 0.329688 0.582812 0.660937 0.409375
3 0.260938 0.612500 0.732812 0.384375
3 0.243750 0.603125 0.748437 0.389062
3 0.245313 0.595313 0.753125 0.421875
3 0.075000 0.642188 0.931250 0.350000
0 0.353125 0.378125 0.648438 0.609375
0 0.315625 0.375000 0.692187 0.614062
0 0.276563 0.406250 0.704688 0.604688
0 0.168750 0.403125 0.812500 0.603125
1 0.107812 0.560937 0.893750 0.457813
0 0.389062 0.203125 0.634375 0.812500
0 0.312500 0.200000 0.678125 0.806250
0 0.285937 0.198438 0.707812 0.812500
0 0.054688 0.140625 0.953125 0.846875
3 0.835938 0.945312 0.167187 0.026562
3 0.339063 0.837500 0.670312 0.156250
3 0.281250 0.815625 0.729688 0.185938
3 0.250000 0.818750 0.757812 0.171875
3 0.246875 0.850000 0.757812 0.167187
3 0.068750 0.770312 0.931250 0.217188
