5 0.493750 0.407813 0.507812 0.593750
5 0.710938 0.567187 0.303125 0.445312
5 0.864062 0.685937 0.129688 0.337500
5 0.965625 0.698438 0.029687 0.321875
5 0.892188 0.693750 0.093750 0.314063
5 0.689063 0.717187 0.309375 0.250000
5 0.675000 0.762500 0.321875 0.240625
5 0.732812 0.745313 0.265625 0.281250
5 0.757812 0.671875 0.248438 0.310937
3 0.450000 0.693750 0.537500 0.301563
3 0.721875 0.750000 0.264062 0.242188
3 0.700000 0.760938 0.290625 0.243750
3 0.895312 0.689063 0.100000 0.296875
3 0.860938 0.703125 0.132812 0.295312
3 0.865625 0.696875 0.135937 0.312500
3 0.842187 0.700000 0.160938 0.309375
0 0.937500 0.614062 0.056250 0.378125
0 0.929688 0.615625 0.065625 0.368750
0 0.887500 0.626563 0.125000 0.370312
0 0.829688 0.618750 0.156250 0.382812
0 0.857812 0.628125 0.156250 0.387500
0 0.828125 0.643750 0.171875 0.375000
0 0.651563 0.454688 0.331250 0.550000
0 0.404687 0.209375 0.579688 0.801562
0 0.465625 0.253125 0.532813 0.751563
1 0.431250 0.398438 0.548438 0.614062
