3 0.742188 0.339063 0.264062 0.665625
3 0.967187 0.343750 0.043750 0.662500
3 0.528125 0.498437 0.457813 0.490625
0 0.532813 0.278125 0.476562 0.715625
0 0.470313 0.306250 0.539062 0.693750
3 0.510938 0.621875 0.512500 0.378125
1 0.421875 0.537500 0.565625 0.450000
1 0.235938 0.598437 0.743750 0.392188
1 0.434375 0.596875 0.568750 0.393750
0 0.345313 0.396875 0.667188 0.606250
0 0.284375 0.415625 0.715625 0.592187
3 0.007812 0.634375 0.985938 0.345313
1 0.098437 0.579688 0.914062 0.418750
0 0.003125 0.406250 0.985938 0.585938
0 0.059375 0.401563 0.948438 0.593750
1 0.292188 0.512500 0.707812 0.475000
1 0.042188 0.525000 0.954688 0.482812
3 0.281250 0.626563 0.725000 0.367188
