3 0 0.1348958328125 0.0125 0.1390625 0.021875 0.1453125 0.028125 0.1578125 0.034375 0.159375 0.0453125 0.1703125 0.0484375 0.1765625 0.0484375 0.1828125 0.04375 0.1875 0.046875 0.203125 0.0546875 0.2 0.0609375 0.1921875 0.0703125 0.1671875 0.0703125 0.146875 0.0640625 0.13125 0.0484375 0.115625 0.0421875 0.1125 0.0234375 0.1109375 0.0109375 0.1140625 0 0.122265625 0 0.1348958328125
3 0.0296875 0.4671875 0.034375 0.471875 0.065625 0.471875 0.0890625 0.4640625 0.103125 0.4515625 0.1125 0.4328125 0.1140625 0.4171875 0.1125 0.4046875 0.1078125 0.3921875 0.09375 0.375 0.078125 0.3640625 0.0640625 0.359375 0.04375 0.359375 0.0421875 0.3609375 0.0296875 0.359375 0.0234375 0.3859375 0.0234375 0.4015625 0.03125 0.428125 0.0296875 0.4671875
3 0.3046875 0.1125 0.2765625 0.1140625 0.2546875 0.1359375 0.2515625 0.153125 0.253125 0.1734375 0.2609375 0.1828125 0.2703125 0.1671875 0.2765625 0.1609375 0.3140625 0.1359375 0.3296875 0.134375 0.340625 0.1453125 0.34375 0.1453125 0.3453125 0.134375 0.340625 0.1296875 0.3265625 0.1265625 0.315625 0.1171875 0.3046875 0.1125
3 0.225 0.378125 0.2109375 0.4015625 0.2078125 0.4171875 0.2109375 0.4375 0.221875 0.4546875 0.228125 0.4609375 0.2421875 0.46875 0.2546875 0.471875 0.275 0.471875 0.2765625 0.4734375 0.2796875 0.471875 0.290625 0.4734375 0.29375 0.4703125 0.2921875 0.43125 0.2953125 0.4140625 0.2984375 0.409375 0.2984375 0.3765625 0.29375 0.353125 0.2859375 0.3453125 0.2734375 0.3578125 0.2578125 0.359375 0.2390625 0.3671875 0.225 0.378125
3 0.2828125 0.5515625 0.2875 0.56875 0.309375 0.5921875 0.31875 0.596875 0.35625 0.59375 0.3671875 0.5875 0.3828125 0.5828125 0.3890625 0.578125 0.3921875 0.565625 0.3734375 0.50625 0.365625 0.4984375 0.35625 0.484375 0.3453125 0.4765625 0.3328125 0.4703125 0.3171875 0.4703125 0.3078125 0.478125 0.303125 0.49375 0.290625 0.5109375 0.284375 0.525 0.2828125 0.5515625
1 0.49375 0.1328125 0.5015625 0.1453125 0.5046875 0.1453125 0.5265625 0.13125 0.5265625 0.1203125 0.521875 0.1109375 0.51875 0.0953125 0.5125 0.084375 0.496875 0.0671875 0.4875 0.065625 0.4765625 0.0734375 0.4734375 0.109375 0.4828125 0.125 0.49375 0.1328125
0 0.2515625 0.7765625 0.2484375 0.7796875 0.25 0.7859375 0.2671875 0.7921875 0.303125 0.79375 0.30625 0.7890625 0.3078125 0.7796875 0.3125 0.7734375 0.3015625 0.765625 0.2859375 0.7640625 0.2640625 0.7703125 0.2515625 0.7765625
0 0.0625 0.790625 0.0734375 0.7859375 0.0734375 0.7796875 0.0703125 0.7765625 0.0421875 0.7640625 0.034375 0.7625 0.01875 0.765625 0.0125 0.771875 0.0171875 0.790625 0.0203125 0.79375 0.03125 0.7953125 0.0625 0.790625
0 0.753125 0.9140625 0.753125 0.9203125 0.759375 0.9265625 0.8015625 0.9296875 0.8171875 0.91875 0.8171875 0.9109375 0.8078125 0.8984375 0.7953125 0.890625 0.784375 0.90625 0.753125 0.9140625
0 0.9140625 0.921875 0.915625 0.9140625 0.884375 0.9078125 0.871875 0.890625 0.859375 0.9015625 0.8515625 0.9171875 0.8625 0.928125 0.884375 0.9296875 0.909375 0.9265625 0.9140625 0.921875
0 0.3125 0.8609375 0.3234375 0.8765625 0.334375 0.8875 0.3453125 0.89375 0.3515625 0.89375 0.353125 0.8734375 0.35 0.865625 0.3421875 0.8578125 0.3375 0.846875 0.3359375 0.8359375 0.325 0.809375 0.3234375 0.778125 0.3140625 0.775 0.309375 0.7796875 0.30625 0.7890625 0.30625 0.81875 0.3125 0.8609375