3 0.568750 0.143750 0.437500 0.148438
3 0.587500 0.273438 0.412500 0.257812
3 0.553125 0.407813 0.445312 0.398438
3 0.570312 0.532813 0.421875 0.526563
3 0.546875 0.576562 0.448437 0.570312
3 0.553125 0.656250 0.448437 0.645312
3 0.526563 0.781250 0.473438 0.787500
3 0.540625 0.860938 0.479687 0.862500
3 0.543750 0.846875 0.473438 0.840625
3 0.562500 0.960938 0.446875 0.964063
3 0.540625 0.723437 0.465625 0.714063
1 0.464063 0.626563 0.546875 0.631250
0 0.195312 0.157812 0.803125 0.137500
0 0.193750 0.210938 0.823438 0.206250
0 0.142188 0.273438 0.851562 0.279687
0 0.146875 0.200000 0.848437 0.192188
0 0.304688 0.262500 0.700000 0.281250
0 0.315625 0.354687 0.687500 0.362500
0 0.325781 0.403906 0.007812 0.014063
0 0.295312 0.487500 0.700000 0.507812
0 0.293750 0.512500 0.726562 0.509375
0 0.345313 0.570312 0.645312 0.564063
0 0.342187 0.600000 0.664062 0.598437
0 0.329688 0.632812 0.671875 0.648438
0 0.271875 0.725000 0.731250 0.704688
0 0.237500 0.787500 0.754687 0.760938
0 0.317187 0.910937 0.676562 0.895312
0 0.317969 0.856250 0.007812 0.018750
0 0.312500 0.959375 0.684375 0.965625
0 0.345313 0.701562 0.656250 0.712500
0 0.109375 0.781250 0.885938 0.770312
0 0.082812 0.709375 0.918750 0.703125
0 0.023438 0.876563 0.996875 0.879687
0 0.003125 0.845313 0.996875 0.868750
0 0.023438 0.926562 0.996875 0.946875
0 0.043750 0.509375 0.956250 0.529687
0 0.040625 0.482812 0.965625 0.482812
0 0.003125 0.412500 0.982812 0.409375
0 0.020312 0.375000 0.975000 0.362500
0 0.020312 0.268750 0.984375 0.281250
