3 0.842187 0.623437 0.143750 0.371875
3 0.748437 0.654687 0.226562 0.345313
3 0.654687 0.562500 0.353125 0.428125
3 0.903125 0.578125 0.089063 0.421875
2 0.256250 0.618750 0.748437 0.384375
2 0.426562 0.596875 0.576562 0.412500
0 0.328125 0.246875 0.657813 0.773438
0 0.340625 0.240625 0.660937 0.756250
0 0.375000 0.276563 0.612500 0.712500
0 0.440625 0.282813 0.557813 0.725000
0 0.254687 0.267188 0.753125 0.709375
0 0.198438 0.312500 0.801562 0.678125
0 0.579688 0.289062 0.445312 0.714063
0 0.603125 0.262500 0.407813 0.743750
0 0.293750 0.090625 0.689063 0.884375
0 0.268750 0.070312 0.726562 0.948438
0 0.195312 0.003125 0.803125 0.979688
0 0.359375 0.070312 0.654687 0.906250
0 0.401563 0.085938 0.593750 0.917188
0 0.440625 0.056250 0.575000 0.951562
0 0.606250 0.067187 0.400000 0.942187
0 0.535937 0.040625 0.467187 0.951562
1 0.446875 0.492188 0.553125 0.479687
1 0.450000 0.496875 0.554688 0.479687
1 0.520312 0.504687 0.485938 0.517188
1 0.687500 0.546875 0.323437 0.467187
