3 0.478125 0.100000 0.487500 0.896875
3 0.471875 0.137500 0.465625 0.853125
3 0.539062 0.876563 0.535937 0.128125
3 0.482812 0.739062 0.478125 0.248438
3 0.487500 0.817187 0.489063 0.168750
3 0.507812 0.593750 0.496875 0.420312
0 0.656250 0.167188 0.692187 0.832812
0 0.668750 0.096875 0.673438 0.900000
0 0.673438 0.043750 0.673438 0.939063
0 0.712500 0.723437 0.718750 0.278125
0 0.723437 0.748437 0.728125 0.270313
0 0.718750 0.782813 0.714063 0.237500
0 0.735938 0.812500 0.739062 0.175000
1 0.598437 0.098437 0.589063 0.903125
1 0.578125 0.123437 0.567187 0.867188
