3 0.725000 0.567187 0.284375 0.431250
3 0.685937 0.753125 0.323437 0.264062
3 0.564063 0.565625 0.428125 0.410938
3 0.556250 0.601562 0.443750 0.410938
3 0.440625 0.668750 0.578125 0.340625
3 0.357812 0.651563 0.640625 0.376563
3 0.215625 0.421875 0.790625 0.573438
5 0.892188 0.528125 0.115625 0.478125
5 0.506250 0.543750 0.500000 0.482812
5 0.318750 0.332812 0.687500 0.689063
1 0.831250 0.443750 0.167187 0.576562
1 0.771875 0.462500 0.229687 0.514062
1 0.609375 0.601562 0.398438 0.390625
0 0.850000 0.348437 0.142187 0.665625
0 0.571875 0.343750 0.435937 0.654687
0 0.520312 0.350000 0.479687 0.653125
0 0.454688 0.318750 0.570312 0.678125
0 0.410937 0.426562 0.585938 0.589063
0 0.342187 0.390625 0.662500 0.612500
0 0.695312 0.457812 0.295312 0.556250
0 0.782813 0.357812 0.228125 0.631250
