3 0.14375 0.43125 0.1484375 0.4375 0.15625 0.4375 0.1640625 0.434375 0.1703125 0.4359375 0.178125 0.43125 0.1984375 0.4296875 0.2 0.4140625 0.19375 0.4015625 0.171875 0.39375 0.15 0.4 0.14375 0.409375 0.14375 0.43125
3 0.2734375 0.4125 0.2578125 0.4125 0.25 0.4203125 0.25 0.4375 0.284375 0.4328125 0.28125 0.41875 0.2734375 0.4125
3 0.4078125 0.446875 0.3984375 0.4453125 0.3875 0.4546875 0.3890625 0.46875 0.3984375 0.4625 0.4171875 0.465625 0.4078125 0.446875
3 0.5328125 0.4296875 0.5265625 0.421875 0.509375 0.421875 0.4984375 0.434375 0.5 0.440625 0.5078125 0.4375 0.5328125 0.440625 0.5328125 0.4296875
3 0.5765625 0.453125 0.5703125 0.4484375 0.55625 0.4515625 0.5515625 0.46875 0.5734375 0.4734375 0.5796875 0.4625 0.5765625 0.453125
3 0.65625 0.446875 0.6453125 0.4484375 0.6375 0.4578125 0.640625 0.465625 0.6671875 0.465625 0.665625 0.4515625 0.65625 0.446875
3 0.78125 0.4734375 0.7875 0.4734375 0.7921875 0.46875 0.7953125 0.45625 0.790625 0.4421875 0.7828125 0.4375 0.7703125 0.434375 0.7578125 0.4375 0.75 0.4484375 0.7515625 0.4546875 0.7671875 0.4609375 0.78125 0.4734375
3 0.8609375 0.459375 0.8625 0.4796875 0.8921875 0.4796875 0.8828125 0.4578125 0.8609375 0.459375
3 0.846875 0.45625 0.840625 0.4734375 0.85625 0.4796875 0.8609375 0.4578125 0.846875 0.45625
3 0.9609375 0.4375 0.9640625 0.446875 0.996875 0.4453125 0.996875 0.428125 0.9609375 0.4375
3 0.7234375 0.459375 0.7140625 0.465625 0.7125 0.471875 0.734375 0.4796875 0.7359375 0.4609375 0.7234375 0.459375
1 0.6265625 0.5359375 0.63125 0.546875 0.6453125 0.5421875 0.640625 0.5328125 0.6265625 0.5359375
0 0.1578125 0.8046875 0.1375 0.803125 0.134375 0.821875 0.153125 0.8234375 0.16875 0.8140625 0.1859375 0.8140625 0.2 0.80625 0.203125 0.796875 0.2 0.7921875 0.171875 0.7921875 0.16875 0.8 0.1578125 0.8046875
0 0.2109375 0.80625 0.20625 0.8234375 0.209375 0.8265625 0.2546875 0.8265625 0.2765625 0.8203125 0.2796875 0.809375 0.275 0.8046875 0.2453125 0.7984375 0.23125 0.8078125 0.2109375 0.80625
0 0.2734375 0.8578125 0.2796875 0.8515625 0.278125 0.84375 0.2640625 0.8375 0.20625 0.8390625 0.2078125 0.8640625 0.2296875 0.859375 0.2421875 0.865625 0.2734375 0.8578125
0 0.2 0.853125 0.1921875 0.8484375 0.165625 0.846875 0.1515625 0.8390625 0.1359375 0.840625 0.1375 0.871875 0.2 0.86875 0.203125 0.8640625 0.2 0.853125
0 0.2625 0.6953125 0.28125 0.7 0.2984375 0.6984375 0.2984375 0.69375 0.2890625 0.6875 0.2609375 0.690625 0.2625 0.6953125
0 0.3546875 0.684375 0.3625 0.6875 0.3765625 0.678125 0.3609375 0.675 0.3546875 0.684375
0 0.40390625 0.67421875 0.0140625 0.0078125
0 0.4875 0.7046875 0.5078125 0.7 0.5015625 0.690625 0.48125 0.696875 0.48125 0.7015625 0.4875 0.7046875
0 0.5125 0.70625 0.509375 0.7265625 0.5203125 0.7296875 0.528125 0.7078125 0.5125 0.70625
0 0.5703125 0.6546875 0.5640625 0.6453125 0.55 0.6484375 0.5703125 0.6546875
0 0.6 0.6578125 0.5984375 0.6640625 0.61875 0.6640625 0.625 0.65625 0.609375 0.653125 0.6 0.6578125
0 0.6328125 0.6703125 0.6484375 0.671875 0.6359375 0.6578125 0.6328125 0.6703125
0 0.725 0.728125 0.7046875 0.73125 0.7 0.7359375 0.7046875 0.74375 0.7484375 0.7421875 0.746875 0.7359375 0.725 0.728125
0 0.7875 0.7625 0.7609375 0.7546875 0.75 0.7640625 0.75 0.7734375 0.7578125 0.7765625 0.7734375 0.775 0.7828125 0.7703125 0.7875 0.7625
0 0.9109375 0.6828125 0.8953125 0.6765625 0.878125 0.6875 0.909375 0.6890625 0.9109375 0.6828125
0 0.85625 0.68203125 0.01875 0.0078125
0 0.959375 0.6875 0.965625 0.684375 0.965625 0.678125 0.9484375 0.671875 0.9265625 0.68125 0.9265625 0.6859375 0.959375 0.6875
0 0.7015625 0.6546875 0.7125 0.65625 0.7046875 0.634375 0.7015625 0.6546875
0 0.78125 0.890625 0.7703125 0.8859375 0.7546875 0.8859375 0.75 0.8890625 0.75 0.896875 0.7609375 0.909375 0.7859375 0.9 0.78125 0.890625
0 0.709375 0.9171875 0.703125 0.91875 0.7 0.925 0.703125 0.9296875 0.7234375 0.934375 0.7390625 0.91875 0.709375 0.9171875
0 0.8765625 0.9765625 0.8796875 0.996875 0.9 0.996875 0.9078125 0.9734375 0.8765625 0.9765625
0 0.8453125 0.996875 0.86875 0.996875 0.8453125 0.98125 0.8453125 0.996875
0 0.9265625 0.9765625 0.946875 0.996875 0.9671875 0.996875 0.9640625 0.975 0.9265625 0.9765625
0 0.509375 0.95625 0.5296875 0.95625 0.5125 0.9328125 0.509375 0.95625
0 0.4828125 0.959375 0.4828125 0.965625 0.503125 0.9703125 0.50625 0.959375 0.4828125 0.959375
0 0.4125 0.996875 0.409375 0.9828125 0.3953125 0.996875 0.4125 0.996875
0 0.375 0.9796875 0.3625 0.975 0.35625 0.9765625 0.3609375 0.996875 0.38125 0.996875 0.38125 0.990625 0.375 0.9796875
0 0.26875 0.9796875 0.28125 0.984375 0.2875 0.9734375 0.296875 0.9703125 0.2984375 0.9640625 0.265625 0.965625 0.2609375 0.9703125 0.2609375 0.98125 0.26875 0.9796875