3 0.935937 0.493750 0.073438 0.500000
3 0.907813 0.529687 0.079687 0.460938
3 0.887500 0.495313 0.125000 0.503125
3 0.854688 0.532813 0.167187 0.465625
3 0.771875 0.492188 0.234375 0.490625
3 0.746875 0.581250 0.251563 0.437500
3 0.735938 0.484375 0.285938 0.518750
3 0.607812 0.481250 0.382812 0.510938
3 0.487500 0.556250 0.496875 0.442188
3 0.434375 0.498437 0.560937 0.487500
3 0.360938 0.554688 0.626563 0.459375
3 0.285937 0.460938 0.709375 0.504687
3 0.201562 0.535937 0.789062 0.464062
3 0.104688 0.529687 0.901563 0.456250
1 0.123437 0.492188 0.873437 0.489063
1 0.403125 0.396875 0.598437 0.584375
1 0.676562 0.562500 0.312500 0.435937
1 0.518750 0.492188 0.468750 0.500000
0 0.632812 0.346875 0.367188 0.671875
0 0.598437 0.340625 0.418750 0.667188
0 0.678125 0.359375 0.314063 0.635938
0 0.673438 0.346875 0.328125 0.656250
