5 0.631250 0.671875 0.370312 0.323437
5 0.654687 0.745313 0.325000 0.262500
5 0.482812 0.684375 0.514062 0.350000
5 0.328125 0.404687 0.667188 0.606250
5 0.484063 1.000000 0.498437 0.021875
5 0.639410 1.000000 0.345313 0.012500
3 0.371875 0.853125 0.653125 0.132812
3 0.379687 0.729688 0.635938 0.271875
3 0.292188 0.437500 0.723437 0.562500
1 0.610938 0.412500 0.417187 0.560937
1 0.668750 0.460938 0.318750 0.554688
1 0.267188 0.345313 0.731250 0.678125
1 0.137500 0.371875 0.851562 0.625000
1 0.490625 0.567187 0.500000 0.423438
1 0.312500 0.576562 0.696875 0.410938
0 0.457812 0.371875 0.520312 0.629687
0 0.745313 0.003125 0.259375 0.901563
0 0.698438 0.303125 0.287500 0.695312
0 0.626563 0.285937 0.379688 0.698438
3 0.490625 0.690625 0.520312 0.307812
