3 0.398438 0.529687 0.400000 0.500000
3 0.357812 0.668750 0.379688 0.332813
3 0.384375 0.765625 0.376563 0.221875
3 0.359375 0.821875 0.368750 0.181250
3 0.376563 0.776563 0.384375 0.237500
3 0.396875 0.893750 0.392188 0.140625
3 0.362500 0.890625 0.356250 0.101562
3 0.356250 0.865625 0.371875 0.139063
3 0.375000 0.557813 0.393750 0.445312
3 0.346875 0.198438 0.378125 0.800000
1 0.615625 0.003125 0.568750 0.996875
1 0.607812 0.265625 0.573438 0.729688
1 0.621875 0.607812 0.632812 0.398438
1 0.632812 0.385938 0.606250 0.614062
1 0.595313 0.712500 0.578125 0.295312
1 0.526563 0.695312 0.501563 0.310937
1 0.504687 0.614062 0.520312 0.385937
1 0.481250 0.954688 0.501563 0.042188
2 0.545312 0.835938 0.531250 0.168750
0 0.709375 0.773438 0.718750 0.223438
0 0.704688 0.784375 0.718750 0.206250
0 0.671875 0.853125 0.650000 0.150000
0 0.645312 0.860938 0.607812 0.137500
0 0.625000 0.871875 0.596875 0.128125
0 0.618750 0.926562 0.614062 0.087500
0 0.650000 0.632812 0.645312 0.382812
0 0.632812 0.642188 0.614062 0.357812
0 0.635938 0.532813 0.618750 0.473438
0 0.771875 0.210938 0.771875 0.778125
0 0.820312 0.182813 0.792188 0.821875
0 0.817187 0.446875 0.815625 0.587500
0 0.779687 0.462500 0.785937 0.543750
