3 0.623437 0.157812 0.371875 0.143750
3 0.654687 0.251563 0.345313 0.226562
3 0.562500 0.345313 0.428125 0.353125
3 0.578125 0.096875 0.421875 0.089063
2 0.618750 0.743750 0.384375 0.748437
2 0.596875 0.573438 0.412500 0.576562
0 0.246875 0.671875 0.773438 0.657813
0 0.240625 0.659375 0.756250 0.660937
0 0.276563 0.625000 0.712500 0.612500
0 0.282813 0.559375 0.725000 0.557813
0 0.267188 0.745313 0.709375 0.753125
0 0.312500 0.801562 0.678125 0.801562
0 0.289062 0.420312 0.714063 0.445312
0 0.262500 0.396875 0.743750 0.407813
0 0.090625 0.706250 0.884375 0.689063
0 0.070312 0.731250 0.948438 0.726562
0 0.003125 0.804688 0.979688 0.803125
0 0.070312 0.640625 0.906250 0.654687
0 0.085938 0.598437 0.917188 0.593750
0 0.056250 0.559375 0.951562 0.575000
0 0.067187 0.393750 0.942187 0.400000
0 0.040625 0.464062 0.951562 0.467187
1 0.492188 0.553125 0.479687 0.553125
1 0.496875 0.550000 0.479687 0.554688
1 0.504687 0.479687 0.517188 0.485938
1 0.546875 0.312500 0.467187 0.323437
