3 0.431250 0.856250 0.437500 0.148438
3 0.412500 0.726562 0.412500 0.257812
3 0.446875 0.592187 0.445312 0.398438
3 0.429688 0.467187 0.421875 0.526563
3 0.453125 0.423438 0.448437 0.570312
3 0.446875 0.343750 0.448437 0.645312
3 0.473438 0.218750 0.473438 0.787500
3 0.459375 0.139062 0.479687 0.862500
3 0.456250 0.153125 0.473438 0.840625
3 0.437500 0.039062 0.446875 0.964063
3 0.459375 0.276563 0.465625 0.714063
1 0.535937 0.373437 0.546875 0.631250
0 0.804688 0.842187 0.803125 0.137500
0 0.806250 0.789062 0.823438 0.206250
0 0.857812 0.726562 0.851562 0.279687
0 0.853125 0.800000 0.848437 0.192188
0 0.695312 0.737500 0.700000 0.281250
0 0.684375 0.645312 0.687500 0.362500
0 0.674219 0.596094 0.007812 0.014063
0 0.704688 0.512500 0.700000 0.507812
0 0.706250 0.487500 0.726562 0.509375
0 0.654687 0.429688 0.645312 0.564063
0 0.657813 0.400000 0.664062 0.598437
0 0.670312 0.367188 0.671875 0.648438
0 0.728125 0.275000 0.731250 0.704688
0 0.762500 0.212500 0.754687 0.760938
0 0.682813 0.089063 0.676562 0.895312
0 0.682031 0.143750 0.007812 0.018750
0 0.687500 0.040625 0.684375 0.965625
0 0.654687 0.298438 0.656250 0.712500
0 0.890625 0.218750 0.885938 0.770312
0 0.917188 0.290625 0.918750 0.703125
0 0.976562 0.123437 0.996875 0.879687
0 0.996875 0.154687 0.996875 0.868750
0 0.976562 0.073438 0.996875 0.946875
0 0.956250 0.490625 0.956250 0.529687
0 0.959375 0.517188 0.965625 0.482812
0 0.996875 0.587500 0.982812 0.409375
0 0.979688 0.625000 0.975000 0.362500
0 0.979688 0.731250 0.984375 0.281250
