3 0.301563 0.367188 0.290625 0.650000
3 0.359375 0.698438 0.385937 0.295312
3 0.368750 0.493750 0.390625 0.504687
3 0.423438 0.439063 0.429688 0.581250
3 0.445312 0.373437 0.429688 0.629687
1 0.603125 0.685937 0.596875 0.298438
1 0.564063 0.642188 0.570312 0.353125
0 0.770312 0.685937 0.770312 0.332813
0 0.796875 0.701562 0.785937 0.295312
0 0.667188 0.476562 0.681250 0.514062
0 0.668750 0.418750 0.671875 0.601562
1 0.325000 0.382812 0.315625 0.625000
1 0.560937 0.509375 0.562500 0.515625
1 0.450000 0.389062 0.450000 0.596875
1 0.479687 0.325000 0.467187 0.671875
