5 0.514062 0.692187 0.489063 0.695312
5 0.593750 0.898438 0.435937 0.895312
5 0.498437 0.773438 0.518750 0.773438
5 0.532813 0.635938 0.479687 0.632812
5 0.182813 0.154688 0.829688 0.156250
5 0.418750 0.157812 0.603125 0.156250
5 0.035937 0.704688 0.979688 0.703125
5 0.089063 0.643750 0.920312 0.640625
5 0.871875 0.907813 0.137500 0.896875
5 0.934375 0.707812 0.076563 0.707812
5 0.926562 0.631250 0.081250 0.629687
5 0.953125 0.771875 0.064062 0.770312
5 1.000000 0.153594 0.014063 0.157812
3 0.485938 0.160938 0.514062 0.146875
3 0.110938 0.168750 0.879687 0.143750
3 0.582812 0.670312 0.409375 0.660937
3 0.612500 0.739062 0.384375 0.732812
3 0.603125 0.756250 0.389062 0.748437
3 0.595313 0.754687 0.421875 0.753125
3 0.642188 0.925000 0.350000 0.931250
0 0.378125 0.646875 0.609375 0.648438
0 0.375000 0.684375 0.614062 0.692187
0 0.406250 0.723437 0.604688 0.704688
0 0.403125 0.831250 0.603125 0.812500
1 0.560937 0.892188 0.457813 0.893750
0 0.203125 0.610938 0.812500 0.634375
0 0.200000 0.687500 0.806250 0.678125
0 0.198438 0.714063 0.812500 0.707812
0 0.140625 0.945312 0.846875 0.953125
3 0.945312 0.164062 0.026562 0.167187
3 0.837500 0.660937 0.156250 0.670312
3 0.815625 0.718750 0.185938 0.729688
3 0.818750 0.750000 0.171875 0.757812
3 0.850000 0.753125 0.167187 0.757812
3 0.770312 0.931250 0.217188 0.931250
