3 0.856250 0.568750 0.148438 0.437500
3 0.726562 0.587500 0.257812 0.412500
3 0.592187 0.553125 0.398438 0.445312
3 0.467187 0.570312 0.526563 0.421875
3 0.423438 0.546875 0.570312 0.448437
3 0.343750 0.553125 0.645312 0.448437
3 0.218750 0.526563 0.787500 0.473438
3 0.139062 0.540625 0.862500 0.479687
3 0.153125 0.543750 0.840625 0.473438
3 0.039062 0.562500 0.964063 0.446875
3 0.276563 0.540625 0.714063 0.465625
1 0.373437 0.464063 0.631250 0.546875
0 0.842187 0.195312 0.137500 0.803125
0 0.789062 0.193750 0.206250 0.823438
0 0.726562 0.142188 0.279687 0.851562
0 0.800000 0.146875 0.192188 0.848437
0 0.737500 0.304688 0.281250 0.700000
0 0.645312 0.315625 0.362500 0.687500
0 0.596094 0.325781 0.014063 0.007812
0 0.512500 0.295312 0.507812 0.700000
0 0.487500 0.293750 0.509375 0.726562
0 0.429688 0.345313 0.564063 0.645312
0 0.400000 0.342187 0.598437 0.664062
0 0.367188 0.329688 0.648438 0.671875
0 0.275000 0.271875 0.704688 0.731250
0 0.212500 0.237500 0.760938 0.754687
0 0.089063 0.317187 0.895312 0.676562
0 0.143750 0.317969 0.018750 0.007812
0 0.040625 0.312500 0.965625 0.684375
0 0.298438 0.345313 0.712500 0.656250
0 0.218750 0.109375 0.770312 0.885938
0 0.290625 0.082812 0.703125 0.918750
0 0.123437 0.023438 0.879687 0.996875
0 0.154687 0.003125 0.868750 0.996875
0 0.073438 0.023438 0.946875 0.996875
0 0.490625 0.043750 0.529687 0.956250
0 0.517188 0.040625 0.482812 0.965625
0 0.587500 0.003125 0.409375 0.982812
0 0.625000 0.020312 0.362500 0.975000
0 0.731250 0.020312 0.281250 0.984375
