3 0.362500 0.946875 0.367188 0.053125
3 0.189062 0.557813 0.179688 0.456250
3 0.154688 0.578125 0.151562 0.425000
3 0.090625 0.335938 0.085938 0.685937
3 0.329688 0.656250 0.318750 0.353125
3 0.318750 0.392188 0.321875 0.614062
3 0.364063 0.209375 0.362500 0.795312
3 0.378125 0.082812 0.370312 0.917188
3 0.409375 0.018750 0.392188 0.971875
1 0.392188 0.882812 0.384375 0.117188
1 0.354687 0.854688 0.357812 0.115625
1 0.350000 0.628125 0.340625 0.367188
1 0.301563 0.626563 0.301563 0.367188
0 0.750000 0.003125 0.739062 0.978125
0 0.801562 0.217187 0.804688 0.768750
0 0.815625 0.264062 0.807813 0.751563
0 0.835938 0.234375 0.840625 0.760938
0 0.896875 0.248437 0.893750 0.760938
0 0.907813 0.003125 0.912500 0.945312
0 0.898438 0.062500 0.895312 0.946875
