3 0.509375 0.071875 0.484375 0.064062
3 0.539062 0.079687 0.465625 0.064062
3 0.517188 0.137500 0.478125 0.129688
3 0.546875 0.168750 0.442188 0.159375
3 0.509375 0.234375 0.484375 0.221875
3 0.581250 0.253125 0.437500 0.251563
3 0.496875 0.298438 0.489063 0.292187
3 0.442187 0.378125 0.556250 0.387500
3 0.518750 0.495312 0.484375 0.514062
3 0.471875 0.542188 0.528125 0.553125
3 0.514062 0.660937 0.476562 0.668750
3 0.464063 0.673438 0.535937 0.690625
3 0.493750 0.807813 0.498437 0.817187
3 0.525000 0.851562 0.484375 0.851562
1 0.510938 0.873437 0.489063 0.843750
1 0.415625 0.598437 0.578125 0.593750
1 0.551562 0.321875 0.437500 0.323437
1 0.500000 0.468750 0.503125 0.459375
0 0.346875 0.367188 0.671875 0.367188
0 0.346875 0.420312 0.650000 0.414062
0 0.364062 0.314063 0.639062 0.300000
0 0.340625 0.345313 0.651563 0.348438
