3 0.04375 0.390625 0.034375 0.4 0.03125 0.409375 0.0328125 0.41875 0.053125 0.4140625 0.0796875 0.4203125 0.084375 0.41875 0.078125 0.3984375 0.0671875 0.3875 0.05 0.3875 0.04375 0.390625
3 0.30625 0.4078125 0.3 0.4125 0.29375 0.428125 0.2953125 0.4359375 0.30625 0.43125 0.33125 0.43125 0.3390625 0.4375 0.3421875 0.4359375 0.3359375 0.415625 0.3265625 0.40625 0.30625 0.4078125
2 0.8265625 0.4234375 0.828125 0.4296875 0.865625 0.4265625 0.8609375 0.4203125 0.8265625 0.4234375
0 0.8953125 0.825 0.9046875 0.8140625 0.9046875 0.8046875 0.875 0.8 0.8671875 0.8203125 0.878125 0.8265625 0.8953125 0.825
0 0.7953125 0.790625 0.8 0.8 0.809375 0.8015625 0.8546875 0.8 0.8546875 0.784375 0.853125 0.7828125 0.840625 0.7828125 0.8234375 0.7765625 0.7953125 0.790625
0 0.7734375 0.778125 0.7921875 0.7734375 0.7953125 0.7625 0.7921875 0.753125 0.765625 0.7546875 0.7640625 0.7734375 0.7734375 0.778125
0 0.6609375 0.74375 0.6671875 0.7515625 0.7109375 0.75 0.7171875 0.7453125 0.7140625 0.7390625 0.6984375 0.7375 0.690625 0.7328125 0.6640625 0.7390625 0.6609375 0.74375
0 0.6125 0.7453125 0.609375 0.7265625 0.596875 0.7234375 0.5921875 0.7453125 0.6 0.75 0.6125 0.7453125
0 0.5484375 0.7421875 0.55625 0.74375 0.571875 0.7390625 0.575 0.734375 0.571875 0.71875 0.5578125 0.71875 0.5484375 0.7421875
0 0.4234375 0.715625 0.40625 0.71875 0.425 0.728125 0.4234375 0.715625
0 0.384375 0.71875 0.3625 0.728125 0.378125 0.73125 0.384375 0.71875
0 0.303125 0.7296875 0.3203125 0.734375 0.3484375 0.73125 0.3453125 0.721875 0.3328125 0.7203125 0.325 0.7140625 0.3015625 0.721875 0.303125 0.7296875
0 0.28125 0.75 0.2953125 0.746875 0.29375 0.7375 0.28125 0.721875 0.2640625 0.725 0.2640625 0.7421875 0.28125 0.75
0 0.1921875 0.7328125 0.1953125 0.7375 0.2265625 0.740625 0.2390625 0.7390625 0.24375 0.734375 0.2421875 0.7296875 0.221875 0.7203125 0.196875 0.7265625 0.1921875 0.7328125
0 0.1703125 0.7421875 0.165625 0.728125 0.1484375 0.7296875 0.1484375 0.7484375 0.1625 0.7484375 0.1703125 0.7421875
0 0.0578125 0.74375 0.0515625 0.75 0.0515625 0.7546875 0.078125 0.759375 0.0953125 0.759375 0.1046875 0.75625 0.10625 0.753125 0.0921875 0.7421875 0.08125 0.7390625 0.0578125 0.74375
0 0.0140625 0.771875 0.0453125 0.7703125 0.03125 0.753125 0.009375 0.753125 0.0046875 0.7578125 0.0046875 0.765625 0.0140625 0.771875