5 0.471875 0.709375 0.531250 0.715625
5 0.546875 0.909375 0.459375 0.914062
5 0.481250 0.804688 0.496875 0.810937
5 0.456250 0.643750 0.550000 0.651563
5 0.115625 0.171875 0.879687 0.179688
5 0.385938 0.171875 0.614062 0.181250
5 0.018750 0.759375 0.967187 0.760938
5 0.076562 0.628125 0.928125 0.632812
5 0.792188 0.906250 0.207813 0.928125
5 0.871875 0.703125 0.145313 0.715625
5 0.867188 0.651563 0.128125 0.665625
5 0.921875 0.768750 0.104688 0.762500
5 1.000000 0.153594 0.014063 0.157812
3 0.468750 0.168750 0.518750 0.167187
3 0.092187 0.164062 0.889062 0.168750
3 0.575000 0.632812 0.432812 0.642188
3 0.596875 0.706250 0.410938 0.731250
3 0.579688 0.742188 0.421875 0.750000
3 0.595313 0.754687 0.421875 0.753125
3 0.667188 0.904687 0.337500 0.895312
0 0.373437 0.615625 0.621875 0.646875
0 0.375000 0.670312 0.625000 0.684375
0 0.406250 0.723437 0.604688 0.704688
0 0.403125 0.831250 0.603125 0.812500
1 0.560937 0.892188 0.457813 0.893750
0 0.203125 0.610938 0.812500 0.634375
0 0.200000 0.687500 0.806250 0.678125
0 0.198438 0.714063 0.812500 0.707812
0 0.168750 0.926562 0.839063 0.921875
3 0.951562 0.137500 0.054688 0.150000
3 0.860938 0.639062 0.151562 0.635938
3 0.837500 0.729688 0.165625 0.709375
3 0.839063 0.732812 0.182812 0.735938
3 0.850000 0.753125 0.167187 0.757812
3 0.773438 0.893750 0.234375 0.903125
