3 0.564063 0.170313 0.431250 0.178125
3 0.567187 0.284375 0.418750 0.281250
3 0.537500 0.398438 0.465625 0.417187
3 0.559375 0.500000 0.437500 0.507812
3 0.526563 0.573438 0.462500 0.579688
3 0.534375 0.667188 0.451562 0.665625
3 0.557813 0.790625 0.437500 0.782813
3 0.540625 0.860938 0.479687 0.862500
3 0.543750 0.846875 0.473438 0.840625
3 0.562500 0.960938 0.446875 0.964063
3 0.539062 0.735938 0.459375 0.723437
1 0.464063 0.626563 0.546875 0.631250
0 0.185937 0.168750 0.814063 0.185938
0 0.179688 0.276562 0.809375 0.279687
0 0.160937 0.206250 0.864062 0.207813
0 0.159375 0.135937 0.871875 0.137500
0 0.312500 0.289062 0.690625 0.260937
0 0.315625 0.354687 0.687500 0.362500
0 0.325781 0.403906 0.007812 0.014063
0 0.298438 0.481250 0.704688 0.487500
0 0.293750 0.512500 0.726562 0.509375
0 0.354688 0.564063 0.648438 0.550000
0 0.346875 0.609375 0.657813 0.600000
0 0.328125 0.648438 0.657813 0.635938
0 0.257812 0.748437 0.735938 0.746875
0 0.223437 0.757812 0.775000 0.773438
0 0.317187 0.910937 0.676562 0.895312
0 0.317969 0.856250 0.007812 0.018750
0 0.318750 0.926562 0.685937 0.926562
0 0.343750 0.712500 0.634375 0.704688
0 0.103125 0.750000 0.909375 0.760938
0 0.065625 0.723437 0.918750 0.739062
0 0.023438 0.876563 0.996875 0.879687
0 0.003125 0.868750 0.981250 0.845313
0 0.023438 0.926562 0.996875 0.946875
0 0.043750 0.529687 0.932813 0.512500
0 0.040625 0.482812 0.965625 0.482812
0 0.017188 0.409375 0.996875 0.395313
0 0.003125 0.381250 0.990625 0.381250
0 0.035937 0.298438 0.965625 0.265625
