3 0.801562 0.570312 0.200000 0.414062
3 0.726562 0.587500 0.257812 0.412500
3 0.592187 0.553125 0.398438 0.445312
3 0.467187 0.559375 0.532813 0.429688
3 0.423438 0.546875 0.570312 0.448437
3 0.343750 0.553125 0.645312 0.448437
3 0.229688 0.565625 0.757812 0.437500
3 0.107812 0.520312 0.882812 0.457813
3 0.143750 0.520312 0.860938 0.457813
3 0.003125 0.554688 0.996875 0.428125
3 0.285937 0.534375 0.712500 0.471875
1 0.354688 0.457812 0.640625 0.532813
0 0.800000 0.193750 0.203125 0.796875
0 0.725000 0.195312 0.245312 0.798438
0 0.770312 0.140625 0.242188 0.865625
0 0.800000 0.131250 0.203125 0.864062
0 0.737500 0.304688 0.281250 0.700000
0 0.623437 0.321875 0.360938 0.675000
0 0.596094 0.325781 0.014063 0.007812
0 0.492188 0.300000 0.501563 0.690625
0 0.479688 0.270312 0.528125 0.707812
0 0.429688 0.345313 0.564063 0.645312
0 0.401563 0.335938 0.618750 0.664062
0 0.367188 0.329688 0.648438 0.671875
0 0.275000 0.271875 0.704688 0.731250
0 0.217187 0.229688 0.787500 0.762500
0 0.121875 0.312500 0.909375 0.689063
0 0.143750 0.317969 0.018750 0.007812
0 0.040625 0.312500 0.965625 0.684375
0 0.298438 0.345313 0.712500 0.656250
0 0.214063 0.100000 0.781250 0.890625
0 0.290625 0.082812 0.703125 0.918750
0 0.100000 0.003125 0.907813 0.973437
0 0.154687 0.003125 0.868750 0.996875
0 0.032813 0.003125 0.964063 0.975000
0 0.490625 0.043750 0.529687 0.956250
0 0.496875 0.029687 0.506250 0.959375
0 0.587500 0.003125 0.409375 0.982812
0 0.625000 0.020312 0.362500 0.975000
0 0.739062 0.029687 0.260937 0.981250
