5 0.623437 0.645312 0.379688 0.346875
5 0.601562 0.746875 0.398438 0.250000
5 0.460938 0.721875 0.532813 0.298438
5 0.290625 0.435937 0.700000 0.560937
5 0.484063 1.000000 0.498437 0.021875
5 0.639410 1.000000 0.345313 0.012500
3 0.414062 0.910937 0.585938 0.107813
3 0.414062 0.771875 0.589063 0.239063
3 0.304688 0.485938 0.695312 0.535937
1 0.645312 0.429688 0.364063 0.575000
1 0.656250 0.420312 0.350000 0.571875
1 0.242188 0.318750 0.759375 0.665625
1 0.126563 0.340625 0.882812 0.660937
1 0.525000 0.521875 0.484375 0.484375
1 0.332812 0.571875 0.673438 0.425000
0 0.445312 0.321875 0.570312 0.675000
0 0.751563 0.101562 0.204687 0.896875
0 0.651563 0.265625 0.348438 0.726562
0 0.678125 0.306250 0.321875 0.704688
3 0.534375 0.729688 0.473438 0.284375
