3 0.660937 0.742188 0.665625 0.264062
3 0.656250 0.967187 0.662500 0.043750
3 0.501563 0.528125 0.490625 0.457813
0 0.721875 0.532813 0.715625 0.476562
0 0.693750 0.470313 0.693750 0.539062
3 0.378125 0.510938 0.378125 0.512500
1 0.462500 0.421875 0.450000 0.565625
1 0.401562 0.235938 0.392188 0.743750
1 0.403125 0.434375 0.393750 0.568750
0 0.603125 0.345313 0.606250 0.667188
0 0.584375 0.284375 0.592187 0.715625
3 0.365625 0.007812 0.345313 0.985938
1 0.420312 0.098437 0.418750 0.914062
0 0.593750 0.003125 0.585938 0.985938
0 0.598437 0.059375 0.593750 0.948438
1 0.487500 0.292188 0.475000 0.707812
1 0.475000 0.042188 0.482812 0.954688
3 0.373437 0.281250 0.367188 0.725000
