3 0.946875 0.637500 0.053125 0.367188
3 0.557813 0.810937 0.456250 0.179688
3 0.578125 0.845313 0.425000 0.151562
3 0.335938 0.909375 0.685937 0.085938
3 0.656250 0.670312 0.353125 0.318750
3 0.392188 0.681250 0.614062 0.321875
3 0.209375 0.635938 0.795312 0.362500
3 0.082812 0.621875 0.917188 0.370312
3 0.018750 0.590625 0.971875 0.392188
1 0.882812 0.607812 0.117188 0.384375
1 0.854688 0.645312 0.115625 0.357812
1 0.628125 0.650000 0.367188 0.340625
1 0.626563 0.698438 0.367188 0.301563
0 0.003125 0.250000 0.978125 0.739062
0 0.217187 0.198438 0.768750 0.804688
0 0.264062 0.184375 0.751563 0.807813
0 0.234375 0.164062 0.760938 0.840625
0 0.248437 0.103125 0.760938 0.893750
0 0.003125 0.092187 0.945312 0.912500
0 0.062500 0.101562 0.946875 0.895312
