3 0.423438 0.828125 0.418750 0.179688
3 0.396875 0.731250 0.382812 0.273438
3 0.435937 0.703125 0.450000 0.309375
3 0.456250 0.920312 0.450000 0.095312
2 0.389062 0.223437 0.371875 0.759375
2 0.403125 0.426562 0.412500 0.576562
0 0.785937 0.325000 0.782813 0.684375
0 0.760938 0.379687 0.764062 0.625000
0 0.745313 0.406250 0.748437 0.598437
0 0.725000 0.420312 0.721875 0.592187
0 0.709375 0.246875 0.703125 0.737500
0 0.673438 0.217187 0.675000 0.771875
0 0.701562 0.535937 0.698438 0.448437
0 0.739062 0.567187 0.723437 0.417187
0 0.915625 0.328125 0.915625 0.700000
0 0.965625 0.250000 0.954688 0.753125
0 0.970313 0.203125 0.965625 0.784375
0 0.914062 0.368750 0.918750 0.631250
0 0.964063 0.403125 0.965625 0.618750
0 0.970313 0.414062 0.965625 0.592187
0 0.945312 0.584375 0.923438 0.432812
0 0.992188 0.575000 0.989062 0.434375
1 0.479687 0.446875 0.481250 0.531250
1 0.479687 0.445312 0.478125 0.531250
1 0.495312 0.520312 0.517188 0.485938
1 0.451562 0.650000 0.445312 0.350000
