3 0.521875 0.640625 0.470313 0.367188
3 0.640625 0.648438 0.342187 0.350000
3 0.759375 0.590625 0.240625 0.395313
3 0.792188 0.643750 0.198437 0.348438
3 0.776563 0.632812 0.221875 0.370312
3 0.896875 0.623437 0.103125 0.393750
3 0.920312 0.620313 0.101562 0.379688
3 0.846875 0.653125 0.143750 0.346875
3 0.534375 0.632812 0.451562 0.367188
3 0.178125 0.670312 0.812500 0.334375
1 0.029687 0.429688 0.982812 0.617188
1 0.281250 0.390625 0.728125 0.614062
1 0.600000 0.420312 0.395313 0.584375
1 0.403125 0.371875 0.606250 0.632812
1 0.718750 0.429688 0.279687 0.587500
1 0.700000 0.501563 0.295312 0.518750
1 0.614062 0.479688 0.398438 0.501563
1 0.945312 0.490625 0.054688 0.484375
2 0.840625 0.476562 0.156250 0.539062
0 0.753125 0.260938 0.253125 0.710938
0 0.773438 0.278125 0.225000 0.710938
0 0.865625 0.351562 0.131250 0.670312
0 0.876563 0.356250 0.135937 0.646875
0 0.896875 0.398438 0.110937 0.615625
0 0.909375 0.404687 0.075000 0.600000
0 0.620313 0.376563 0.362500 0.629687
0 0.651563 0.387500 0.343750 0.631250
0 0.539062 0.382812 0.454688 0.631250
0 0.221875 0.215625 0.789062 0.776563
0 0.200000 0.210938 0.796875 0.815625
0 0.453125 0.215625 0.546875 0.801562
0 0.457812 0.243750 0.542188 0.770312
