3 0.628125 0.520312 0.359375 0.510938
3 0.650000 0.342187 0.357812 0.331250
3 0.612500 0.198437 0.404687 0.192188
3 0.651563 0.198437 0.359375 0.178125
3 0.614062 0.250000 0.373437 0.251563
3 0.607812 0.140625 0.382812 0.142187
3 0.637500 0.109375 0.356250 0.101562
3 0.653125 0.143750 0.356250 0.134375
3 0.632812 0.451562 0.375000 0.442188
3 0.637500 0.867188 0.348438 0.862500
1 0.384375 0.996875 0.568750 0.996875
1 0.392188 0.734375 0.573438 0.729688
1 0.367188 0.404687 0.621875 0.412500
1 0.367188 0.614062 0.606250 0.614062
1 0.429688 0.281250 0.587500 0.279687
1 0.501563 0.300000 0.518750 0.295312
1 0.495313 0.385937 0.520312 0.385937
1 0.515625 0.054688 0.481250 0.045312
2 0.476562 0.159375 0.539062 0.156250
0 0.289062 0.253125 0.709375 0.226562
0 0.289062 0.225000 0.704688 0.215625
0 0.351562 0.134375 0.670312 0.131250
0 0.354688 0.139063 0.607812 0.137500
0 0.375000 0.128125 0.596875 0.128125
0 0.404687 0.090625 0.600000 0.075000
0 0.376563 0.379688 0.629687 0.362500
0 0.387500 0.348438 0.631250 0.343750
0 0.382812 0.460938 0.631250 0.454688
0 0.181250 0.770312 0.814063 0.792188
0 0.210938 0.800000 0.815625 0.796875
0 0.187500 0.590625 0.787500 0.590625
0 0.218750 0.559375 0.773438 0.567187
