5 0.532813 0.332812 0.535937 0.657813
5 0.584375 0.596875 0.576562 0.412500
5 0.607812 0.468750 0.581250 0.532813
5 0.517188 0.406250 0.523438 0.587500
5 0.379688 0.793750 0.421875 0.209375
5 0.400000 0.657813 0.395313 0.331250
3 0.446875 0.618750 0.465625 0.382812
3 0.473438 0.526563 0.493750 0.467187
3 0.481250 0.426562 0.493750 0.573438
3 0.493750 0.332812 0.492188 0.651563
3 0.387500 0.668750 0.373437 0.334375
3 0.368750 0.715625 0.357812 0.279687
3 0.356250 0.751563 0.342187 0.243750
0 0.492188 0.751563 0.484375 0.234375
0 0.507812 0.703125 0.504687 0.306250
0 0.523438 0.668750 0.517188 0.332813
0 0.731250 0.615625 0.717187 0.376563
0 0.723437 0.570312 0.710938 0.414062
0 0.745313 0.568750 0.750000 0.440625
0 0.737500 0.504687 0.748437 0.493750
0 0.710938 0.443750 0.700000 0.546875
0 0.698438 0.406250 0.695312 0.585938
0 0.712500 0.332812 0.712500 0.643750
1 0.526563 0.589063 0.521875 0.403125
1 0.528125 0.573438 0.535937 0.429688
5 0.387500 0.710938 0.385937 0.275000
