5 0.615625 0.364062 0.623437 0.653125
5 0.521875 0.631250 0.531250 0.367188
5 0.603125 0.529687 0.606250 0.481250
5 0.596875 0.448438 0.596875 0.581250
5 0.415625 0.754687 0.396875 0.242188
5 0.448437 0.684375 0.454688 0.326562
3 0.439063 0.609375 0.446875 0.381250
3 0.493750 0.532813 0.493750 0.503125
3 0.475000 0.406250 0.481250 0.573438
3 0.493750 0.332812 0.492188 0.651563
3 0.371875 0.678125 0.384375 0.317188
3 0.362500 0.732812 0.368750 0.268750
3 0.356250 0.751563 0.342187 0.243750
0 0.487500 0.779687 0.493750 0.226562
0 0.507812 0.703125 0.504687 0.306250
0 0.523438 0.668750 0.517188 0.332813
0 0.731250 0.615625 0.717187 0.376563
0 0.723437 0.570312 0.710938 0.414062
0 0.750000 0.559375 0.751563 0.468750
0 0.765625 0.528125 0.760938 0.476562
0 0.703125 0.468750 0.709375 0.531250
0 0.698438 0.406250 0.695312 0.585938
0 0.712500 0.332812 0.712500 0.643750
1 0.526563 0.589063 0.521875 0.403125
1 0.523438 0.567187 0.528125 0.426563
5 0.385937 0.725000 0.381250 0.268750
