3 0.570312 0.198437 0.414062 0.200000
3 0.587500 0.273438 0.412500 0.257812
3 0.553125 0.407813 0.445312 0.398438
3 0.559375 0.532813 0.429688 0.532813
3 0.546875 0.576562 0.448437 0.570312
3 0.553125 0.656250 0.448437 0.645312
3 0.565625 0.770312 0.437500 0.757812
3 0.520312 0.892188 0.457813 0.882812
3 0.520312 0.856250 0.457813 0.860938
3 0.554688 0.996875 0.428125 0.996875
3 0.534375 0.714063 0.471875 0.712500
1 0.457812 0.645312 0.532813 0.640625
0 0.193750 0.200000 0.796875 0.203125
0 0.195312 0.275000 0.798438 0.245312
0 0.140625 0.229687 0.865625 0.242188
0 0.131250 0.200000 0.864062 0.203125
0 0.304688 0.262500 0.700000 0.281250
0 0.321875 0.376563 0.675000 0.360938
0 0.325781 0.403906 0.007812 0.014063
0 0.300000 0.507812 0.690625 0.501563
0 0.270312 0.520312 0.707812 0.528125
0 0.345313 0.570312 0.645312 0.564063
0 0.335938 0.598437 0.664062 0.618750
0 0.329688 0.632812 0.671875 0.648438
0 0.271875 0.725000 0.731250 0.704688
0 0.229688 0.782813 0.762500 0.787500
0 0.312500 0.878125 0.689063 0.909375
0 0.317969 0.856250 0.007812 0.018750
0 0.312500 0.959375 0.684375 0.965625
0 0.345313 0.701562 0.656250 0.712500
0 0.100000 0.785937 0.890625 0.781250
0 0.082812 0.709375 0.918750 0.703125
0 0.003125 0.900000 0.973437 0.907813
0 0.003125 0.845313 0.996875 0.868750
0 0.003125 0.967187 0.975000 0.964063
0 0.043750 0.509375 0.956250 0.529687
0 0.029687 0.503125 0.959375 0.506250
0 0.003125 0.412500 0.982812 0.409375
0 0.020312 0.375000 0.975000 0.362500
0 0.029687 0.260937 0.981250 0.260937
