3 0.698438 0.632812 0.290625 0.650000
3 0.640625 0.301563 0.385937 0.295312
3 0.631250 0.506250 0.390625 0.504687
3 0.576562 0.560937 0.429688 0.581250
3 0.554688 0.626563 0.429688 0.629687
1 0.396875 0.314063 0.596875 0.298438
1 0.435937 0.357812 0.570312 0.353125
0 0.229688 0.314063 0.770312 0.332813
0 0.203125 0.298438 0.785937 0.295312
0 0.332812 0.523438 0.681250 0.514062
0 0.331250 0.581250 0.671875 0.601562
1 0.675000 0.617188 0.315625 0.625000
1 0.439063 0.490625 0.562500 0.515625
1 0.550000 0.610938 0.450000 0.596875
1 0.520312 0.675000 0.467187 0.671875
