5 0.364062 0.384375 0.653125 0.623437
5 0.631250 0.478125 0.367188 0.531250
5 0.529687 0.396875 0.481250 0.606250
5 0.448438 0.403125 0.581250 0.596875
5 0.754687 0.584375 0.242188 0.396875
5 0.684375 0.551562 0.326562 0.454688
3 0.609375 0.560937 0.381250 0.446875
3 0.532813 0.506250 0.503125 0.493750
3 0.406250 0.525000 0.573438 0.481250
3 0.332812 0.506250 0.651563 0.492188
3 0.678125 0.628125 0.317188 0.384375
3 0.732812 0.637500 0.268750 0.368750
3 0.751563 0.643750 0.243750 0.342187
0 0.779687 0.512500 0.226562 0.493750
0 0.703125 0.492188 0.306250 0.504687
0 0.668750 0.476562 0.332813 0.517188
0 0.615625 0.268750 0.376563 0.717187
0 0.570312 0.276563 0.414062 0.710938
0 0.559375 0.250000 0.468750 0.751563
0 0.528125 0.234375 0.476562 0.760938
0 0.468750 0.296875 0.531250 0.709375
0 0.406250 0.301562 0.585938 0.695312
0 0.332812 0.287500 0.643750 0.712500
1 0.589063 0.473437 0.403125 0.521875
1 0.567187 0.476562 0.426563 0.528125
5 0.725000 0.614062 0.268750 0.381250
