5 0.384375 0.635938 0.623437 0.653125
5 0.478125 0.368750 0.531250 0.367188
5 0.396875 0.470313 0.606250 0.481250
5 0.403125 0.551562 0.596875 0.581250
5 0.584375 0.245312 0.396875 0.242188
5 0.551562 0.315625 0.454688 0.326562
3 0.560937 0.390625 0.446875 0.381250
3 0.506250 0.467187 0.493750 0.503125
3 0.525000 0.593750 0.481250 0.573438
3 0.506250 0.667188 0.492188 0.651563
3 0.628125 0.321875 0.384375 0.317188
3 0.637500 0.267188 0.368750 0.268750
3 0.643750 0.248438 0.342187 0.243750
0 0.512500 0.220312 0.493750 0.226562
0 0.492188 0.296875 0.504687 0.306250
0 0.476562 0.331250 0.517188 0.332813
0 0.268750 0.384375 0.717187 0.376563
0 0.276563 0.429688 0.710938 0.414062
0 0.250000 0.440625 0.751563 0.468750
0 0.234375 0.471875 0.760938 0.476562
0 0.296875 0.531250 0.709375 0.531250
0 0.301562 0.593750 0.695312 0.585938
0 0.287500 0.667188 0.712500 0.643750
1 0.473437 0.410938 0.521875 0.403125
1 0.476562 0.432812 0.528125 0.426563
5 0.614062 0.275000 0.381250 0.268750
