3 0.650000 0.701562 0.626563 0.296875
3 0.645312 0.923438 0.637500 0.075000
3 0.507812 0.568750 0.521875 0.434375
0 0.665625 0.540625 0.670312 0.451562
0 0.662500 0.464063 0.651563 0.523438
3 0.356250 0.476562 0.345313 0.520312
1 0.475000 0.434375 0.468750 0.578125
1 0.417187 0.234375 0.401562 0.764062
1 0.382812 0.453125 0.404687 0.548438
0 0.570312 0.312500 0.592187 0.670312
0 0.604688 0.253125 0.601562 0.760938
3 0.353125 0.065625 0.365625 0.935937
1 0.393750 0.089063 0.401562 0.900000
0 0.582812 0.034375 0.587500 0.968750
0 0.584375 0.056250 0.589063 0.925000
1 0.492188 0.306250 0.487500 0.707812
1 0.475000 0.042188 0.482812 0.954688
3 0.339062 0.287500 0.335938 0.706250
