3 0.490625 0.928125 0.484375 0.064062
3 0.460938 0.920312 0.465625 0.064062
3 0.482812 0.862500 0.478125 0.129688
3 0.453125 0.831250 0.442188 0.159375
3 0.490625 0.765625 0.484375 0.221875
3 0.418750 0.746875 0.437500 0.251563
3 0.503125 0.701562 0.489063 0.292187
3 0.557813 0.621875 0.556250 0.387500
3 0.481250 0.504687 0.484375 0.514062
3 0.528125 0.457812 0.528125 0.553125
3 0.485938 0.339063 0.476562 0.668750
3 0.535937 0.326562 0.535937 0.690625
3 0.506250 0.192187 0.498437 0.817187
3 0.475000 0.148438 0.484375 0.851562
1 0.489063 0.126563 0.489063 0.843750
1 0.584375 0.401563 0.578125 0.593750
1 0.448437 0.678125 0.437500 0.323437
1 0.500000 0.531250 0.503125 0.459375
0 0.653125 0.632812 0.671875 0.367188
0 0.653125 0.579688 0.650000 0.414062
0 0.635938 0.685937 0.639062 0.300000
0 0.659375 0.654687 0.651563 0.348438
