5 0.407813 0.506250 0.593750 0.507812
5 0.567187 0.289062 0.445312 0.303125
5 0.685937 0.135937 0.337500 0.129688
5 0.698438 0.034375 0.321875 0.029687
5 0.693750 0.107813 0.314063 0.093750
5 0.717187 0.310937 0.250000 0.309375
5 0.762500 0.325000 0.240625 0.321875
5 0.745313 0.267188 0.281250 0.265625
5 0.671875 0.242188 0.310937 0.248438
3 0.693750 0.550000 0.301563 0.537500
3 0.750000 0.278125 0.242188 0.264062
3 0.760938 0.300000 0.243750 0.290625
3 0.689063 0.104688 0.296875 0.100000
3 0.703125 0.139063 0.295312 0.132812
3 0.696875 0.134375 0.312500 0.135937
3 0.700000 0.157812 0.309375 0.160938
0 0.614062 0.062500 0.378125 0.056250
0 0.615625 0.070312 0.368750 0.065625
0 0.626563 0.112500 0.370312 0.125000
0 0.618750 0.170313 0.382812 0.156250
0 0.628125 0.142187 0.387500 0.156250
0 0.643750 0.171875 0.375000 0.171875
0 0.454688 0.348438 0.550000 0.331250
0 0.209375 0.595313 0.801562 0.579688
0 0.253125 0.534375 0.751563 0.532813
1 0.398438 0.568750 0.614062 0.548438
