5 0.592187 0.493750 0.593750 0.507812
5 0.432812 0.710938 0.445312 0.303125
5 0.314063 0.864062 0.337500 0.129688
5 0.301563 0.965625 0.321875 0.029687
5 0.306250 0.892188 0.314063 0.093750
5 0.282813 0.689063 0.250000 0.309375
5 0.237500 0.675000 0.240625 0.321875
5 0.254688 0.732812 0.281250 0.265625
5 0.328125 0.757812 0.310937 0.248438
3 0.306250 0.450000 0.301563 0.537500
3 0.250000 0.721875 0.242188 0.264062
3 0.239063 0.700000 0.243750 0.290625
3 0.310937 0.895312 0.296875 0.100000
3 0.296875 0.860938 0.295312 0.132812
3 0.303125 0.865625 0.312500 0.135937
3 0.300000 0.842187 0.309375 0.160938
0 0.385937 0.937500 0.378125 0.056250
0 0.384375 0.929688 0.368750 0.065625
0 0.373437 0.887500 0.370312 0.125000
0 0.381250 0.829688 0.382812 0.156250
0 0.371875 0.857812 0.387500 0.156250
0 0.356250 0.828125 0.375000 0.171875
0 0.545312 0.651563 0.550000 0.331250
0 0.790625 0.404687 0.801562 0.579688
0 0.746875 0.465625 0.751563 0.532813
1 0.601562 0.431250 0.614062 0.548438
