3 0.576562 0.171875 0.418750 0.179688
3 0.603125 0.268750 0.382812 0.273438
3 0.564063 0.296875 0.450000 0.309375
3 0.543750 0.079687 0.450000 0.095312
2 0.610938 0.776563 0.371875 0.759375
2 0.596875 0.573438 0.412500 0.576562
0 0.214063 0.675000 0.782813 0.684375
0 0.239062 0.620313 0.764062 0.625000
0 0.254687 0.593750 0.748437 0.598437
0 0.275000 0.579688 0.721875 0.592187
0 0.290625 0.753125 0.703125 0.737500
0 0.326562 0.782813 0.675000 0.771875
0 0.298438 0.464062 0.698438 0.448437
0 0.260938 0.432812 0.723437 0.417187
0 0.084375 0.671875 0.915625 0.700000
0 0.034375 0.750000 0.954688 0.753125
0 0.029687 0.796875 0.965625 0.784375
0 0.085938 0.631250 0.918750 0.631250
0 0.035937 0.596875 0.965625 0.618750
0 0.029687 0.585938 0.965625 0.592187
0 0.054688 0.415625 0.923438 0.432812
0 0.007812 0.425000 0.989062 0.434375
1 0.520312 0.553125 0.481250 0.531250
1 0.520312 0.554688 0.478125 0.531250
1 0.504687 0.479687 0.517188 0.485938
1 0.548438 0.350000 0.445312 0.350000
