3 0.7109375 0.396875 0.7296875 0.396875 0.7203125 0.390625 0.7203125 0.375 0.715625 0.3640625 0.6625 0.3609375 0.659375 0.365625 0.65625 0.3828125 0.6609375 0.3890625 0.6875 0.3890625 0.7109375 0.396875
3 0.3328125 0.45625 0.3296875 0.4640625 0.33125 0.49375 0.34375 0.490625 0.3890625 0.4859375 0.3921875 0.4796875 0.3921875 0.4734375 0.3859375 0.45625 0.378125 0.4484375 0.3640625 0.44375 0.340625 0.4484375 0.3328125 0.45625
1 0.7796875 0.36875 0.78125 0.359375 0.7765625 0.353125 0.7609375 0.346875 0.759375 0.3609375 0.7640625 0.3734375 0.76875 0.3765625 0.7796875 0.36875
1 0.4453125 0.58125 0.4265625 0.5796875 0.415625 0.596875 0.421875 0.60625 0.4359375 0.6078125 0.4453125 0.58125
1 0.70625 0.478125 0.7125 0.4734375 0.7203125 0.459375 0.715625 0.45 0.6984375 0.4484375 0.690625 0.45625 0.690625 0.4703125 0.69375 0.475 0.70625 0.478125
0 0.309375 0.8359375 0.3171875 0.8296875 0.3171875 0.8234375 0.303125 0.815625 0.303125 0.8078125 0.296875 0.8046875 0.253125 0.8015625 0.2453125 0.809375 0.246875 0.8203125 0.2703125 0.8296875 0.2953125 0.8359375 0.309375 0.8359375
0 0.378125 0.7984375 0.4015625 0.796875 0.4078125 0.784375 0.40625 0.7765625 0.4 0.7734375 0.3765625 0.771875 0.359375 0.7734375 0.3359375 0.78125 0.3359375 0.7859375 0.3390625 0.7875 0.3609375 0.7890625 0.378125 0.7984375
0 0.6875 0.790625 0.678125 0.7921875 0.66875 0.8015625 0.6578125 0.8046875 0.659375 0.8078125 0.6921875 0.8109375 0.715625 0.8078125 0.6875 0.790625
0 0.7265625 0.8046875 0.7328125 0.809375 0.7734375 0.8125 0.778125 0.8078125 0.7796875 0.796875 0.76875 0.784375 0.7609375 0.78125 0.728125 0.7921875 0.7265625 0.8046875
0 0.24375 0.934375 0.25 0.9421875 0.296875 0.940625 0.303125 0.9375 0.3015625 0.9296875 0.3046875 0.9265625 0.3171875 0.921875 0.315625 0.9125 0.30625 0.909375 0.2671875 0.915625 0.246875 0.9234375 0.24375 0.934375
0 0.7609375 0.971875 0.775 0.95 0.775 0.9421875 0.7703125 0.9375 0.7265625 0.9390625 0.7265625 0.971875 0.734375 0.965625 0.746875 0.965625 0.7609375 0.971875