3 0.459375 0.3046875 0.4359375 0.3015625 0.428125 0.3125 0.4296875 0.3296875 0.459375 0.33125 0.459375 0.3046875
3 0.565625 0.3796875 0.5703125 0.3859375 0.590625 0.3859375 0.60625 0.378125 0.6125 0.371875 0.6125 0.3484375 0.6046875 0.3359375 0.5921875 0.328125 0.578125 0.3296875 0.565625 0.340625 0.5625 0.3640625 0.565625 0.3796875
3 0.3765625 0.403125 0.390625 0.4046875 0.396875 0.4078125 0.403125 0.4078125 0.4078125 0.4046875 0.4046875 0.375 0.4 0.3671875 0.3921875 0.3609375 0.3796875 0.3546875 0.365625 0.3546875 0.3546875 0.3625 0.34375 0.3859375 0.3453125 0.390625 0.35 0.3953125 0.3765625 0.403125
3 0.1078125 0.490625 0.1234375 0.5046875 0.146875 0.5171875 0.1609375 0.5203125 0.1828125 0.5203125 0.1875 0.51875 0.1984375 0.5078125 0.2 0.4921875 0.1984375 0.490625 0.1984375 0.478125 0.1953125 0.4640625 0.1859375 0.446875 0.171875 0.4375 0.159375 0.434375 0.1453125 0.434375 0.125 0.4453125 0.11875 0.4515625 0.1125 0.46875 0.10625 0.4796875 0.1078125 0.490625
3 0.5859375 0.565625 0.58125 0.546875 0.5703125 0.5296875 0.55625 0.5234375 0.5421875 0.5234375 0.5265625 0.5390625 0.521875 0.5578125 0.5234375 0.571875 0.584375 0.5703125 0.5859375 0.565625
1 0.440625 0.5140625 0.4359375 0.509375 0.4234375 0.509375 0.41875 0.528125 0.4296875 0.534375 0.4421875 0.5359375 0.440625 0.5140625
0 0.15625 0.7828125 0.15625 0.875 0.1484375 0.940625 0.1734375 0.946875 0.184375 0.946875 0.1875 0.94375 0.1890625 0.8125 0.1859375 0.78125 0.1890625 0.73125 0.1859375 0.71875 0.165625 0.7265625 0.15625 0.7265625 0.1515625 0.7328125 0.15625 0.7828125
0 0.340625 0.7265625 0.346875 0.7265625 0.3765625 0.715625 0.3859375 0.70625 0.3875 0.7015625 0.38125 0.6953125 0.3625 0.69375 0.3546875 0.6875 0.35625 0.6375 0.3515625 0.634375 0.3296875 0.634375 0.325 0.64375 0.3234375 0.65625 0.3265625 0.7203125 0.340625 0.7265625
0 0.56875 0.803125 0.565625 0.8 0.553125 0.7984375 0.5265625 0.7765625 0.503125 0.7765625 0.4984375 0.784375 0.5 0.7953125 0.5125 0.80625 0.55625 0.809375 0.56875 0.803125
0 0.5046875 0.8875 0.5265625 0.8875 0.55 0.8671875 0.5671875 0.8640625 0.56875 0.8578125 0.515625 0.8578125 0.5 0.8671875 0.4984375 0.8796875 0.5046875 0.8875
0 0.2765625 0.678125 0.284375 0.6765625 0.296875 0.6703125 0.296875 0.6625 0.2859375 0.6546875 0.284375 0.6484375 0.2984375 0.6140625 0.2875 0.6109375 0.28125 0.60625 0.2671875 0.63125 0.259375 0.6609375 0.2609375 0.6734375 0.2765625 0.678125
0 0.08125 0.7734375 0.06875 0.803125 0.0671875 0.8171875 0.071875 0.825 0.0921875 0.825 0.1078125 0.796875 0.1078125 0.784375 0.1046875 0.778125 0.0953125 0.76875 0.0953125 0.746875 0.09375 0.7421875 0.0875 0.7359375 0.078125 0.7359375 0.0734375 0.7390625 0.0734375 0.74375 0.0796875 0.7625 0.08125 0.7734375