3 0.829688 0.564063 0.178125 0.431250
3 0.715625 0.567187 0.281250 0.418750
3 0.601562 0.537500 0.417187 0.465625
3 0.500000 0.559375 0.507812 0.437500
3 0.426562 0.526563 0.579688 0.462500
3 0.332812 0.534375 0.665625 0.451562
3 0.209375 0.557813 0.782813 0.437500
3 0.139062 0.540625 0.862500 0.479687
3 0.153125 0.543750 0.840625 0.473438
3 0.039062 0.562500 0.964063 0.446875
3 0.264062 0.539062 0.723437 0.459375
1 0.373437 0.464063 0.631250 0.546875
0 0.831250 0.185937 0.185938 0.814063
0 0.723437 0.179688 0.279687 0.809375
0 0.793750 0.160937 0.207813 0.864062
0 0.864062 0.159375 0.137500 0.871875
0 0.710938 0.312500 0.260937 0.690625
0 0.645312 0.315625 0.362500 0.687500
0 0.596094 0.325781 0.014063 0.007812
0 0.518750 0.298438 0.487500 0.704688
0 0.487500 0.293750 0.509375 0.726562
0 0.435937 0.354688 0.550000 0.648438
0 0.390625 0.346875 0.600000 0.657813
0 0.351562 0.328125 0.635938 0.657813
0 0.251563 0.257812 0.746875 0.735938
0 0.242188 0.223437 0.773438 0.775000
0 0.089063 0.317187 0.895312 0.676562
0 0.143750 0.317969 0.018750 0.007812
0 0.073438 0.318750 0.926562 0.685937
0 0.287500 0.343750 0.704688 0.634375
0 0.250000 0.103125 0.760938 0.909375
0 0.276563 0.065625 0.739062 0.918750
0 0.123437 0.023438 0.879687 0.996875
0 0.131250 0.003125 0.845313 0.981250
0 0.073438 0.023438 0.946875 0.996875
0 0.470313 0.043750 0.512500 0.932813
0 0.517188 0.040625 0.482812 0.965625
0 0.590625 0.017188 0.395313 0.996875
0 0.618750 0.003125 0.381250 0.990625
0 0.701562 0.035937 0.265625 0.965625
