5 0.539062 0.471875 0.575000 0.471875
5 0.579688 0.273438 0.421875 0.279687
5 0.645312 0.164062 0.351562 0.167187
5 0.654687 0.040625 0.350000 0.062500
5 0.643750 0.112500 0.342187 0.118750
5 0.750000 0.309375 0.246875 0.295312
5 0.700000 0.337500 0.296875 0.342187
5 0.745313 0.267188 0.281250 0.265625
5 0.689063 0.248438 0.301563 0.239063
3 0.643750 0.568750 0.353125 0.573438
3 0.750000 0.265625 0.250000 0.278125
3 0.753125 0.303125 0.239063 0.300000
3 0.692187 0.093750 0.310937 0.104688
3 0.693750 0.134375 0.296875 0.139063
3 0.696875 0.134375 0.312500 0.135937
3 0.700000 0.157812 0.309375 0.160938
0 0.614062 0.053125 0.385937 0.062500
0 0.617188 0.062500 0.384375 0.070312
0 0.632812 0.118750 0.373437 0.112500
0 0.618750 0.170313 0.382812 0.156250
0 0.628125 0.142187 0.387500 0.156250
0 0.643750 0.171875 0.375000 0.171875
0 0.454688 0.348438 0.550000 0.331250
0 0.179688 0.606250 0.815625 0.617188
0 0.215625 0.537500 0.784375 0.542188
1 0.367188 0.564063 0.626563 0.578125
