3 0.5203125 0.371875 0.5109375 0.359375 0.5 0.3546875 0.490625 0.3546875 0.478125 0.359375 0.4703125 0.3671875 0.4703125 0.3984375 0.5 0.4 0.525 0.3953125 0.5203125 0.371875
3 0.3421875 0.35 0.33125 0.3578125 0.3328125 0.3796875 0.3671875 0.3796875 0.359375 0.3515625 0.3421875 0.35
3 0.1984375 0.3875 0.1921875 0.4046875 0.1921875 0.4125 0.2375 0.4125 0.240625 0.409375 0.240625 0.3953125 0.234375 0.384375 0.221875 0.3765625 0.2109375 0.378125 0.1984375 0.3875
3 0.1984375 0.3484375 0.178125 0.359375 0.18125 0.36875 0.2078125 0.3671875 0.2078125 0.35625 0.1984375 0.3484375
3 0.25 0.3859375 0.2515625 0.3734375 0.246875 0.365625 0.2359375 0.3609375 0.2234375 0.3671875 0.221875 0.3703125 0.2234375 0.3765625 0.2375 0.384375 0.25 0.3859375
3 0.140625 0.3921875 0.1421875 0.3828125 0.1296875 0.365625 0.109375 0.365625 0.103125 0.3765625 0.103125 0.39375 0.10625 0.396875 0.140625 0.3921875
3 0.109375 0.3625 0.1015625 0.35625 0.0859375 0.3578125 0.078125 0.3703125 0.0796875 0.3796875 0.1015625 0.3796875 0.109375 0.3625
3 0.14375 0.346875 0.134375 0.35625 0.1390625 0.371875 0.1640625 0.3671875 0.153125 0.346875 0.14375 0.346875
3 0.4515625 0.3671875 0.4421875 0.375 0.4453125 0.39375 0.4671875 0.390625 0.465625 0.3671875 0.4515625 0.3671875
3 0.8671875 0.3625 0.8625 0.3484375 0.8515625 0.3359375 0.8421875 0.33125 0.821875 0.3296875 0.8125 0.334375 0.8015625 0.346875 0.8 0.378125 0.85 0.38125 0.865625 0.3765625 0.8671875 0.3625
1 0.996875 0.615625 0.996875 0.56875 0.9875 0.559375 0.975 0.5640625 0.9703125 0.5703125 0.9828125 0.6171875 0.996875 0.615625
1 0.734375 0.6078125 0.7296875 0.5734375 0.7140625 0.571875 0.7109375 0.5953125 0.71875 0.609375 0.728125 0.6140625 0.734375 0.6078125
1 0.4046875 0.6328125 0.4125 0.621875 0.4140625 0.5875 0.409375 0.58125 0.4 0.5796875 0.3953125 0.584375 0.3921875 0.621875 0.3984375 0.6328125 0.4046875 0.6328125
1 0.6140625 0.6328125 0.6140625 0.60625 0.5984375 0.60625 0.59375 0.6140625 0.596875 0.628125 0.60625 0.6328125 0.6140625 0.6328125
1 0.28125 0.5703125 0.2796875 0.5875 0.2875 0.5953125 0.2953125 0.578125 0.28125 0.5703125
1 0.3 0.4984375 0.2953125 0.51875 0.3046875 0.5265625 0.3109375 0.5015625 0.3 0.4984375
1 0.3859375 0.5046875 0.3859375 0.5203125 0.3984375 0.5015625 0.3859375 0.5046875
1 0.0546875 0.484375 0.0453125 0.48125 0.0421875 0.5015625 0.0453125 0.5078125 0.0546875 0.509375 0.0546875 0.484375
2 0.159375 0.5234375 0.15625 0.5390625 0.1640625 0.5453125 0.16875 0.53125 0.159375 0.5234375
0 0.253125 0.7109375 0.2265625 0.709375 0.2234375 0.71875 0.2296875 0.734375 0.246875 0.7390625 0.253125 0.7109375
0 0.225 0.7109375 0.215625 0.7046875 0.20625 0.71875 0.209375 0.7296875 0.2265625 0.721875 0.225 0.7109375
0 0.134375 0.6484375 0.13125 0.6703125 0.146875 0.671875 0.15 0.65 0.134375 0.6484375
0 0.1390625 0.6453125 0.1375 0.6078125 0.1296875 0.603125 0.1234375 0.615625 0.1234375 0.64375 0.1359375 0.646875 0.1390625 0.6453125
0 0.128125 0.625 0.128125 0.596875 0.125 0.590625 0.109375 0.6015625 0.103125 0.6015625 0.1109375 0.615625 0.128125 0.625
0 0.090625 0.5953125 0.075 0.6 0.0734375 0.61875 0.0875 0.6140625 0.090625 0.5953125
0 0.3796875 0.6234375 0.3625 0.6296875 0.3671875 0.65 0.3828125 0.6453125 0.3796875 0.6234375
0 0.3484375 0.6125 0.34375 0.63125 0.3578125 0.6328125 0.3578125 0.6140625 0.3484375 0.6125
0 0.4609375 0.6171875 0.4546875 0.63125 0.4671875 0.6359375 0.4734375 0.61875 0.4609375 0.6171875
0 0.7703125 0.81875 0.7921875 0.8140625 0.796875 0.8015625 0.7953125 0.7921875 0.778125 0.784375 0.7890625 0.7765625 0.7890625 0.771875 0.778125 0.771875 0.765625 0.765625 0.7625 0.7875 0.75625 0.79375 0.75625 0.815625 0.7703125 0.81875
0 0.8 0.7890625 0.796875 0.815625 0.8171875 0.8203125 0.821875 0.7921875 0.8 0.7890625
0 0.590625 0.8125 0.590625 0.7875 0.5875 0.7828125 0.5625 0.7765625 0.546875 0.784375 0.546875 0.8015625 0.553125 0.8171875 0.5875 0.815625 0.590625 0.8125
0 0.559375 0.78125 0.5671875 0.7734375 0.5578125 0.7671875 0.553125 0.759375 0.5421875 0.75625 0.5421875 0.7703125 0.5375 0.7796875 0.54375 0.7859375 0.559375 0.78125