0 0.0328125 0.7171875 0.0546875 0.7046875 0.0390625 0.7046875 0.0328125 0.7171875
0 0.065625 0.678125 0.065625 0.6921875 0.0765625 0.696875 0.0765625 0.6828125 0.065625 0.678125
0 0.15703125 0.74453125 0.0109375 0.0140625
0 0.2953125 0.7375 0.2828125 0.740625 0.2828125 0.759375 0.296875 0.7546875 0.2953125 0.7375
0 0.3203125 0.7390625 0.31875 0.73125 0.3109375 0.725 0.3 0.7328125 0.3046875 0.74375 0.3203125 0.7390625
0 0.446875 0.7515625 0.4578125 0.7515625 0.4640625 0.7453125 0.4578125 0.7359375 0.4390625 0.7421875 0.446875 0.7515625
0 0.5609375 0.75 0.55625 0.746875 0.5421875 0.746875 0.5171875 0.7515625 0.5140625 0.75625 0.5140625 0.765625 0.528125 0.7671875 0.5609375 0.753125 0.5609375 0.75
0 0.5875 0.6984375 0.590625 0.6734375 0.578125 0.66875 0.575 0.690625 0.5796875 0.6984375 0.5875 0.6984375
0 0.634375 0.7109375 0.66875 0.7140625 0.671875 0.7078125 0.65625 0.6984375 0.6390625 0.7015625 0.634375 0.7109375
0 0.8234375 0.6515625 0.8015625 0.6515625 0.8 0.6546875 0.8046875 0.6609375 0.834375 0.6578125 0.8234375 0.6515625
0 0.871875 0.6578125 0.859375 0.653125 0.846875 0.6546875 0.8453125 0.6609375 0.871875 0.6578125
2 0.35625 0.4734375 0.3390625 0.4796875 0.359375 0.484375 0.35625 0.4734375
2 0.6609375 0.4515625 0.6390625 0.45625 0.659375 0.459375 0.6609375 0.4515625
0 0.6359375 0.9578125 0.6515625 0.95625 0.659375 0.9625 0.671875 0.953125 0.6703125 0.9484375 0.6640625 0.946875 0.6328125 0.9515625 0.6359375 0.9578125
0 0.5953125 0.996875 0.5875 0.965625 0.58125 0.9640625 0.575 0.9734375 0.575 0.996875 0.5953125 0.996875
0 0.5421875 0.8890625 0.5203125 0.8890625 0.5140625 0.8953125 0.515625 0.9078125 0.53125 0.9078125 0.546875 0.9140625 0.5609375 0.9125 0.559375 0.9078125 0.5453125 0.9015625 0.546875 0.8921875 0.5421875 0.8890625
0 0.4390625 0.9171875 0.4578125 0.9234375 0.4625 0.9140625 0.4453125 0.9109375 0.4390625 0.9171875
0 0.3203125 0.925 0.3140625 0.91875 0.303125 0.91875 0.3015625 0.9296875 0.3125 0.9390625 0.3203125 0.925
0 0.3546875 0.975 0.353125 0.959375 0.34375 0.9765625 0.3546875 0.975
0 0.303125 0.9171875 0.296875 0.90625 0.284375 0.903125 0.2828125 0.9203125 0.2984375 0.9234375 0.303125 0.9171875
0 0.15 0.9140625 0.1515625 0.9234375 0.1671875 0.925 0.1640625 0.9125 0.15 0.9140625
0 0.05625 0.965625 0.0546875 0.9515625 0.040625 0.946875 0.0359375 0.9734375 0.0515625 0.978125 0.05625 0.965625
0 0.0625 0.9796875 0.0625 0.9875 0.0734375 0.9875 0.078125 0.96875 0.0765625 0.965625 0.0671875 0.96875 0.0625 0.9796875