5 0.467187 0.667188 0.535937 0.657813
5 0.415625 0.403125 0.576562 0.412500
5 0.392188 0.531250 0.581250 0.532813
5 0.482812 0.593750 0.523438 0.587500
5 0.620313 0.206250 0.421875 0.209375
5 0.600000 0.342187 0.395313 0.331250
3 0.553125 0.381250 0.465625 0.382812
3 0.526563 0.473438 0.493750 0.467187
3 0.518750 0.573438 0.493750 0.573438
3 0.506250 0.667188 0.492188 0.651563
3 0.612500 0.331250 0.373437 0.334375
3 0.631250 0.284375 0.357812 0.279687
3 0.643750 0.248438 0.342187 0.243750
0 0.507812 0.248438 0.484375 0.234375
0 0.492188 0.296875 0.504687 0.306250
0 0.476562 0.331250 0.517188 0.332813
0 0.268750 0.384375 0.717187 0.376563
0 0.276563 0.429688 0.710938 0.414062
0 0.254687 0.431250 0.750000 0.440625
0 0.262500 0.495312 0.748437 0.493750
0 0.289062 0.556250 0.700000 0.546875
0 0.301562 0.593750 0.695312 0.585938
0 0.287500 0.667188 0.712500 0.643750
1 0.473437 0.410938 0.521875 0.403125
1 0.471875 0.426563 0.535937 0.429688
5 0.612500 0.289062 0.385937 0.275000
