3 0.350000 0.298438 0.626563 0.296875
3 0.354688 0.076563 0.637500 0.075000
3 0.492188 0.431250 0.521875 0.434375
0 0.334375 0.459375 0.670312 0.451562
0 0.337500 0.535937 0.651563 0.523438
3 0.643750 0.523438 0.345313 0.520312
1 0.525000 0.565625 0.468750 0.578125
1 0.582812 0.765625 0.401562 0.764062
1 0.617188 0.546875 0.404687 0.548438
0 0.429688 0.687500 0.592187 0.670312
0 0.395312 0.746875 0.601562 0.760938
3 0.646875 0.934375 0.365625 0.935937
1 0.606250 0.910937 0.401562 0.900000
0 0.417188 0.965625 0.587500 0.968750
0 0.415625 0.943750 0.589063 0.925000
1 0.507812 0.693750 0.487500 0.707812
1 0.525000 0.957812 0.482812 0.954688
3 0.660937 0.712500 0.335938 0.706250
