5 0.584375 0.314063 0.548438 0.682813
5 0.587500 0.635938 0.589063 0.379688
5 0.600000 0.482812 0.612500 0.528125
5 0.582812 0.390625 0.525000 0.606250
5 0.362500 0.773438 0.365625 0.210938
5 0.448437 0.656250 0.403125 0.343750
3 0.440625 0.596875 0.439063 0.390625
3 0.468750 0.501563 0.468750 0.479687
3 0.489063 0.396875 0.475000 0.593750
3 0.509375 0.345313 0.515625 0.671875
3 0.371875 0.678125 0.384375 0.317188
3 0.362500 0.732812 0.368750 0.268750
3 0.342187 0.756250 0.345313 0.228125
0 0.487500 0.779687 0.493750 0.226562
0 0.504687 0.693750 0.500000 0.292187
0 0.517188 0.667188 0.515625 0.325000
0 0.742188 0.629687 0.740625 0.382812
0 0.728125 0.603125 0.732812 0.429688
0 0.729688 0.543750 0.735938 0.434375
0 0.765625 0.479688 0.737500 0.515625
0 0.703125 0.468750 0.709375 0.531250
0 0.709375 0.406250 0.704688 0.596875
0 0.729688 0.345313 0.726562 0.673438
1 0.537500 0.593750 0.532813 0.412500
1 0.525000 0.559375 0.523438 0.432812
5 0.403125 0.748437 0.401562 0.292187
