2 0.3046875 0.39375 0.3046875 0.403125 0.33125 0.4 0.3453125 0.40625 0.346875 0.3953125 0.34375 0.390625 0.3375 0.3890625 0.309375 0.390625 0.3046875 0.39375
0 0.3 0.821875 0.3203125 0.8109375 0.315625 0.790625 0.2890625 0.790625 0.26875 0.803125 0.2703125 0.8109375 0.290625 0.8125 0.29375 0.8203125 0.3 0.821875
0 0.378125 0.7734375 0.3828125 0.7703125 0.384375 0.765625 0.3828125 0.759375 0.371875 0.7421875 0.35 0.7453125 0.3515625 0.75625 0.3609375 0.771875 0.3640625 0.7734375 0.378125 0.7734375
0 0.553125 0.7546875 0.5609375 0.7296875 0.5359375 0.728125 0.5296875 0.75625 0.5328125 0.7609375 0.546875 0.7609375 0.553125 0.7546875
0 0.5921875 0.671875 0.5765625 0.671875 0.5765625 0.6984375 0.590625 0.7078125 0.5953125 0.690625 0.5921875 0.671875
0 0.6703125 0.7453125 0.68125 0.740625 0.6890625 0.7296875 0.6875 0.7140625 0.65625 0.721875 0.6546875 0.7296875 0.6609375 0.74375 0.6703125 0.7453125
0 0.6984375 0.6890625 0.6890625 0.696875 0.6921875 0.7109375 0.715625 0.7125 0.7109375 0.6890625 0.6984375 0.6890625
0 0.4578125 0.5890625 0.4609375 0.6 0.4671875 0.5875 0.4578125 0.5890625
0 0.434375 0.596875 0.45 0.5921875 0.43125 0.590625 0.434375 0.596875
0 0.5 0.584375 0.509375 0.584375 0.5 0.5671875 0.5 0.584375
0 0.38125 0.6984375 0.3859375 0.6765625 0.3796875 0.671875 0.38125 0.6984375
0 0.9375 0.5296875 0.9359375 0.5234375 0.9203125 0.5265625 0.9375 0.5296875
0 0.8515625 0.51875 0.8609375 0.5203125 0.8515625 0.5078125 0.8515625 0.51875
0 0.840625 0.5109375 0.84375 0.521875 0.8453125 0.5078125 0.840625 0.5109375