3 0.292187 0.940625 0.309375 0.043750
3 0.231250 0.625000 0.217188 0.406250
3 0.154688 0.650000 0.151562 0.378125
3 0.065625 0.381250 0.075000 0.623437
3 0.287500 0.685937 0.298438 0.310937
3 0.250000 0.378125 0.265625 0.615625
3 0.321875 0.264062 0.340625 0.734375
3 0.362500 0.143750 0.370312 0.867188
3 0.432812 0.060937 0.431250 0.951562
1 0.407813 0.920312 0.410938 0.095312
1 0.393750 0.884375 0.392188 0.139063
1 0.362500 0.670312 0.376563 0.337500
1 0.325000 0.601562 0.314063 0.395313
0 0.753125 0.062500 0.757812 0.948438
0 0.820312 0.165625 0.809375 0.829688
0 0.804688 0.289062 0.812500 0.709375
0 0.846875 0.167188 0.842187 0.826562
0 0.864062 0.250000 0.864062 0.721875
0 0.948438 0.023438 0.928125 0.987500
0 0.896875 0.106250 0.904687 0.898438
