3 0.709375 0.590625 0.290625 0.398438
3 0.634375 0.745313 0.365625 0.228125
3 0.610938 0.590625 0.384375 0.417187
3 0.517188 0.579688 0.490625 0.371875
3 0.418750 0.693750 0.573438 0.298438
3 0.310937 0.643750 0.676562 0.340625
3 0.254687 0.468750 0.732812 0.539062
5 0.842187 0.479688 0.165625 0.512500
5 0.484375 0.510938 0.518750 0.489063
5 0.290625 0.270312 0.731250 0.729688
1 0.831250 0.443750 0.167187 0.576562
1 0.792188 0.489062 0.207813 0.523438
1 0.614062 0.634375 0.381250 0.375000
0 0.806250 0.343750 0.179688 0.643750
0 0.581250 0.398438 0.407813 0.593750
0 0.478125 0.310937 0.528125 0.687500
0 0.428125 0.343750 0.553125 0.653125
0 0.384375 0.423438 0.621875 0.521875
0 0.314063 0.406250 0.693750 0.578125
0 0.675000 0.451562 0.304688 0.542188
0 0.815625 0.367188 0.187500 0.639062
