3 0.492188 0.065625 0.481250 0.934375
3 0.465625 0.146875 0.471875 0.834375
3 0.518750 0.882812 0.518750 0.100000
3 0.509375 0.770312 0.515625 0.237500
3 0.521875 0.831250 0.521875 0.173437
3 0.493750 0.590625 0.507812 0.406250
0 0.656250 0.167188 0.692187 0.832812
0 0.720313 0.090625 0.723437 0.914062
0 0.673438 0.043750 0.673438 0.939063
0 0.731250 0.684375 0.726562 0.318750
0 0.721875 0.720313 0.709375 0.281250
0 0.703125 0.764062 0.701562 0.210938
0 0.789062 0.825000 0.784375 0.185938
1 0.578125 0.106250 0.576562 0.882812
1 0.567187 0.132812 0.565625 0.851562
