3 0.100000 0.521875 0.896875 0.487500
3 0.137500 0.528125 0.853125 0.465625
3 0.876563 0.460938 0.128125 0.535937
3 0.739062 0.517188 0.248438 0.478125
3 0.817187 0.512500 0.168750 0.489063
3 0.593750 0.492188 0.420312 0.496875
0 0.167188 0.343750 0.832812 0.692187
0 0.096875 0.331250 0.900000 0.673438
0 0.043750 0.326562 0.939063 0.673438
0 0.723437 0.287500 0.278125 0.718750
0 0.748437 0.276563 0.270313 0.728125
0 0.782813 0.281250 0.237500 0.714063
0 0.812500 0.264062 0.175000 0.739062
1 0.098437 0.401563 0.903125 0.589063
1 0.123437 0.421875 0.867188 0.567187
