3 0.409375 0.709375 0.398438 0.290625
3 0.254688 0.634375 0.228125 0.365625
3 0.409375 0.610938 0.417187 0.384375
3 0.420312 0.517188 0.371875 0.490625
3 0.306250 0.418750 0.298438 0.573438
3 0.356250 0.310937 0.340625 0.676562
3 0.531250 0.254687 0.539062 0.732812
5 0.520312 0.842187 0.512500 0.165625
5 0.489063 0.484375 0.489063 0.518750
5 0.729688 0.290625 0.729688 0.731250
1 0.556250 0.831250 0.576562 0.167187
1 0.510938 0.792188 0.523438 0.207813
1 0.365625 0.614062 0.375000 0.381250
0 0.656250 0.806250 0.643750 0.179688
0 0.601562 0.581250 0.593750 0.407813
0 0.689063 0.478125 0.687500 0.528125
0 0.656250 0.428125 0.653125 0.553125
0 0.576562 0.384375 0.521875 0.621875
0 0.593750 0.314063 0.578125 0.693750
0 0.548438 0.675000 0.542188 0.304688
0 0.632812 0.815625 0.639062 0.187500
