3 0.479688 0.628125 0.510938 0.359375
3 0.657813 0.650000 0.331250 0.357812
3 0.801562 0.612500 0.192188 0.404687
3 0.801562 0.651563 0.178125 0.359375
3 0.750000 0.614062 0.251563 0.373437
3 0.859375 0.607812 0.142187 0.382812
3 0.890625 0.637500 0.101562 0.356250
3 0.856250 0.653125 0.134375 0.356250
3 0.548438 0.632812 0.442188 0.375000
3 0.132812 0.637500 0.862500 0.348438
1 0.003125 0.384375 0.996875 0.568750
1 0.265625 0.392188 0.729688 0.573438
1 0.595313 0.367188 0.412500 0.621875
1 0.385938 0.367188 0.614062 0.606250
1 0.718750 0.429688 0.279687 0.587500
1 0.700000 0.501563 0.295312 0.518750
1 0.614062 0.495313 0.385937 0.520312
1 0.945312 0.515625 0.045312 0.481250
2 0.840625 0.476562 0.156250 0.539062
0 0.746875 0.289062 0.226562 0.709375
0 0.775000 0.289062 0.215625 0.704688
0 0.865625 0.351562 0.131250 0.670312
0 0.860938 0.354688 0.137500 0.607812
0 0.871875 0.375000 0.128125 0.596875
0 0.909375 0.404687 0.075000 0.600000
0 0.620313 0.376563 0.362500 0.629687
0 0.651563 0.387500 0.343750 0.631250
0 0.539062 0.382812 0.454688 0.631250
0 0.229688 0.181250 0.792188 0.814063
0 0.200000 0.210938 0.796875 0.815625
0 0.409375 0.187500 0.590625 0.787500
0 0.440625 0.218750 0.567187 0.773438
