3 0.507812 0.934375 0.481250 0.934375
3 0.534375 0.853125 0.471875 0.834375
3 0.481250 0.117188 0.518750 0.100000
3 0.490625 0.229687 0.515625 0.237500
3 0.478125 0.168750 0.521875 0.173437
3 0.506250 0.409375 0.507812 0.406250
0 0.343750 0.832812 0.692187 0.832812
0 0.279687 0.909375 0.723437 0.914062
0 0.326562 0.956250 0.673438 0.939063
0 0.268750 0.315625 0.726562 0.318750
0 0.278125 0.279687 0.709375 0.281250
0 0.296875 0.235937 0.701562 0.210938
0 0.210938 0.175000 0.784375 0.185938
1 0.421875 0.893750 0.576562 0.882812
1 0.432813 0.867188 0.565625 0.851562
