3 0.2265625 0.2484375 0.203125 0.2609375 0.19375 0.271875 0.1875 0.290625 0.190625 0.3203125 0.1953125 0.321875 0.2140625 0.2984375 0.2265625 0.2921875 0.240625 0.2890625 0.2578125 0.2890625 0.26875 0.29375 0.275 0.3015625 0.2796875 0.3015625 0.2828125 0.2984375 0.2828125 0.290625 0.26875 0.2765625 0.259375 0.2625 0.2375 0.2484375 0.2265625 0.2484375
3 0.15625 0.3203125 0.1671875 0.3171875 0.1703125 0.3125 0.159375 0.2828125 0.1390625 0.2671875 0.1171875 0.26875 0.103125 0.28125 0.0984375 0.2890625 0.0953125 0.321875 0.1 0.325 0.115625 0.321875 0.15625 0.3203125
3 0.503125 0.3265625 0.521875 0.33125 0.5515625 0.3296875 0.559375 0.325 0.5625 0.31875 0.5625 0.3078125 0.5578125 0.284375 0.5515625 0.271875 0.540625 0.2625 0.5296875 0.259375 0.5109375 0.259375 0.50625 0.2609375 0.4921875 0.275 0.484375 0.2953125 0.4859375 0.309375 0.490625 0.31875 0.503125 0.3265625
3 0.746875 0.265625 0.7296875 0.2796875 0.7203125 0.2984375 0.715625 0.3203125 0.71875 0.33125 0.721875 0.33125 0.7234375 0.3234375 0.7359375 0.309375 0.7609375 0.3015625 0.778125 0.3015625 0.7796875 0.303125 0.784375 0.303125 0.79375 0.3109375 0.796875 0.3171875 0.8015625 0.31875 0.8046875 0.3171875 0.80625 0.3140625 0.8046875 0.3015625 0.796875 0.2859375 0.78125 0.2703125 0.7546875 0.2625 0.746875 0.265625
3 0.40625 0.36875 0.409375 0.375 0.41875 0.38125 0.43125 0.38125 0.45 0.36875 0.4546875 0.3625 0.4546875 0.34375 0.4515625 0.334375 0.4453125 0.3265625 0.4328125 0.3203125 0.4171875 0.325 0.4125 0.33125 0.40625 0.346875 0.40625 0.36875
3 0.0328125 0.3921875 0.0265625 0.3875 0.0140625 0.3890625 0.009375 0.3984375 0.0109375 0.40625 0.03125 0.4078125 0.0328125 0.3921875
3 0.928125 0.434375 0.9359375 0.4375 0.9578125 0.4328125 0.9609375 0.4203125 0.9515625 0.4125 0.9375 0.4125 0.928125 0.421875 0.928125 0.434375
3 0.75 0.103125 0.7703125 0.1 0.784375 0.09375 0.7953125 0.0828125 0.8046875 0.0640625 0.80625 0.0515625 0.803125 0.0453125 0.8 0.0453125 0.79375 0.0515625 0.7921875 0.0578125 0.784375 0.0640625 0.7703125 0.0640625 0.76875 0.065625 0.7671875 0.0640625 0.759375 0.0640625 0.734375 0.053125 0.7296875 0.0484375 0.721875 0.034375 0.7171875 0.0375 0.715625 0.0515625 0.728125 0.084375 0.7328125 0.090625 0.75 0.103125
3 0.4875 0.08125 0.490625 0.0890625 0.5046875 0.1046875 0.5125 0.1078125 0.53125 0.1078125 0.5390625 0.1046875 0.553125 0.0921875 0.5609375 0.06875 0.5625 0.046875 0.5578125 0.040625 0.546875 0.0359375 0.5125 0.0359375 0.5 0.040625 0.490625 0.0484375 0.4859375 0.0578125 0.4875 0.08125
3 0.575 0.0515625 0.5921875 0.0484375 0.596875 0.0390625 0.5953125 0.01875 0.565625 0.025 0.5609375 0.0296875 0.5609375 0.0390625 0.575 0.0515625
3 0.40767045468749996 0 0.40625 0.015625 0.4125 0.034375 0.4234375 0.0453125 0.4390625 0.0453125 0.4484375 0.0359375 0.4546875 0.0203125 0.4546875 0.00625 0.45218749999999996 0 0.40767045468749996 0
3 0.228125 0.11875 0.2375 0.11875 0.259375 0.1046875 0.265625 0.0984375 0.2703125 0.0890625 0.2828125 0.0765625 0.2828125 0.06875 0.278125 0.0640625 0.275 0.0640625 0.2703125 0.0703125 0.2609375 0.075 0.253125 0.0765625 0.2328125 0.075 0.225 0.071875 0.2078125 0.05 0.1953125 0.04375 0.190625 0.05 0.1890625 0.08125 0.19375 0.0953125 0.2015625 0.1046875 0.228125 0.11875
3 0.125 0.1 0.1375 0.1 0.153125 0.090625 0.165625 0.071875 0.1703125 0.0546875 0.1671875 0.05 0.153125 0.0453125 0.1015625 0.0421875 0.0953125 0.046875 0.096875 0.0734375 0.1015625 0.0828125 0.1140625 0.0953125 0.125 0.1
2 0.1046875 0.0296875 0.10625 0.0421875 0.1578125 0.04375 0.15625 0.028125 0.1046875 0.0296875