3 0.567187 0.275000 0.431250 0.284375
3 0.753125 0.314063 0.264062 0.323437
3 0.565625 0.435937 0.410938 0.428125
3 0.601562 0.443750 0.410938 0.443750
3 0.668750 0.559375 0.340625 0.578125
3 0.651563 0.642188 0.376563 0.640625
3 0.421875 0.784375 0.573438 0.790625
5 0.528125 0.107813 0.478125 0.115625
5 0.543750 0.493750 0.482812 0.500000
5 0.332812 0.681250 0.689063 0.687500
1 0.443750 0.168750 0.576562 0.167187
1 0.462500 0.228125 0.514062 0.229687
1 0.601562 0.390625 0.390625 0.398438
0 0.348437 0.150000 0.665625 0.142187
0 0.343750 0.428125 0.654687 0.435937
0 0.350000 0.479687 0.653125 0.479687
0 0.318750 0.545312 0.678125 0.570312
0 0.426562 0.589063 0.589063 0.585938
0 0.390625 0.657813 0.612500 0.662500
0 0.457812 0.304688 0.556250 0.295312
0 0.357812 0.217188 0.631250 0.228125
