3 0.339063 0.257812 0.665625 0.264062
3 0.343750 0.032813 0.662500 0.043750
3 0.498437 0.471875 0.490625 0.457813
0 0.278125 0.467187 0.715625 0.476562
0 0.306250 0.529687 0.693750 0.539062
3 0.621875 0.489063 0.378125 0.512500
1 0.537500 0.578125 0.450000 0.565625
1 0.598437 0.764062 0.392188 0.743750
1 0.596875 0.565625 0.393750 0.568750
0 0.396875 0.654687 0.606250 0.667188
0 0.415625 0.715625 0.592187 0.715625
3 0.634375 0.992188 0.345313 0.985938
1 0.579688 0.901563 0.418750 0.914062
0 0.406250 0.996875 0.585938 0.985938
0 0.401563 0.940625 0.593750 0.948438
1 0.512500 0.707812 0.475000 0.707812
1 0.525000 0.957812 0.482812 0.954688
3 0.626563 0.718750 0.367188 0.725000
