3 0.737500 0.659375 0.270313 0.642188
3 0.610938 0.360938 0.360938 0.359375
3 0.609375 0.542188 0.384375 0.543750
3 0.589063 0.582812 0.406250 0.575000
3 0.570312 0.629687 0.423438 0.614062
1 0.339063 0.306250 0.656250 0.315625
1 0.414062 0.365625 0.581250 0.382812
0 0.260938 0.351562 0.756250 0.315625
0 0.187500 0.259375 0.815625 0.262500
0 0.307813 0.529687 0.675000 0.539062
0 0.332812 0.604688 0.645312 0.593750
1 0.681250 0.565625 0.328125 0.581250
1 0.465625 0.518750 0.531250 0.510938
1 0.489062 0.635938 0.464062 0.634375
1 0.481250 0.640625 0.523438 0.645312
