3 0.828125 0.576562 0.179688 0.418750
3 0.731250 0.603125 0.273438 0.382812
3 0.703125 0.564063 0.309375 0.450000
3 0.920312 0.543750 0.095312 0.450000
2 0.223437 0.610938 0.759375 0.371875
2 0.426562 0.596875 0.576562 0.412500
0 0.325000 0.214063 0.684375 0.782813
0 0.379687 0.239062 0.625000 0.764062
0 0.406250 0.254687 0.598437 0.748437
0 0.420312 0.275000 0.592187 0.721875
0 0.246875 0.290625 0.737500 0.703125
0 0.217187 0.326562 0.771875 0.675000
0 0.535937 0.298438 0.448437 0.698438
0 0.567187 0.260938 0.417187 0.723437
0 0.328125 0.084375 0.700000 0.915625
0 0.250000 0.034375 0.753125 0.954688
0 0.203125 0.029687 0.784375 0.965625
0 0.368750 0.085938 0.631250 0.918750
0 0.403125 0.035937 0.618750 0.965625
0 0.414062 0.029687 0.592187 0.965625
0 0.584375 0.054688 0.432812 0.923438
0 0.575000 0.007812 0.434375 0.989062
1 0.446875 0.520312 0.531250 0.481250
1 0.445312 0.520312 0.531250 0.478125
1 0.520312 0.504687 0.485938 0.517188
1 0.650000 0.548438 0.350000 0.445312
