5 0.528125 0.539062 0.471875 0.575000
5 0.726562 0.579688 0.279687 0.421875
5 0.835938 0.645312 0.167187 0.351562
5 0.959375 0.654687 0.062500 0.350000
5 0.887500 0.643750 0.118750 0.342187
5 0.690625 0.750000 0.295312 0.246875
5 0.662500 0.700000 0.342187 0.296875
5 0.732812 0.745313 0.265625 0.281250
5 0.751563 0.689063 0.239063 0.301563
3 0.431250 0.643750 0.573438 0.353125
3 0.734375 0.750000 0.278125 0.250000
3 0.696875 0.753125 0.300000 0.239063
3 0.906250 0.692187 0.104688 0.310937
3 0.865625 0.693750 0.139063 0.296875
3 0.865625 0.696875 0.135937 0.312500
3 0.842187 0.700000 0.160938 0.309375
0 0.946875 0.614062 0.062500 0.385937
0 0.937500 0.617188 0.070312 0.384375
0 0.881250 0.632812 0.112500 0.373437
0 0.829688 0.618750 0.156250 0.382812
0 0.857812 0.628125 0.156250 0.387500
0 0.828125 0.643750 0.171875 0.375000
0 0.651563 0.454688 0.331250 0.550000
0 0.393750 0.179688 0.617188 0.815625
0 0.462500 0.215625 0.542188 0.784375
1 0.435937 0.367188 0.578125 0.626563
