3 0.3265625 0.23125 0.31875 0.2453125 0.309375 0.296875 0.3515625 0.290625 0.4265625 0.2875 0.428125 0.2734375 0.4234375 0.2671875 0.4203125 0.2515625 0.4140625 0.2375 0.4 0.2234375 0.3875 0.215625 0.3765625 0.2125 0.35 0.2140625 0.3265625 0.23125
3 0 0.2906994046875 0.03125 0.2921875 0.05 0.296875 0.05625 0.2953125 0.05 0.253125 0.0421875 0.234375 0.021875 0.2171875 0 0.2128125 0 0.2906994046875
3 0.10625 0.24375 0.09375 0.2234375 0.0828125 0.2171875 0.06875 0.2171875 0.05625 0.221875 0.046875 0.23125 0.046875 0.2390625 0.053125 0.2515625 0.0796875 0.2546875 0.0890625 0.259375 0.0984375 0.26875 0.103125 0.28125 0.109375 0.278125 0.10625 0.24375
3 0.2578125 0.278125 0.2640625 0.2796875 0.2671875 0.26875 0.284375 0.25625 0.3015625 0.2515625 0.3140625 0.2515625 0.3203125 0.2375 0.3203125 0.23125 0.309375 0.221875 0.296875 0.2171875 0.2828125 0.2171875 0.275 0.2203125 0.26875 0.2296875 0.2578125 0.25625 0.25625 0.26875 0.2578125 0.278125
3 0.440625 0.265625 0.5125 0.265625 0.515625 0.2609375 0.50625 0.2265625 0.4984375 0.215625 0.496875 0.203125 0.48125 0.2 0.453125 0.2015625 0.4515625 0.2140625 0.4296875 0.2265625 0.4265625 0.2328125 0.4265625 0.265625 0.4296875 0.26875 0.440625 0.265625
3 0.6515625 0.265625 0.6421875 0.2640625 0.61875 0.265625 0.6 0.2875 0.596875 0.3234375 0.5984375 0.3265625 0.61875 0.3265625 0.65 0.3203125 0.66875 0.3125 0.671875 0.309375 0.671875 0.29375 0.6640625 0.2765625 0.6515625 0.265625
3 0.975 0.265625 0.9640625 0.271875 0.95625 0.2828125 0.95 0.3 0.95 0.3078125 0.9578125 0.315625 0.996875 0.325 0.996875 0.2640625 0.975 0.265625
0 0.6125 0.7953125 0.6125 0.7765625 0.6015625 0.7734375 0.5796875 0.7734375 0.5625 0.79375 0.5578125 0.8046875 0.5578125 0.8140625 0.56875 0.81875 0.596875 0.8078125 0.6125 0.7953125
0 0.7 0.78125 0.6734375 0.7828125 0.6703125 0.7875 0.6734375 0.825 0.678125 0.8296875 0.7 0.83125 0.7078125 0.825 0.709375 0.80625 0.7 0.78125
0 0.9171875 0.8125 0.9171875 0.8234375 0.925 0.83125 0.940625 0.83125 0.95 0.8234375 0.953125 0.78125 0.925 0.7796875 0.9171875 0.8125
2 0.3078125 0.2859375 0.3125 0.2734375 0.3125 0.25625 0.2984375 0.2546875 0.2765625 0.2625 0.2671875 0.2765625 0.26875 0.2859375 0.28125 0.2859375 0.290625 0.28125 0.2984375 0.28125 0.3078125 0.2859375
2 0.0546875 0.2640625 0.0578125 0.2828125 0.065625 0.2765625 0.0859375 0.2828125 0.103125 0.28125 0.09375 0.265625 0.08125 0.2703125 0.0734375 0.2640625 0.0546875 0.2640625