3 0.590625 0.290625 0.398438 0.290625
3 0.745313 0.365625 0.228125 0.365625
3 0.590625 0.389062 0.417187 0.384375
3 0.579688 0.482812 0.371875 0.490625
3 0.693750 0.581250 0.298438 0.573438
3 0.643750 0.689063 0.340625 0.676562
3 0.468750 0.745313 0.539062 0.732812
5 0.479688 0.157812 0.512500 0.165625
5 0.510938 0.515625 0.489063 0.518750
5 0.270312 0.709375 0.729688 0.731250
1 0.443750 0.168750 0.576562 0.167187
1 0.489062 0.207813 0.523438 0.207813
1 0.634375 0.385937 0.375000 0.381250
0 0.343750 0.193750 0.643750 0.179688
0 0.398438 0.418750 0.593750 0.407813
0 0.310937 0.521875 0.687500 0.528125
0 0.343750 0.571875 0.653125 0.553125
0 0.423438 0.615625 0.521875 0.621875
0 0.406250 0.685937 0.578125 0.693750
0 0.451562 0.325000 0.542188 0.304688
0 0.367188 0.184375 0.639062 0.187500
