3 0.940625 0.707812 0.043750 0.309375
3 0.625000 0.768750 0.406250 0.217188
3 0.650000 0.845313 0.378125 0.151562
3 0.381250 0.934375 0.623437 0.075000
3 0.685937 0.712500 0.310937 0.298438
3 0.378125 0.750000 0.615625 0.265625
3 0.264062 0.678125 0.734375 0.340625
3 0.143750 0.637500 0.867188 0.370312
3 0.060937 0.567187 0.951562 0.431250
1 0.920312 0.592187 0.095312 0.410938
1 0.884375 0.606250 0.139063 0.392188
1 0.670312 0.637500 0.337500 0.376563
1 0.601562 0.675000 0.395313 0.314063
0 0.062500 0.246875 0.948438 0.757812
0 0.165625 0.179688 0.829688 0.809375
0 0.289062 0.195312 0.709375 0.812500
0 0.167188 0.153125 0.826562 0.842187
0 0.250000 0.135938 0.721875 0.864062
0 0.023438 0.051562 0.987500 0.928125
0 0.106250 0.103125 0.898438 0.904687
