3 0.340625 0.737500 0.642188 0.270313
3 0.639062 0.610938 0.359375 0.360938
3 0.457812 0.609375 0.543750 0.384375
3 0.417188 0.589063 0.575000 0.406250
3 0.370313 0.570312 0.614062 0.423438
1 0.693750 0.339063 0.315625 0.656250
1 0.634375 0.414062 0.382812 0.581250
0 0.648438 0.260938 0.315625 0.756250
0 0.740625 0.187500 0.262500 0.815625
0 0.470313 0.307813 0.539062 0.675000
0 0.395312 0.332812 0.593750 0.645312
1 0.434375 0.681250 0.581250 0.328125
1 0.481250 0.465625 0.510938 0.531250
1 0.364062 0.489062 0.634375 0.464062
1 0.359375 0.481250 0.645312 0.523438
