3 0.429688 0.801562 0.414062 0.200000
3 0.412500 0.726562 0.412500 0.257812
3 0.446875 0.592187 0.445312 0.398438
3 0.440625 0.467187 0.429688 0.532813
3 0.453125 0.423438 0.448437 0.570312
3 0.446875 0.343750 0.448437 0.645312
3 0.434375 0.229688 0.437500 0.757812
3 0.479687 0.107812 0.457813 0.882812
3 0.479687 0.143750 0.457813 0.860938
3 0.445312 0.003125 0.428125 0.996875
3 0.465625 0.285937 0.471875 0.712500
1 0.542188 0.354688 0.532813 0.640625
0 0.806250 0.800000 0.796875 0.203125
0 0.804688 0.725000 0.798438 0.245312
0 0.859375 0.770312 0.865625 0.242188
0 0.868750 0.800000 0.864062 0.203125
0 0.695312 0.737500 0.700000 0.281250
0 0.678125 0.623437 0.675000 0.360938
0 0.674219 0.596094 0.007812 0.014063
0 0.700000 0.492188 0.690625 0.501563
0 0.729688 0.479688 0.707812 0.528125
0 0.654687 0.429688 0.645312 0.564063
0 0.664062 0.401563 0.664062 0.618750
0 0.670312 0.367188 0.671875 0.648438
0 0.728125 0.275000 0.731250 0.704688
0 0.770312 0.217187 0.762500 0.787500
0 0.687500 0.121875 0.689063 0.909375
0 0.682031 0.143750 0.007812 0.018750
0 0.687500 0.040625 0.684375 0.965625
0 0.654687 0.298438 0.656250 0.712500
0 0.900000 0.214063 0.890625 0.781250
0 0.917188 0.290625 0.918750 0.703125
0 0.996875 0.100000 0.973437 0.907813
0 0.996875 0.154687 0.996875 0.868750
0 0.996875 0.032813 0.975000 0.964063
0 0.956250 0.490625 0.956250 0.529687
0 0.970313 0.496875 0.959375 0.506250
0 0.996875 0.587500 0.982812 0.409375
0 0.979688 0.625000 0.975000 0.362500
0 0.970313 0.739062 0.981250 0.260937
