5 0.485938 0.307813 0.489063 0.695312
5 0.406250 0.101562 0.435937 0.895312
5 0.501563 0.226562 0.518750 0.773438
5 0.467187 0.364062 0.479687 0.632812
5 0.817187 0.845313 0.829688 0.156250
5 0.581250 0.842187 0.603125 0.156250
5 0.964063 0.295312 0.979688 0.703125
5 0.910937 0.356250 0.920312 0.640625
5 0.128125 0.092187 0.137500 0.896875
5 0.065625 0.292188 0.076563 0.707812
5 0.073438 0.368750 0.081250 0.629687
5 0.046875 0.228125 0.064062 0.770312
5 0.000000 0.846406 0.014063 0.157812
3 0.514062 0.839063 0.514062 0.146875
3 0.889062 0.831250 0.879687 0.143750
3 0.417187 0.329688 0.409375 0.660937
3 0.387500 0.260938 0.384375 0.732812
3 0.396875 0.243750 0.389062 0.748437
3 0.404687 0.245313 0.421875 0.753125
3 0.357812 0.075000 0.350000 0.931250
0 0.621875 0.353125 0.609375 0.648438
0 0.625000 0.315625 0.614062 0.692187
0 0.593750 0.276563 0.604688 0.704688
0 0.596875 0.168750 0.603125 0.812500
1 0.439063 0.107812 0.457813 0.893750
0 0.796875 0.389062 0.812500 0.634375
0 0.800000 0.312500 0.806250 0.678125
0 0.801562 0.285937 0.812500 0.707812
0 0.859375 0.054688 0.846875 0.953125
3 0.054688 0.835938 0.026562 0.167187
3 0.162500 0.339063 0.156250 0.670312
3 0.184375 0.281250 0.185938 0.729688
3 0.181250 0.250000 0.171875 0.757812
3 0.150000 0.246875 0.167187 0.757812
3 0.229687 0.068750 0.217188 0.931250
