3 0.875 0.421875 0.8953125 0.415625 0.9203125 0.4125 0.9296875 0.4078125 0.9296875 0.390625 0.915625 0.371875 0.8921875 0.371875 0.8765625 0.3859375 0.8734375 0.4046875 0.875 0.421875
3 0.5765625 0.4203125 0.58125 0.4265625 0.590625 0.43125 0.596875 0.43125 0.603125 0.4484375 0.609375 0.4515625 0.6171875 0.4453125 0.6234375 0.4328125 0.6234375 0.425 0.628125 0.4140625 0.6265625 0.4015625 0.609375 0.3890625 0.59375 0.3875 0.5828125 0.390625 0.571875 0.396875 0.5625 0.40625 0.5609375 0.4125 0.5765625 0.4203125
3 0.38125 0.325 0.396875 0.3296875 0.4046875 0.328125 0.4125 0.3203125 0.4125 0.315625 0.4078125 0.3046875 0.40625 0.284375 0.3921875 0.26875 0.3796875 0.2640625 0.3625 0.2640625 0.359375 0.265625 0.3359375 0.29375 0.334375 0.3046875 0.3421875 0.31875 0.3609375 0.325 0.38125 0.325
1 0.3453125 0.5984375 0.3515625 0.58125 0.328125 0.5796875 0.3265625 0.5953125 0.334375 0.6 0.3453125 0.5984375
1 0.5046875 0.4578125 0.503125 0.46875 0.49375 0.4890625 0.4890625 0.509375 0.478125 0.5375 0.4765625 0.5546875 0.48125 0.559375 0.5 0.5609375 0.5015625 0.565625 0.5328125 0.56875 0.534375 0.5734375 0.5375 0.5671875 0.546875 0.56875 0.5484375 0.5703125 0.54375 0.5734375 0.5453125 0.575 0.5484375 0.5734375 0.5515625 0.5625 0.5546875 0.5609375 0.575 0.5796875 0.5953125 0.584375 0.6046875 0.578125 0.6046875 0.5640625 0.6078125 0.5546875 0.6046875 0.509375 0.6 0.4984375 0.6 0.48125 0.6015625 0.4796875 0.6 0.45 0.5984375 0.4453125 0.571875 0.41875 0.559375 0.4171875 0.5515625 0.4234375 0.5234375 0.434375 0.5125 0.4421875 0.5046875 0.4578125
5 0.2796875 0.4578125 0.2765625 0.4640625 0.275 0.4875 0.2765625 0.54375 0.2828125 0.559375 0.2953125 0.5609375 0.2921875 0.5671875 0.296875 0.571875 0.30625 0.5703125 0.3109375 0.5734375 0.3453125 0.575 0.35625 0.5734375 0.353125 0.5625 0.346875 0.5578125 0.346875 0.546875 0.3515625 0.5234375 0.359375 0.51875 0.3625 0.509375 0.359375 0.4796875 0.35625 0.471875 0.3578125 0.4421875 0.353125 0.421875 0.353125 0.39375 0.3578125 0.384375 0.359375 0.3703125 0.346875 0.3640625 0.3265625 0.346875 0.3203125 0.346875 0.309375 0.3515625 0.2890625 0.371875 0.284375 0.3875 0.2796875 0.4578125
5 0.35625 0.4265625 0.3609375 0.4421875 0.3625 0.4765625 0.371875 0.48125 0.378125 0.475 0.3859375 0.475 0.4046875 0.4859375 0.40625 0.475 0.4 0.459375 0.3984375 0.4453125 0.4046875 0.44375 0.41875 0.4484375 0.43125 0.4609375 0.434375 0.4609375 0.4375 0.4578125 0.4359375 0.4375 0.421875 0.41875 0.4046875 0.3859375 0.38125 0.38125 0.365625 0.3828125 0.359375 0.3859375 0.35625 0.390625 0.3546875 0.4 0.35625 0.4265625
5 0.8859375 0.4765625 0.8765625 0.509375 0.875 0.540625 0.89375 0.5421875 0.915625 0.5484375 0.921875 0.5546875 0.9140625 0.5578125 0.921875 0.559375 0.925 0.55625 0.9328125 0.5625 0.9296875 0.565625 0.921875 0.5640625 0.9265625 0.5671875 0.9328125 0.5671875 0.9359375 0.5546875 0.940625 0.478125 0.940625 0.434375 0.9375 0.4296875 0.9296875 0.4296875 0.909375 0.453125 0.896875 0.453125 0.8859375 0.4765625
2 0.4 0.3296875 0.38125 0.328125 0.384375 0.3359375 0.384375 0.346875 0.4 0.3375 0.4 0.3296875
2 0.8859375 0.4359375 0.90625 0.428125 0.90625 0.4203125 0.9015625 0.4171875 0.8890625 0.41875 0.878125 0.4265625 0.8859375 0.4359375
1 0.921875 0.6140625 0.9234375 0.6 0.9203125 0.5921875 0.90625 0.59375 0.903125 0.6046875 0.909375 0.61875 0.921875 0.6140625
0 0.3640625 0.796875 0.3734375 0.7953125 0.3734375 0.7828125 0.3703125 0.775 0.3515625 0.771875 0.3421875 0.7640625 0.3328125 0.76875 0.3109375 0.7703125 0.3125 0.7734375 0.321875 0.778125 0.3453125 0.784375 0.3640625 0.796875