3 0.376563 0.842187 0.371875 0.143750
3 0.345313 0.748437 0.345313 0.226562
3 0.437500 0.654687 0.428125 0.353125
3 0.421875 0.903125 0.421875 0.089063
2 0.381250 0.256250 0.384375 0.748437
2 0.403125 0.426562 0.412500 0.576562
0 0.753125 0.328125 0.773438 0.657813
0 0.759375 0.340625 0.756250 0.660937
0 0.723437 0.375000 0.712500 0.612500
0 0.717187 0.440625 0.725000 0.557813
0 0.732812 0.254687 0.709375 0.753125
0 0.687500 0.198438 0.678125 0.801562
0 0.710938 0.579688 0.714063 0.445312
0 0.737500 0.603125 0.743750 0.407813
0 0.909375 0.293750 0.884375 0.689063
0 0.929688 0.268750 0.948438 0.726562
0 0.996875 0.195312 0.979688 0.803125
0 0.929688 0.359375 0.906250 0.654687
0 0.914062 0.401563 0.917188 0.593750
0 0.943750 0.440625 0.951562 0.575000
0 0.932813 0.606250 0.942187 0.400000
0 0.959375 0.535937 0.951562 0.467187
1 0.507812 0.446875 0.479687 0.553125
1 0.503125 0.450000 0.479687 0.554688
1 0.495312 0.520312 0.517188 0.485938
1 0.453125 0.687500 0.467187 0.323437
