3 0.529687 0.601562 0.500000 0.400000
3 0.668750 0.642188 0.332813 0.379688
3 0.765625 0.615625 0.221875 0.376563
3 0.821875 0.640625 0.181250 0.368750
3 0.776563 0.623437 0.237500 0.384375
3 0.893750 0.603125 0.140625 0.392188
3 0.890625 0.637500 0.101562 0.356250
3 0.865625 0.643750 0.139063 0.371875
3 0.557813 0.625000 0.445312 0.393750
3 0.198438 0.653125 0.800000 0.378125
1 0.003125 0.384375 0.996875 0.568750
1 0.265625 0.392188 0.729688 0.573438
1 0.607812 0.378125 0.398438 0.632812
1 0.385938 0.367188 0.614062 0.606250
1 0.712500 0.404687 0.295312 0.578125
1 0.695312 0.473437 0.310937 0.501563
1 0.614062 0.495313 0.385937 0.520312
1 0.954688 0.518750 0.042188 0.501563
2 0.835938 0.454688 0.168750 0.531250
0 0.773438 0.290625 0.223438 0.718750
0 0.784375 0.295312 0.206250 0.718750
0 0.853125 0.328125 0.150000 0.650000
0 0.860938 0.354688 0.137500 0.607812
0 0.871875 0.375000 0.128125 0.596875
0 0.926562 0.381250 0.087500 0.614062
0 0.632812 0.350000 0.382812 0.645312
0 0.642188 0.367188 0.357812 0.614062
0 0.532813 0.364062 0.473438 0.618750
0 0.210938 0.228125 0.778125 0.771875
0 0.182813 0.179688 0.821875 0.792188
0 0.446875 0.182813 0.587500 0.815625
0 0.462500 0.220313 0.543750 0.785937
