3 0.371875 0.479688 0.359375 0.510938
3 0.350000 0.657813 0.357812 0.331250
3 0.387500 0.801562 0.404687 0.192188
3 0.348438 0.801562 0.359375 0.178125
3 0.385937 0.750000 0.373437 0.251563
3 0.392188 0.859375 0.382812 0.142187
3 0.362500 0.890625 0.356250 0.101562
3 0.346875 0.856250 0.356250 0.134375
3 0.367188 0.548438 0.375000 0.442188
3 0.362500 0.132812 0.348438 0.862500
1 0.615625 0.003125 0.568750 0.996875
1 0.607812 0.265625 0.573438 0.729688
1 0.632812 0.595313 0.621875 0.412500
1 0.632812 0.385938 0.606250 0.614062
1 0.570312 0.718750 0.587500 0.279687
1 0.498437 0.700000 0.518750 0.295312
1 0.504687 0.614062 0.520312 0.385937
1 0.484375 0.945312 0.481250 0.045312
2 0.523438 0.840625 0.539062 0.156250
0 0.710938 0.746875 0.709375 0.226562
0 0.710938 0.775000 0.704688 0.215625
0 0.648438 0.865625 0.670312 0.131250
0 0.645312 0.860938 0.607812 0.137500
0 0.625000 0.871875 0.596875 0.128125
0 0.595313 0.909375 0.600000 0.075000
0 0.623437 0.620313 0.629687 0.362500
0 0.612500 0.651563 0.631250 0.343750
0 0.617188 0.539062 0.631250 0.454688
0 0.818750 0.229688 0.814063 0.792188
0 0.789062 0.200000 0.815625 0.796875
0 0.812500 0.409375 0.787500 0.590625
0 0.781250 0.440625 0.773438 0.567187
