3 0.065625 0.507812 0.934375 0.481250
3 0.146875 0.534375 0.834375 0.471875
3 0.882812 0.481250 0.100000 0.518750
3 0.770312 0.490625 0.237500 0.515625
3 0.831250 0.478125 0.173437 0.521875
3 0.590625 0.506250 0.406250 0.507812
0 0.167188 0.343750 0.832812 0.692187
0 0.090625 0.279687 0.914062 0.723437
0 0.043750 0.326562 0.939063 0.673438
0 0.684375 0.268750 0.318750 0.726562
0 0.720313 0.278125 0.281250 0.709375
0 0.764062 0.296875 0.210938 0.701562
0 0.825000 0.210938 0.185938 0.784375
1 0.106250 0.421875 0.882812 0.576562
1 0.132812 0.432813 0.851562 0.565625
