5 0.314063 0.415625 0.682813 0.548438
5 0.635938 0.412500 0.379688 0.589063
5 0.482812 0.400000 0.528125 0.612500
5 0.390625 0.417188 0.606250 0.525000
5 0.773438 0.637500 0.210938 0.365625
5 0.656250 0.551562 0.343750 0.403125
3 0.596875 0.559375 0.390625 0.439063
3 0.501563 0.531250 0.479687 0.468750
3 0.396875 0.510938 0.593750 0.475000
3 0.345313 0.490625 0.671875 0.515625
3 0.678125 0.628125 0.317188 0.384375
3 0.732812 0.637500 0.268750 0.368750
3 0.756250 0.657813 0.228125 0.345313
0 0.779687 0.512500 0.226562 0.493750
0 0.693750 0.495313 0.292187 0.500000
0 0.667188 0.482812 0.325000 0.515625
0 0.629687 0.257812 0.382812 0.740625
0 0.603125 0.271875 0.429688 0.732812
0 0.543750 0.270312 0.434375 0.735938
0 0.479688 0.234375 0.515625 0.737500
0 0.468750 0.296875 0.531250 0.709375
0 0.406250 0.290625 0.596875 0.704688
0 0.345313 0.270312 0.673438 0.726562
1 0.593750 0.462500 0.412500 0.532813
1 0.559375 0.475000 0.432812 0.523438
5 0.748437 0.596875 0.292187 0.401562
