5 0.528125 0.290625 0.531250 0.715625
5 0.453125 0.090625 0.459375 0.914062
5 0.518750 0.195312 0.496875 0.810937
5 0.543750 0.356250 0.550000 0.651563
5 0.884375 0.828125 0.879687 0.179688
5 0.614062 0.828125 0.614062 0.181250
5 0.981250 0.240625 0.967187 0.760938
5 0.923438 0.371875 0.928125 0.632812
5 0.207813 0.093750 0.207813 0.928125
5 0.128125 0.296875 0.145313 0.715625
5 0.132812 0.348437 0.128125 0.665625
5 0.078125 0.231250 0.104688 0.762500
5 0.000000 0.846406 0.014063 0.157812
3 0.531250 0.831250 0.518750 0.167187
3 0.907813 0.835938 0.889062 0.168750
3 0.425000 0.367188 0.432812 0.642188
3 0.403125 0.293750 0.410938 0.731250
3 0.420312 0.257812 0.421875 0.750000
3 0.404687 0.245313 0.421875 0.753125
3 0.332813 0.095313 0.337500 0.895312
0 0.626563 0.384375 0.621875 0.646875
0 0.625000 0.329688 0.625000 0.684375
0 0.593750 0.276563 0.604688 0.704688
0 0.596875 0.168750 0.603125 0.812500
1 0.439063 0.107812 0.457813 0.893750
0 0.796875 0.389062 0.812500 0.634375
0 0.800000 0.312500 0.806250 0.678125
0 0.801562 0.285937 0.812500 0.707812
0 0.831250 0.073438 0.839063 0.921875
3 0.048438 0.862500 0.054688 0.150000
3 0.139063 0.360938 0.151562 0.635938
3 0.162500 0.270312 0.165625 0.709375
3 0.160938 0.267188 0.182812 0.735938
3 0.150000 0.246875 0.167187 0.757812
3 0.226562 0.106250 0.234375 0.903125
