3 0.493750 0.064062 0.500000 0.073438
3 0.529687 0.092188 0.460938 0.079687
3 0.495313 0.112500 0.503125 0.125000
3 0.532813 0.145313 0.465625 0.167187
3 0.492188 0.228125 0.490625 0.234375
3 0.581250 0.253125 0.437500 0.251563
3 0.484375 0.264062 0.518750 0.285938
3 0.481250 0.392188 0.510938 0.382812
3 0.556250 0.512500 0.442188 0.496875
3 0.498437 0.565625 0.487500 0.560937
3 0.554688 0.639062 0.459375 0.626563
3 0.460938 0.714063 0.504687 0.709375
3 0.535937 0.798438 0.464062 0.789062
3 0.529687 0.895312 0.456250 0.901563
1 0.492188 0.876563 0.489063 0.873437
1 0.396875 0.596875 0.584375 0.598437
1 0.562500 0.323437 0.435937 0.312500
1 0.492188 0.481250 0.500000 0.468750
0 0.346875 0.367188 0.671875 0.367188
0 0.340625 0.401562 0.667188 0.418750
0 0.359375 0.321875 0.635938 0.314063
0 0.346875 0.326562 0.656250 0.328125
