3 0.637500 0.053125 0.367188 0.053125
3 0.810937 0.442188 0.179688 0.456250
3 0.845313 0.421875 0.151562 0.425000
3 0.909375 0.664062 0.085938 0.685937
3 0.670312 0.343750 0.318750 0.353125
3 0.681250 0.607812 0.321875 0.614062
3 0.635938 0.790625 0.362500 0.795312
3 0.621875 0.917188 0.370312 0.917188
3 0.590625 0.981250 0.392188 0.971875
1 0.607812 0.117188 0.384375 0.117188
1 0.645312 0.145313 0.357812 0.115625
1 0.650000 0.371875 0.340625 0.367188
1 0.698438 0.373437 0.301563 0.367188
0 0.250000 0.996875 0.739062 0.978125
0 0.198438 0.782813 0.804688 0.768750
0 0.184375 0.735938 0.807813 0.751563
0 0.164062 0.765625 0.840625 0.760938
0 0.103125 0.751563 0.893750 0.760938
0 0.092187 0.996875 0.912500 0.945312
0 0.101562 0.937500 0.895312 0.946875
