3 0.432812 0.725000 0.431250 0.284375
3 0.246875 0.685937 0.264062 0.323437
3 0.434375 0.564063 0.410938 0.428125
3 0.398438 0.556250 0.410938 0.443750
3 0.331250 0.440625 0.340625 0.578125
3 0.348438 0.357812 0.376563 0.640625
3 0.578125 0.215625 0.573438 0.790625
5 0.471875 0.892188 0.478125 0.115625
5 0.456250 0.506250 0.482812 0.500000
5 0.667188 0.318750 0.689063 0.687500
1 0.556250 0.831250 0.576562 0.167187
1 0.537500 0.771875 0.514062 0.229687
1 0.398438 0.609375 0.390625 0.398438
0 0.651563 0.850000 0.665625 0.142187
0 0.656250 0.571875 0.654687 0.435937
0 0.650000 0.520312 0.653125 0.479687
0 0.681250 0.454688 0.678125 0.570312
0 0.573438 0.410937 0.589063 0.585938
0 0.609375 0.342187 0.612500 0.662500
0 0.542188 0.695312 0.556250 0.295312
0 0.642188 0.782813 0.631250 0.228125
