3 0.262500 0.340625 0.270313 0.642188
3 0.389062 0.639062 0.360938 0.359375
3 0.390625 0.457812 0.384375 0.543750
3 0.410938 0.417188 0.406250 0.575000
3 0.429688 0.370313 0.423438 0.614062
1 0.660937 0.693750 0.656250 0.315625
1 0.585938 0.634375 0.581250 0.382812
0 0.739062 0.648438 0.756250 0.315625
0 0.812500 0.740625 0.815625 0.262500
0 0.692187 0.470313 0.675000 0.539062
0 0.667188 0.395312 0.645312 0.593750
1 0.318750 0.434375 0.328125 0.581250
1 0.534375 0.481250 0.531250 0.510938
1 0.510938 0.364062 0.464062 0.634375
1 0.518750 0.359375 0.523438 0.645312
