3 0.367188 0.698438 0.650000 0.290625
3 0.698438 0.640625 0.295312 0.385937
3 0.493750 0.631250 0.504687 0.390625
3 0.439063 0.576562 0.581250 0.429688
3 0.373437 0.554688 0.629687 0.429688
1 0.685937 0.396875 0.298438 0.596875
1 0.642188 0.435937 0.353125 0.570312
0 0.685937 0.229688 0.332813 0.770312
0 0.701562 0.203125 0.295312 0.785937
0 0.476562 0.332812 0.514062 0.681250
0 0.418750 0.331250 0.601562 0.671875
1 0.382812 0.675000 0.625000 0.315625
1 0.509375 0.439063 0.515625 0.562500
1 0.389062 0.550000 0.596875 0.450000
1 0.325000 0.520312 0.671875 0.467187
