5 0.671875 0.368750 0.323437 0.370312
5 0.745313 0.345313 0.262500 0.325000
5 0.684375 0.517188 0.350000 0.514062
5 0.404687 0.671875 0.606250 0.667188
5 1.000000 0.515937 0.021875 0.498437
5 1.000000 0.360590 0.012500 0.345313
3 0.853125 0.628125 0.132812 0.653125
3 0.729688 0.620313 0.271875 0.635938
3 0.437500 0.707812 0.562500 0.723437
1 0.412500 0.389062 0.560937 0.417187
1 0.460938 0.331250 0.554688 0.318750
1 0.345313 0.732812 0.678125 0.731250
1 0.371875 0.862500 0.625000 0.851562
1 0.567187 0.509375 0.423438 0.500000
1 0.576562 0.687500 0.410938 0.696875
0 0.371875 0.542188 0.629687 0.520312
0 0.003125 0.254688 0.901563 0.259375
0 0.303125 0.301563 0.695312 0.287500
0 0.285937 0.373437 0.698438 0.379688
3 0.690625 0.509375 0.307812 0.520312
