3 0.928125 0.509375 0.064062 0.484375
3 0.920312 0.539062 0.064062 0.465625
3 0.862500 0.517188 0.129688 0.478125
3 0.831250 0.546875 0.159375 0.442188
3 0.765625 0.509375 0.221875 0.484375
3 0.746875 0.581250 0.251563 0.437500
3 0.701562 0.496875 0.292187 0.489063
3 0.621875 0.442187 0.387500 0.556250
3 0.504687 0.518750 0.514062 0.484375
3 0.457812 0.471875 0.553125 0.528125
3 0.339063 0.514062 0.668750 0.476562
3 0.326562 0.464063 0.690625 0.535937
3 0.192187 0.493750 0.817187 0.498437
3 0.148438 0.525000 0.851562 0.484375
1 0.126563 0.510938 0.843750 0.489063
1 0.401563 0.415625 0.593750 0.578125
1 0.678125 0.551562 0.323437 0.437500
1 0.531250 0.500000 0.459375 0.503125
0 0.632812 0.346875 0.367188 0.671875
0 0.579688 0.346875 0.414062 0.650000
0 0.685937 0.364062 0.300000 0.639062
0 0.654687 0.340625 0.348438 0.651563
