3 0.640625 0.478125 0.367188 0.470313
3 0.648438 0.359375 0.350000 0.342187
3 0.590625 0.240625 0.395313 0.240625
3 0.643750 0.207813 0.348438 0.198437
3 0.632812 0.223438 0.370312 0.221875
3 0.623437 0.103125 0.393750 0.103125
3 0.620313 0.079687 0.379688 0.101562
3 0.653125 0.153125 0.346875 0.143750
3 0.632812 0.465625 0.367188 0.451562
3 0.670312 0.821875 0.334375 0.812500
1 0.429688 0.970313 0.617188 0.982812
1 0.390625 0.718750 0.614062 0.728125
1 0.420312 0.400000 0.584375 0.395313
1 0.371875 0.596875 0.632812 0.606250
1 0.429688 0.281250 0.587500 0.279687
1 0.501563 0.300000 0.518750 0.295312
1 0.479688 0.385937 0.501563 0.398438
1 0.490625 0.054688 0.484375 0.054688
2 0.476562 0.159375 0.539062 0.156250
0 0.260938 0.246875 0.710938 0.253125
0 0.278125 0.226562 0.710938 0.225000
0 0.351562 0.134375 0.670312 0.131250
0 0.356250 0.123438 0.646875 0.135937
0 0.398438 0.103125 0.615625 0.110937
0 0.404687 0.090625 0.600000 0.075000
0 0.376563 0.379688 0.629687 0.362500
0 0.387500 0.348438 0.631250 0.343750
0 0.382812 0.460938 0.631250 0.454688
0 0.215625 0.778125 0.776563 0.789062
0 0.210938 0.800000 0.815625 0.796875
0 0.215625 0.546875 0.801562 0.546875
0 0.243750 0.542188 0.770312 0.542188
