0 0.146875 0.828125 0.15625 0.8234375 0.1578125 0.8109375 0.1453125 0.7890625 0.1328125 0.7890625 0.109375 0.7953125 0.1109375 0.815625 0.121875 0.825 0.13125 0.828125 0.146875 0.828125
0 0.21875 0.76875 0.196875 0.78125 0.1703125 0.78125 0.1703125 0.7890625 0.1765625 0.7953125 0.203125 0.7984375 0.2109375 0.803125 0.2265625 0.80625 0.246875 0.8046875 0.253125 0.8015625 0.2515625 0.79375 0.2453125 0.7875 0.2328125 0.78125 0.21875 0.76875
0 0.3171875 0.94375 0.3140625 0.9234375 0.275 0.9234375 0.275 0.9625 0.2859375 0.9703125 0.3109375 0.96875 0.3171875 0.94375
0 0.384375 0.93125 0.4125 0.934375 0.4203125 0.9234375 0.41875 0.9140625 0.409375 0.9015625 0.390625 0.89375 0.3796875 0.884375 0.3671875 0.8859375 0.365625 0.8953125 0.35625 0.903125 0.3375 0.903125 0.334375 0.90625 0.334375 0.9125 0.3375 0.9171875 0.359375 0.9203125 0.384375 0.93125
0 0.5171875 0.9234375 0.5234375 0.928125 0.5296875 0.928125 0.53125 0.9296875 0.5453125 0.928125 0.5546875 0.9234375 0.58125 0.8984375 0.58125 0.88125 0.565625 0.8734375 0.5390625 0.8734375 0.5171875 0.90625 0.5171875 0.9234375
0 0.6296875 0.953125 0.6453125 0.953125 0.6515625 0.9484375 0.6609375 0.934375 0.665625 0.9171875 0.659375 0.90625 0.6515625 0.90625 0.64375 0.9015625 0.63125 0.9015625 0.6265625 0.9046875 0.621875 0.915625 0.61875 0.946875 0.6296875 0.953125
0 0.68125 0.8328125 0.6875 0.8359375 0.6984375 0.8359375 0.7078125 0.83125 0.721875 0.815625 0.7203125 0.809375 0.70625 0.803125 0.6921875 0.803125 0.6796875 0.81875 0.68125 0.8328125
0 0.53125 0.8 0.5328125 0.7875 0.5265625 0.7671875 0.5015625 0.765625 0.490625 0.7734375 0.49375 0.7890625 0.5046875 0.803125 0.5234375 0.8046875 0.53125 0.8
0 0.4 0.8 0.4203125 0.8 0.434375 0.7859375 0.4421875 0.78125 0.4421875 0.7734375 0.425 0.7640625 0.409375 0.7640625 0.40625 0.765625 0.3953125 0.784375 0.3953125 0.7953125 0.4 0.8
2 0.346875 0.2859375 0.3578125 0.2828125 0.38125 0.29375 0.39375 0.29375 0.4015625 0.284375 0.4015625 0.2765625 0.3921875 0.26875 0.371875 0.2734375 0.35625 0.271875 0.346875 0.2859375
2 0.1828125 0.28125 0.1828125 0.275 0.171875 0.2703125 0.1484375 0.2703125 0.1296875 0.2734375 0.128125 0.2765625 0.146875 0.2859375 0.159375 0.28125 0.1671875 0.284375 0.1828125 0.28125