5 0.332812 0.467187 0.657813 0.535937
5 0.596875 0.415625 0.412500 0.576562
5 0.468750 0.392188 0.532813 0.581250
5 0.406250 0.482812 0.587500 0.523438
5 0.793750 0.620313 0.209375 0.421875
5 0.657813 0.600000 0.331250 0.395313
3 0.618750 0.553125 0.382812 0.465625
3 0.526563 0.526563 0.467187 0.493750
3 0.426562 0.518750 0.573438 0.493750
3 0.332812 0.506250 0.651563 0.492188
3 0.668750 0.612500 0.334375 0.373437
3 0.715625 0.631250 0.279687 0.357812
3 0.751563 0.643750 0.243750 0.342187
0 0.751563 0.507812 0.234375 0.484375
0 0.703125 0.492188 0.306250 0.504687
0 0.668750 0.476562 0.332813 0.517188
0 0.615625 0.268750 0.376563 0.717187
0 0.570312 0.276563 0.414062 0.710938
0 0.568750 0.254687 0.440625 0.750000
0 0.504687 0.262500 0.493750 0.748437
0 0.443750 0.289062 0.546875 0.700000
0 0.406250 0.301562 0.585938 0.695312
0 0.332812 0.287500 0.643750 0.712500
1 0.589063 0.473437 0.403125 0.521875
1 0.573438 0.471875 0.429688 0.535937
5 0.710938 0.612500 0.275000 0.385937
