5 0.328125 0.631250 0.323437 0.370312
5 0.254688 0.654687 0.262500 0.325000
5 0.315625 0.482812 0.350000 0.514062
5 0.595313 0.328125 0.606250 0.667188
5 0.000000 0.484063 0.021875 0.498437
5 0.000000 0.639410 0.012500 0.345313
3 0.146875 0.371875 0.132812 0.653125
3 0.270313 0.379687 0.271875 0.635938
3 0.562500 0.292188 0.562500 0.723437
1 0.587500 0.610938 0.560937 0.417187
1 0.539062 0.668750 0.554688 0.318750
1 0.654687 0.267188 0.678125 0.731250
1 0.628125 0.137500 0.625000 0.851562
1 0.432812 0.490625 0.423438 0.500000
1 0.423438 0.312500 0.410938 0.696875
0 0.628125 0.457812 0.629687 0.520312
0 0.996875 0.745313 0.901563 0.259375
0 0.696875 0.698438 0.695312 0.287500
0 0.714063 0.626563 0.698438 0.379688
3 0.309375 0.490625 0.307812 0.520312
