3 0.506250 0.935937 0.500000 0.073438
3 0.470313 0.907813 0.460938 0.079687
3 0.504687 0.887500 0.503125 0.125000
3 0.467187 0.854688 0.465625 0.167187
3 0.507812 0.771875 0.490625 0.234375
3 0.418750 0.746875 0.437500 0.251563
3 0.515625 0.735938 0.518750 0.285938
3 0.518750 0.607812 0.510938 0.382812
3 0.443750 0.487500 0.442188 0.496875
3 0.501563 0.434375 0.487500 0.560937
3 0.445312 0.360938 0.459375 0.626563
3 0.539062 0.285937 0.504687 0.709375
3 0.464062 0.201562 0.464062 0.789062
3 0.470313 0.104688 0.456250 0.901563
1 0.507812 0.123437 0.489063 0.873437
1 0.603125 0.403125 0.584375 0.598437
1 0.437500 0.676562 0.435937 0.312500
1 0.507812 0.518750 0.500000 0.468750
0 0.653125 0.632812 0.671875 0.367188
0 0.659375 0.598437 0.667188 0.418750
0 0.640625 0.678125 0.635938 0.314063
0 0.653125 0.673438 0.656250 0.328125
