3 0.701562 0.350000 0.296875 0.626563
3 0.923438 0.354688 0.075000 0.637500
3 0.568750 0.492188 0.434375 0.521875
0 0.540625 0.334375 0.451562 0.670312
0 0.464063 0.337500 0.523438 0.651563
3 0.476562 0.643750 0.520312 0.345313
1 0.434375 0.525000 0.578125 0.468750
1 0.234375 0.582812 0.764062 0.401562
1 0.453125 0.617188 0.548438 0.404687
0 0.312500 0.429688 0.670312 0.592187
0 0.253125 0.395312 0.760938 0.601562
3 0.065625 0.646875 0.935937 0.365625
1 0.089063 0.606250 0.900000 0.401562
0 0.034375 0.417188 0.968750 0.587500
0 0.056250 0.415625 0.925000 0.589063
1 0.306250 0.507812 0.707812 0.487500
1 0.042188 0.525000 0.954688 0.482812
3 0.287500 0.660937 0.706250 0.335938
