5 0.354687 0.623437 0.346875 0.379688
5 0.253125 0.601562 0.250000 0.398438
5 0.278125 0.460938 0.298438 0.532813
5 0.564063 0.290625 0.560937 0.700000
5 0.000000 0.484063 0.021875 0.498437
5 0.000000 0.639410 0.012500 0.345313
3 0.089063 0.414062 0.107813 0.585938
3 0.228125 0.414062 0.239063 0.589063
3 0.514062 0.304688 0.535937 0.695312
1 0.570312 0.645312 0.575000 0.364063
1 0.579688 0.656250 0.571875 0.350000
1 0.681250 0.242188 0.665625 0.759375
1 0.659375 0.126563 0.660937 0.882812
1 0.478125 0.525000 0.484375 0.484375
1 0.428125 0.332812 0.425000 0.673438
0 0.678125 0.445312 0.675000 0.570312
0 0.898438 0.751563 0.896875 0.204687
0 0.734375 0.651563 0.726562 0.348438
0 0.693750 0.678125 0.704688 0.321875
3 0.270313 0.534375 0.284375 0.473438
