3 0.2984375 0.65 0.296875 0.6265625 0.290625 0.6171875 0.2859375 0.6140625 0.26875 0.615625 0.25625 0.63125 0.253125 0.65 0.2578125 0.6609375 0.2640625 0.665625 0.2828125 0.6640625 0.2953125 0.65625 0.2984375 0.65
3 0.0765625 0.6453125 0.075 0.6375 0.0625 0.6171875 0.05625 0.6140625 0.04375 0.6140625 0.0328125 0.6234375 0.028125 0.634375 0.028125 0.646875 0.0328125 0.65625 0.04375 0.6625 0.0625 0.665625 0.0734375 0.65625 0.0765625 0.6453125
3 0.43125 0.5078125 0.434375 0.521875 0.45 0.5140625 0.4796875 0.5140625 0.471875 0.5015625 0.4578125 0.490625 0.4453125 0.4921875 0.434375 0.5015625 0.43125 0.5078125
0 0.459375 0.665625 0.4515625 0.6703125 0.453125 0.6953125 0.459375 0.7203125 0.4671875 0.721875 0.4765625 0.715625 0.475 0.675 0.471875 0.66875 0.459375 0.665625
0 0.5359375 0.6625 0.5234375 0.6515625 0.5125 0.659375 0.5140625 0.6703125 0.521875 0.6875 0.5296875 0.69375 0.5390625 0.69375 0.5421875 0.690625 0.5421875 0.675 0.5359375 0.6625
3 0.5234375 0.35625 0.5203125 0.3453125 0.509375 0.3359375 0.49375 0.3328125 0.4734375 0.3453125 0.46875 0.35625 0.46875 0.3609375 0.478125 0.375 0.4890625 0.378125 0.5125 0.378125 0.51875 0.375 0.5234375 0.3640625 0.5234375 0.35625
1 0.565625 0.475 0.578125 0.46875 0.578125 0.4625 0.565625 0.45 0.55 0.4515625 0.55 0.46875 0.565625 0.475
1 0.765625 0.4171875 0.7640625 0.4015625 0.74375 0.3921875 0.7453125 0.4125 0.7609375 0.421875 0.765625 0.4171875
1 0.546875 0.3828125 0.5484375 0.4046875 0.565625 0.403125 0.56875 0.39375 0.565625 0.375 0.559375 0.3734375 0.546875 0.3828125
0 0.6875 0.5703125 0.6703125 0.5921875 0.65625 0.5921875 0.6546875 0.603125 0.6671875 0.60625 0.6875 0.59375 0.696875 0.5734375 0.6875 0.5703125
0 0.746875 0.6046875 0.7609375 0.6015625 0.765625 0.578125 0.7484375 0.5625 0.7453125 0.5828125 0.740625 0.5890625 0.715625 0.584375 0.715625 0.5921875 0.7265625 0.5984375 0.74375 0.5953125 0.746875 0.6046875
3 0.934375 0.353125 0.9359375 0.365625 0.946875 0.375 0.9828125 0.375 0.9921875 0.365625 0.9859375 0.3453125 0.975 0.334375 0.9609375 0.334375 0.934375 0.353125
1 0.9109375 0.39375 0.9 0.4015625 0.896875 0.4140625 0.9015625 0.4203125 0.9140625 0.41875 0.921875 0.40625 0.9203125 0.3921875 0.9109375 0.39375
0 0.965625 0.5828125 0.96875 0.5875 0.996875 0.60625 0.996875 0.59375 0.9859375 0.5859375 0.975 0.56875 0.965625 0.5734375 0.965625 0.5828125
0 0.94375 0.584375 0.925 0.5890625 0.9171875 0.58125 0.9171875 0.5640625 0.9109375 0.5625 0.90625 0.575 0.8984375 0.578125 0.9015625 0.5890625 0.90625 0.584375 0.91875 0.596875 0.940625 0.5984375 0.9484375 0.59375 0.95625 0.5734375 0.953125 0.571875 0.94375 0.584375
1 0.69375 0.4921875 0.7078125 0.4875 0.7078125 0.475 0.6984375 0.471875 0.6953125 0.4734375 0.69375 0.4921875
1 0.9578125 0.475 0.9546875 0.4828125 0.96875 0.490625 0.9671875 0.4734375 0.9578125 0.475
3 0.7125 0.3390625 0.70625 0.3359375 0.6890625 0.3359375 0.6796875 0.34375 0.6703125 0.3609375 0.671875 0.3671875 0.678125 0.3734375 0.7 0.3765625 0.71875 0.3734375 0.725 0.3671875 0.728125 0.35625 0.7265625 0.3515625 0.7125 0.3390625