3 0.601562 0.470313 0.400000 0.500000
3 0.642188 0.331250 0.379688 0.332813
3 0.615625 0.234375 0.376563 0.221875
3 0.640625 0.178125 0.368750 0.181250
3 0.623437 0.223438 0.384375 0.237500
3 0.603125 0.106250 0.392188 0.140625
3 0.637500 0.109375 0.356250 0.101562
3 0.643750 0.134375 0.371875 0.139063
3 0.625000 0.442188 0.393750 0.445312
3 0.653125 0.801562 0.378125 0.800000
1 0.384375 0.996875 0.568750 0.996875
1 0.392188 0.734375 0.573438 0.729688
1 0.378125 0.392188 0.632812 0.398438
1 0.367188 0.614062 0.606250 0.614062
1 0.404687 0.287500 0.578125 0.295312
1 0.473437 0.304688 0.501563 0.310937
1 0.495313 0.385937 0.520312 0.385937
1 0.518750 0.045312 0.501563 0.042188
2 0.454688 0.164062 0.531250 0.168750
0 0.290625 0.226562 0.718750 0.223438
0 0.295312 0.215625 0.718750 0.206250
0 0.328125 0.146875 0.650000 0.150000
0 0.354688 0.139063 0.607812 0.137500
0 0.375000 0.128125 0.596875 0.128125
0 0.381250 0.073438 0.614062 0.087500
0 0.350000 0.367188 0.645312 0.382812
0 0.367188 0.357812 0.614062 0.357812
0 0.364062 0.467187 0.618750 0.473438
0 0.228125 0.789062 0.771875 0.778125
0 0.179688 0.817187 0.792188 0.821875
0 0.182813 0.553125 0.815625 0.587500
0 0.220313 0.537500 0.785937 0.543750
