3 0.707812 0.059375 0.309375 0.043750
3 0.768750 0.375000 0.217188 0.406250
3 0.845313 0.350000 0.151562 0.378125
3 0.934375 0.618750 0.075000 0.623437
3 0.712500 0.314063 0.298438 0.310937
3 0.750000 0.621875 0.265625 0.615625
3 0.678125 0.735938 0.340625 0.734375
3 0.637500 0.856250 0.370312 0.867188
3 0.567187 0.939063 0.431250 0.951562
1 0.592187 0.079687 0.410938 0.095312
1 0.606250 0.115625 0.392188 0.139063
1 0.637500 0.329688 0.376563 0.337500
1 0.675000 0.398438 0.314063 0.395313
0 0.246875 0.937500 0.757812 0.948438
0 0.179688 0.834375 0.809375 0.829688
0 0.195312 0.710938 0.812500 0.709375
0 0.153125 0.832812 0.842187 0.826562
0 0.135938 0.750000 0.864062 0.721875
0 0.051562 0.976562 0.928125 0.987500
0 0.103125 0.893750 0.904687 0.898438
