3 0.278125 0.046875 0.300000 0.943750
3 0.281250 0.101562 0.295312 0.895312
3 0.370312 0.176562 0.370312 0.839063
3 0.381250 0.321875 0.370312 0.693750
2 0.375000 0.153125 0.365625 0.848437
0 0.612500 0.304688 0.584375 0.698438
0 0.635938 0.304688 0.637500 0.704688
0 0.634375 0.164062 0.642188 0.817187
0 0.646875 0.156250 0.667188 0.843750
0 0.725000 0.160937 0.731250 0.839063
0 0.789062 0.095313 0.784375 0.909375
0 0.879687 0.026563 0.879687 0.990625
1 0.476562 0.275000 0.475000 0.717187
2 0.343750 0.029687 0.340625 0.967187
2 0.387500 0.079688 0.376563 0.917188
3 0.365625 0.084375 0.357812 0.920312
