3 0.664062 0.954688 0.328125 0.964063
3 0.681250 0.912500 0.309375 0.940625
3 0.670312 0.851562 0.326562 0.837500
3 0.656250 0.693750 0.343750 0.682813
2 0.621875 0.826562 0.375000 0.846875
0 0.370313 0.673438 0.632812 0.687500
0 0.417188 0.709375 0.579688 0.706250
0 0.350000 0.840625 0.634375 0.835938
0 0.353125 0.843750 0.667188 0.843750
0 0.265625 0.876563 0.715625 0.878125
0 0.223437 0.885938 0.765625 0.873437
0 0.128125 0.981250 0.867188 0.981250
1 0.507812 0.728125 0.476562 0.725000
2 0.660937 0.953125 0.348438 0.956250
2 0.623437 0.917188 0.378125 0.904687
3 0.625000 0.903125 0.375000 0.915625
