3 0.696875 0.359375 0.690625 0.3640625 0.6875 0.3953125 0.6953125 0.3953125 0.7171875 0.38125 0.71875 0.371875 0.709375 0.359375 0.696875 0.359375
3 0.865625 0.35625 0.85625 0.34375 0.8453125 0.34375 0.834375 0.353125 0.83125 0.3640625 0.83125 0.384375 0.8421875 0.384375 0.8640625 0.3734375 0.8671875 0.3625 0.865625 0.35625
3 0.9546875 0.3265625 0.9578125 0.309375 0.9671875 0.29375 0.965625 0.2859375 0.95625 0.28125 0.94375 0.28125 0.9296875 0.2859375 0.9234375 0.2921875 0.9171875 0.315625 0.9171875 0.33125 0.9203125 0.3359375 0.9546875 0.3265625
3 0.9625 0.35 0.9671875 0.35 0.996875 0.334375 0.996875 0.278125 0.984375 0.28125 0.9765625 0.2859375 0.9640625 0.3 0.959375 0.309375 0.95625 0.3296875 0.9578125 0.33125 0.959375 0.346875 0.9625 0.35
3 0.9140625 0.3703125 0.915625 0.3953125 0.9296875 0.390625 0.9375 0.375 0.9375 0.3703125 0.9296875 0.365625 0.925 0.35625 0.9140625 0.3703125
2 0.834375 0.390625 0.8390625 0.396875 0.8515625 0.3890625 0.8546875 0.390625 0.85625 0.3859375 0.8515625 0.3828125 0.834375 0.390625
0 0.6953125 0.6 0.6890625 0.6015625 0.6875 0.63125 0.6828125 0.6421875 0.6828125 0.65 0.6890625 0.65625 0.7 0.65 0.709375 0.6078125 0.6953125 0.6
0 0.7109375 0.6484375 0.721875 0.65 0.7234375 0.6171875 0.71875 0.6 0.7140625 0.6 0.709375 0.6125 0.7109375 0.6484375
0 0.8296875 0.6640625 0.8375 0.66875 0.853125 0.66875 0.846875 0.653125 0.8296875 0.6578125 0.8296875 0.6640625
0 0.8578125 0.6640625 0.8546875 0.6828125 0.8734375 0.684375 0.8734375 0.665625 0.8578125 0.6640625
0 0.85 0.746875 0.853125 0.753125 0.8703125 0.759375 0.8875 0.7578125 0.890625 0.75 0.8875 0.740625 0.8734375 0.740625 0.8703125 0.7359375 0.85 0.746875
0 0.8921875 0.7375 0.8796875 0.725 0.871875 0.7328125 0.8546875 0.740625 0.8515625 0.7484375 0.8546875 0.75 0.859375 0.7453125 0.890625 0.746875 0.8921875 0.7375
0 0.8859375 0.7859375 0.8640625 0.790625 0.859375 0.7953125 0.8625 0.8046875 0.88125 0.8125 0.903125 0.8125 0.921875 0.8046875 0.9203125 0.7953125 0.9109375 0.7984375 0.9015625 0.796875 0.8859375 0.7859375
0 0.98125 0.8921875 0.96875 0.8875 0.9625 0.8796875 0.9625 0.8703125 0.95625 0.8609375 0.94375 0.8578125 0.9328125 0.8625 0.9328125 0.8734375 0.953125 0.890625 0.9609375 0.8890625 0.9796875 0.8984375 0.996875 0.9015625 0.996875 0.8984375 0.984375 0.896875 0.98125 0.8921875
1 0.7234375 0.4984375 0.709375 0.5078125 0.715625 0.5234375 0.7265625 0.5171875 0.7234375 0.4984375