3 0.395313 0.304688 0.381250 0.717187
3 0.384375 0.168750 0.384375 0.842187
3 0.292187 0.076562 0.315625 0.917188
3 0.309375 0.040625 0.329688 0.956250
3 0.375000 0.062500 0.370312 0.937500
2 0.389062 0.148438 0.390625 0.854688
0 0.650000 0.317187 0.656250 0.689063
0 0.617188 0.276563 0.600000 0.718750
0 0.668750 0.162500 0.668750 0.853125
0 0.664062 0.142188 0.682813 0.854688
0 0.750000 0.109375 0.740625 0.887500
0 0.748437 0.148438 0.750000 0.854688
0 0.804688 0.078125 0.795312 0.920312
0 0.898438 0.020312 0.901563 0.996875
1 0.498437 0.276563 0.507812 0.709375
