3 0.640625 0.696875 0.364063 0.690625
3 0.643750 0.865625 0.343750 0.856250
3 0.673438 0.954688 0.309375 0.957812
3 0.650000 0.962500 0.350000 0.967187
3 0.629687 0.914062 0.395313 0.915625
2 0.609375 0.834375 0.396875 0.839063
0 0.400000 0.695312 0.601562 0.689063
0 0.351562 0.710938 0.650000 0.721875
0 0.335938 0.829688 0.668750 0.837500
0 0.335938 0.857812 0.682813 0.854688
0 0.253125 0.850000 0.753125 0.853125
0 0.262500 0.892188 0.725000 0.879687
0 0.214063 0.885938 0.790625 0.864062
0 0.107812 0.981250 0.887500 0.968750
1 0.501563 0.723437 0.507812 0.709375
