3 0.604688 0.695312 0.381250 0.717187
3 0.615625 0.831250 0.384375 0.842187
3 0.707812 0.923438 0.315625 0.917188
3 0.690625 0.959375 0.329688 0.956250
3 0.625000 0.937500 0.370312 0.937500
2 0.610938 0.851562 0.390625 0.854688
0 0.350000 0.682813 0.656250 0.689063
0 0.382812 0.723437 0.600000 0.718750
0 0.331250 0.837500 0.668750 0.853125
0 0.335938 0.857812 0.682813 0.854688
0 0.250000 0.890625 0.740625 0.887500
0 0.251563 0.851562 0.750000 0.854688
0 0.195312 0.921875 0.795312 0.920312
0 0.101562 0.979688 0.901563 0.996875
1 0.501563 0.723437 0.507812 0.709375
