3 0.046875 0.721875 0.943750 0.300000
3 0.101562 0.718750 0.895312 0.295312
3 0.176562 0.629687 0.839063 0.370312
3 0.321875 0.618750 0.693750 0.370312
2 0.153125 0.625000 0.848437 0.365625
0 0.304688 0.387500 0.698438 0.584375
0 0.304688 0.364062 0.704688 0.637500
0 0.164062 0.365625 0.817187 0.642188
0 0.156250 0.353125 0.843750 0.667188
0 0.160937 0.275000 0.839063 0.731250
0 0.095313 0.210938 0.909375 0.784375
0 0.026563 0.120313 0.990625 0.879687
1 0.275000 0.523438 0.717187 0.475000
2 0.029687 0.656250 0.967187 0.340625
2 0.079688 0.612500 0.917188 0.376563
3 0.084375 0.634375 0.920312 0.357812
