3 0.335938 0.045312 0.328125 0.964063
3 0.318750 0.087500 0.309375 0.940625
3 0.329688 0.148438 0.326562 0.837500
3 0.343750 0.306250 0.343750 0.682813
2 0.378125 0.173438 0.375000 0.846875
0 0.629687 0.326562 0.632812 0.687500
0 0.582812 0.290625 0.579688 0.706250
0 0.650000 0.159375 0.634375 0.835938
0 0.646875 0.156250 0.667188 0.843750
0 0.734375 0.123437 0.715625 0.878125
0 0.776563 0.114062 0.765625 0.873437
0 0.871875 0.018750 0.867188 0.981250
1 0.492188 0.271875 0.476562 0.725000
2 0.339062 0.046875 0.348438 0.956250
2 0.376563 0.082812 0.378125 0.904687
3 0.375000 0.096875 0.375000 0.915625
