3 0.304688 0.604688 0.717187 0.381250
3 0.168750 0.615625 0.842187 0.384375
3 0.076562 0.707812 0.917188 0.315625
3 0.040625 0.690625 0.956250 0.329688
3 0.062500 0.625000 0.937500 0.370312
2 0.148438 0.610938 0.854688 0.390625
0 0.317187 0.350000 0.689063 0.656250
0 0.276563 0.382812 0.718750 0.600000
0 0.162500 0.331250 0.853125 0.668750
0 0.142188 0.335938 0.854688 0.682813
0 0.109375 0.250000 0.887500 0.740625
0 0.148438 0.251563 0.854688 0.750000
0 0.078125 0.195312 0.920312 0.795312
0 0.020312 0.101562 0.996875 0.901563
1 0.276563 0.501563 0.709375 0.507812
