3 0.864062 0.845313 0.140625 0.153125
3 0.614062 0.800000 0.378125 0.195312
3 0.584375 0.773438 0.407813 0.221875
3 0.603125 0.642188 0.404687 0.378125
3 0.439063 0.954688 0.556250 0.026562
3 0.370313 0.871875 0.642188 0.110937
1 0.915625 0.726562 0.082812 0.264062
0 0.909375 0.576562 0.076563 0.407813
0 0.881250 0.581250 0.101562 0.420312
0 0.700000 0.559375 0.300000 0.454688
0 0.651563 0.556250 0.320312 0.442188
0 0.334375 0.692187 0.651563 0.309375
0 0.303125 0.715625 0.696875 0.267188
0 0.534375 0.445312 0.454688 0.554688
1 0.484375 0.815625 0.521875 0.170313
1 0.617188 0.665625 0.376563 0.346875
0 0.546875 0.445312 0.446875 0.546875
2 0.571875 0.604688 0.429688 0.385937
