3 0.154688 0.864062 0.153125 0.140625
3 0.200000 0.614062 0.195312 0.378125
3 0.226562 0.584375 0.221875 0.407813
3 0.357812 0.603125 0.378125 0.404687
3 0.045312 0.439063 0.026562 0.556250
3 0.128125 0.370313 0.110937 0.642188
1 0.273438 0.915625 0.264062 0.082812
0 0.423438 0.909375 0.407813 0.076563
0 0.418750 0.881250 0.420312 0.101562
0 0.440625 0.700000 0.454688 0.300000
0 0.443750 0.651563 0.442188 0.320312
0 0.307812 0.334375 0.309375 0.651563
0 0.284375 0.303125 0.267188 0.696875
0 0.554688 0.534375 0.554688 0.454688
1 0.184375 0.484375 0.170313 0.521875
1 0.334375 0.617188 0.346875 0.376563
0 0.554688 0.546875 0.546875 0.446875
2 0.395313 0.571875 0.385937 0.429688
