3 0.359375 0.303125 0.364063 0.690625
3 0.356250 0.134375 0.343750 0.856250
3 0.326562 0.045312 0.309375 0.957812
3 0.350000 0.037500 0.350000 0.967187
3 0.370312 0.085938 0.395313 0.915625
2 0.390625 0.165625 0.396875 0.839063
0 0.600000 0.304688 0.601562 0.689063
0 0.648438 0.289062 0.650000 0.721875
0 0.664062 0.170312 0.668750 0.837500
0 0.664062 0.142188 0.682813 0.854688
0 0.746875 0.150000 0.753125 0.853125
0 0.737500 0.107812 0.725000 0.879687
0 0.785937 0.114062 0.790625 0.864062
0 0.892188 0.018750 0.887500 0.968750
1 0.498437 0.276563 0.507812 0.709375
