3 0.107813 0.864062 0.104688 0.118750
3 0.228125 0.610938 0.207813 0.390625
3 0.254688 0.584375 0.250000 0.420312
3 0.390625 0.587500 0.346875 0.445312
3 0.026562 0.468750 0.042188 0.528125
3 0.085938 0.354688 0.085938 0.635938
1 0.281250 0.934375 0.289062 0.073438
0 0.431250 0.931250 0.428125 0.089063
0 0.442188 0.864062 0.432812 0.137500
0 0.440625 0.700000 0.454688 0.300000
0 0.443750 0.651563 0.442188 0.320312
0 0.328125 0.332812 0.307812 0.665625
0 0.289062 0.315625 0.290625 0.689063
0 0.571875 0.512500 0.560937 0.484375
1 0.170313 0.478125 0.168750 0.509375
1 0.334375 0.617188 0.346875 0.376563
0 0.564063 0.551562 0.554688 0.453125
2 0.393750 0.589063 0.404687 0.417187
