2 0.0859375 0.3671875 0.0921875 0.3890625 0.1 0.390625 0.1171875 0.384375 0.1265625 0.3734375 0.1234375 0.3703125 0.1109375 0.378125 0.103125 0.378125 0.0859375 0.3671875
1 0.06875 0.5734375 0.071875 0.5703125 0.078125 0.5703125 0.0796875 0.565625 0.0578125 0.5375 0.04375 0.534375 0.028125 0.5546875 0.028125 0.559375 0.0390625 0.58125 0.0515625 0.5859375 0.059375 0.59375 0.0703125 0.596875 0.0734375 0.590625 0.06875 0.5734375
1 0.0578125 0.5328125 0.08125 0.5671875 0.0859375 0.571875 0.0921875 0.571875 0.0875 0.5265625 0.0765625 0.521875 0.0640625 0.5234375 0.0578125 0.5328125
3 0.771875 0.4671875 0.7875 0.4671875 0.790625 0.465625 0.803125 0.4515625 0.8078125 0.4390625 0.8109375 0.3984375 0.803125 0.378125 0.7875 0.365625 0.7765625 0.3671875 0.75625 0.38125 0.746875 0.390625 0.7421875 0.409375 0.7421875 0.4375 0.746875 0.4484375 0.7578125 0.459375 0.771875 0.4671875
3 0.7546875 0.49375 0.734375 0.4796875 0.725 0.4796875 0.7109375 0.4859375 0.696875 0.5078125 0.69375 0.528125 0.6953125 0.546875 0.6984375 0.55 0.765625 0.546875 0.7703125 0.540625 0.7703125 0.528125 0.7546875 0.49375
0 0.3578125 0.4421875 0.3546875 0.4375 0.3453125 0.4328125 0.33125 0.43125 0.33125 0.459375 0.3359375 0.4828125 0.3359375 0.5421875 0.340625 0.5453125 0.3515625 0.5453125 0.3578125 0.5390625 0.3515625 0.5109375 0.3578125 0.4421875
0 0.3015625 0.528125 0.303125 0.503125 0.309375 0.478125 0.3109375 0.434375 0.28125 0.4328125 0.278125 0.496875 0.26875 0.5109375 0.253125 0.515625 0.2515625 0.5265625 0.2546875 0.5296875 0.296875 0.53125 0.3015625 0.528125
0 0.196875 0.5109375 0.190625 0.5109375 0.165625 0.5234375 0.1671875 0.528125 0.184375 0.53125 0.1953125 0.5375 0.2109375 0.5375 0.2203125 0.53125 0.2203125 0.525 0.2140625 0.51875 0.196875 0.5109375
0 0.096875 0.54375 0.0953125 0.5609375 0.1203125 0.5625 0.1234375 0.559375 0.1203125 0.5390625 0.1109375 0.5375 0.096875 0.54375
0 0.0921875 0.746875 0.109375 0.75 0.115625 0.74375 0.1125 0.7265625 0.1046875 0.7234375 0.0953125 0.7234375 0.0828125 0.7109375 0.0796875 0.671875 0.0765625 0.6640625 0.0703125 0.6234375 0.04375 0.63125 0.034375 0.63125 0.0328125 0.640625 0.0390625 0.6625 0.0421875 0.6609375 0.0453125 0.6640625 0.04375 0.7125 0.046875 0.7484375 0.0546875 0.753125 0.0921875 0.746875
0 0.78125 0.95 0.78125 0.9421875 0.7765625 0.925 0.7734375 0.91875 0.76875 0.915625 0.7625 0.921875 0.7390625 0.9328125 0.73125 0.9296875 0.725 0.9234375 0.70625 0.921875 0.7 0.91875 0.6953125 0.9125 0.6875 0.9125 0.6796875 0.9234375 0.6796875 0.934375 0.6859375 0.94375 0.6953125 0.95 0.7265625 0.9640625 0.765625 0.9640625 0.7734375 0.9609375 0.7796875 0.9546875 0.78125 0.95
0 0.815625 0.9125 0.78125 0.9140625 0.7796875 0.928125 0.8125 0.940625 0.815625 0.9125