3 0.1046875 0.1578125 0.1359375 0.1640625 0.1625 0.1640625 0.1734375 0.159375 0.1796875 0.15 0.178125 0.1109375 0.1671875 0.0984375 0.1484375 0.084375 0.13125 0.0828125 0.1265625 0.0859375 0.109375 0.0890625 0.0953125 0.0984375 0.0859375 0.1140625 0.078125 0.121875 0.078125 0.1296875 0.0828125 0.1390625 0.09375 0.153125 0.1046875 0.1578125
3 0.703125 0.44375 0.71875 0.44375 0.7359375 0.45 0.7453125 0.4578125 0.7515625 0.4578125 0.7578125 0.4453125 0.75625 0.43125 0.75 0.4234375 0.74375 0.40625 0.7359375 0.4015625 0.7140625 0.396875 0.6984375 0.3984375 0.68125 0.40625 0.671875 0.4171875 0.6625 0.4328125 0.66875 0.434375 0.6734375 0.4390625 0.6890625 0.4390625 0.703125 0.44375
3 0.8390625 0.3140625 0.8484375 0.31875 0.85625 0.3171875 0.846875 0.2859375 0.8375 0.28125 0.8171875 0.28125 0.803125 0.2859375 0.7953125 0.2921875 0.7890625 0.303125 0.7890625 0.30625 0.7953125 0.3109375 0.8140625 0.309375 0.8390625 0.3140625
3 0.903125 0.2703125 0.8875 0.271875 0.878125 0.275 0.8640625 0.2859375 0.859375 0.309375 0.8640625 0.3140625 0.8765625 0.315625 0.8875 0.30625 0.9078125 0.296875 0.9234375 0.2953125 0.928125 0.2984375 0.9328125 0.2984375 0.9375 0.2921875 0.9296875 0.2890625 0.921875 0.278125 0.9125 0.271875 0.903125 0.2703125
0 0.7296875 0.871875 0.721875 0.8765625 0.70625 0.8921875 0.69375 0.8984375 0.6828125 0.8984375 0.6796875 0.9046875 0.684375 0.9125 0.7 0.915625 0.7234375 0.9140625 0.7703125 0.903125 0.7765625 0.9 0.778125 0.8921875 0.7734375 0.88125 0.7609375 0.88125 0.7375 0.871875 0.7296875 0.871875
0 0.665625 0.85 0.665625 0.8625 0.684375 0.86875 0.7234375 0.8671875 0.728125 0.8640625 0.725 0.8484375 0.7140625 0.8375 0.69375 0.8453125 0.671875 0.8453125 0.665625 0.85
0 0.853125 0.63125 0.8234375 0.6296875 0.8140625 0.65 0.8140625 0.65625 0.821875 0.659375 0.8359375 0.659375 0.8515625 0.653125 0.853125 0.63125
0 0.996875 0.6484375 0.9671875 0.6625 0.965625 0.6734375 0.996875 0.675 0.996875 0.6484375
0 0.209375 0.6828125 0.2015625 0.6984375 0.203125 0.7125 0.2203125 0.7140625 0.2515625 0.709375 0.2546875 0.690625 0.253125 0.6796875 0.2453125 0.675 0.2375 0.678125 0.2234375 0.678125 0.209375 0.6828125
0 0.1984375 0.7140625 0.2046875 0.7109375 0.1984375 0.6875 0.1890625 0.69375 0.1703125 0.6953125 0.1671875 0.7125 0.1984375 0.7140625
2 0.7125 0.4453125 0.69375 0.4359375 0.6703125 0.4359375 0.671875 0.446875 0.6765625 0.4453125 0.690625 0.4484375 0.7125 0.4453125