3 0.1359375 0.1546875 0.140625 0.153125 0.1453125 0.14375 0.1421875 0.11875 0.1359375 0.1078125 0.11875 0.1046875 0.10625 0.1203125 0.1078125 0.13125 0.1234375 0.1484375 0.1359375 0.1546875
3 0.3859375 0.2 0.378125 0.1953125 0.365625 0.196875 0.35625 0.2203125 0.3890625 0.228125 0.390625 0.2078125 0.3859375 0.2
3 0.415625 0.2265625 0.4078125 0.221875 0.396875 0.2234375 0.390625 0.2515625 0.415625 0.2546875 0.4203125 0.25 0.415625 0.2265625
3 0.396875 0.3578125 0.4046875 0.378125 0.4046875 0.3890625 0.4078125 0.3921875 0.4125 0.390625 0.4453125 0.346875 0.4453125 0.340625 0.440625 0.33125 0.4328125 0.3234375 0.415625 0.3234375 0.4046875 0.3296875 0.3984375 0.3375 0.396875 0.3578125
3 0.5609375 0.0453125 0.55625 0.0265625 0.5484375 0.0203125 0.5359375 0.021875 0.53125 0.0265625 0.528125 0.0421875 0.559375 0.0515625 0.5609375 0.0453125
3 0.6296875 0.128125 0.6421875 0.1109375 0.65625 0.103125 0.653125 0.0921875 0.6453125 0.0859375 0.6359375 0.0859375 0.6265625 0.0953125 0.625 0.1125 0.6296875 0.128125
1 0.084375 0.2734375 0.0828125 0.2640625 0.071875 0.2609375 0.065625 0.26875 0.065625 0.28125 0.0734375 0.2890625 0.084375 0.2734375
0 0.090625 0.4234375 0.0765625 0.4078125 0.059375 0.4078125 0.059375 0.4171875 0.06875 0.43125 0.0890625 0.428125 0.090625 0.4234375
0 0.11875 0.41875 0.1015625 0.4203125 0.0984375 0.4234375 0.1 0.440625 0.1359375 0.4421875 0.1375 0.4328125 0.11875 0.41875
0 0.3 0.440625 0.3 0.4546875 0.3171875 0.45 0.315625 0.440625 0.3 0.440625
0 0.3484375 0.44375 0.3203125 0.4421875 0.3171875 0.4484375 0.34375 0.4546875 0.3484375 0.44375
0 0.665625 0.3078125 0.6515625 0.309375 0.6484375 0.3203125 0.659375 0.3296875 0.6671875 0.328125 0.665625 0.3078125
0 0.696875 0.284375 0.696875 0.2671875 0.6875 0.2546875 0.6796875 0.259375 0.684375 0.2890625 0.6890625 0.290625 0.696875 0.284375
0 0.465625 0.5546875 0.4546875 0.5546875 0.4484375 0.5640625 0.4546875 0.5734375 0.4875 0.571875 0.484375 0.5609375 0.465625 0.5546875
1 0.515625 0.184375 0.521875 0.1703125 0.509375 0.16875 0.515625 0.184375
1 0.3828125 0.334375 0.3765625 0.346875 0.3890625 0.3515625 0.3921875 0.340625 0.3828125 0.334375
0 0.453125 0.5546875 0.446875 0.546875 0.434375 0.5578125 0.434375 0.565625 0.4484375 0.5640625 0.453125 0.5546875
2 0.428125 0.3953125 0.4296875 0.3859375 0.4265625 0.3765625 0.421875 0.378125 0.4109375 0.39375 0.4171875 0.4046875 0.428125 0.3953125