3 0.892188 0.135937 0.104688 0.118750
3 0.771875 0.389062 0.207813 0.390625
3 0.745313 0.415625 0.250000 0.420312
3 0.609375 0.412500 0.346875 0.445312
3 0.973437 0.531250 0.042188 0.528125
3 0.914062 0.645312 0.085938 0.635938
1 0.718750 0.065625 0.289062 0.073438
0 0.568750 0.068750 0.428125 0.089063
0 0.557813 0.135937 0.432812 0.137500
0 0.559375 0.300000 0.454688 0.300000
0 0.556250 0.348438 0.442188 0.320312
0 0.671875 0.667188 0.307812 0.665625
0 0.710938 0.684375 0.290625 0.689063
0 0.428125 0.487500 0.560937 0.484375
1 0.829688 0.521875 0.168750 0.509375
1 0.665625 0.382812 0.346875 0.376563
0 0.435937 0.448437 0.554688 0.453125
2 0.606250 0.410938 0.404687 0.417187
