3 0.045312 0.664062 0.964063 0.328125
3 0.087500 0.681250 0.940625 0.309375
3 0.148438 0.670312 0.837500 0.326562
3 0.306250 0.656250 0.682813 0.343750
2 0.173438 0.621875 0.846875 0.375000
0 0.326562 0.370313 0.687500 0.632812
0 0.290625 0.417188 0.706250 0.579688
0 0.159375 0.350000 0.835938 0.634375
0 0.156250 0.353125 0.843750 0.667188
0 0.123437 0.265625 0.878125 0.715625
0 0.114062 0.223437 0.873437 0.765625
0 0.018750 0.128125 0.981250 0.867188
1 0.271875 0.507812 0.725000 0.476562
2 0.046875 0.660937 0.956250 0.348438
2 0.082812 0.623437 0.904687 0.378125
3 0.096875 0.625000 0.915625 0.375000
