3 0.864062 0.892188 0.118750 0.104688
3 0.610938 0.771875 0.390625 0.207813
3 0.584375 0.745313 0.420312 0.250000
3 0.587500 0.609375 0.445312 0.346875
3 0.468750 0.973437 0.528125 0.042188
3 0.354688 0.914062 0.635938 0.085938
1 0.934375 0.718750 0.073438 0.289062
0 0.931250 0.568750 0.089063 0.428125
0 0.864062 0.557813 0.137500 0.432812
0 0.700000 0.559375 0.300000 0.454688
0 0.651563 0.556250 0.320312 0.442188
0 0.332812 0.671875 0.665625 0.307812
0 0.315625 0.710938 0.689063 0.290625
0 0.512500 0.428125 0.484375 0.560937
1 0.478125 0.829688 0.509375 0.168750
1 0.617188 0.665625 0.376563 0.346875
0 0.551562 0.435937 0.453125 0.554688
2 0.589063 0.606250 0.417187 0.404687
