3 0.7328125 0.4703125 0.7671875 0.46875 0.771875 0.45625 0.778125 0.4484375 0.771875 0.4109375 0.7671875 0.4015625 0.7515625 0.3890625 0.7359375 0.3875 0.725 0.39375 0.7125 0.409375 0.7078125 0.4390625 0.7046875 0.446875 0.70625 0.453125 0.7125 0.4609375 0.7265625 0.4640625 0.7328125 0.4703125
3 0.4609375 0.3921875 0.4546875 0.3859375 0.446875 0.3828125 0.4328125 0.3828125 0.4265625 0.3859375 0.41875 0.3984375 0.4140625 0.4125 0.4140625 0.43125 0.4484375 0.4375 0.4703125 0.4375 0.471875 0.43125 0.46875 0.4109375 0.4609375 0.3921875
3 0.31875 0.43125 0.325 0.425 0.328125 0.41875 0.33125 0.3828125 0.325 0.3640625 0.3109375 0.353125 0.303125 0.353125 0.290625 0.359375 0.2796875 0.3703125 0.2765625 0.378125 0.278125 0.409375 0.2890625 0.425 0.303125 0.434375 0.31875 0.43125
3 0.3890625 0.3359375 0.3828125 0.3390625 0.3765625 0.353125 0.378125 0.378125 0.3984375 0.3796875 0.4125 0.375 0.4171875 0.3640625 0.409375 0.3421875 0.3984375 0.3359375 0.3890625 0.3359375
3 0.1515625 0.3859375 0.146875 0.3796875 0.14375 0.359375 0.13125 0.3375 0.109375 0.3359375 0.1 0.3390625 0.0953125 0.34375 0.0859375 0.3640625 0.084375 0.3828125 0.0875 0.3875 0.1140625 0.390625 0.1453125 0.390625 0.146875 0.3921875 0.1515625 0.390625 0.1515625 0.3859375
2 0.2578125 0.3640625 0.25625 0.375 0.26875 0.375 0.2734375 0.378125 0.2765625 0.3671875 0.271875 0.359375 0.2640625 0.3578125 0.2578125 0.3640625
2 0.8390625 0.409375 0.8265625 0.4046875 0.828125 0.4109375 0.8390625 0.409375
0 0.490625 0.69375 0.50625 0.690625 0.5125 0.6765625 0.4984375 0.6703125 0.4890625 0.6859375 0.490625 0.69375
0 0.5375 0.690625 0.5328125 0.6703125 0.5234375 0.66875 0.5203125 0.671875 0.5234375 0.6890625 0.5375 0.690625
0 0.6328125 0.70625 0.634375 0.7 0.6125 0.6953125 0.60625 0.7 0.603125 0.709375 0.6140625 0.7125 0.6328125 0.70625
0 0.6515625 0.709375 0.009375 0.021875
0 0.8265625 0.73125 0.846875 0.734375 0.846875 0.715625 0.8234375 0.71875 0.8203125 0.725 0.8265625 0.73125
0 0.846875 0.7390625 0.8234375 0.7484375 0.8234375 0.75625 0.8484375 0.759375 0.846875 0.7390625
0 0.8296875 0.7796875 0.8265625 0.784375 0.8265625 0.790625 0.834375 0.7953125 0.86875 0.7921875 0.853125 0.7703125 0.8296875 0.7796875
0 0.8609375 0.81875 0.859375 0.83125 0.865625 0.834375 0.8828125 0.834375 0.9 0.8296875 0.9078125 0.825 0.9078125 0.8171875 0.878125 0.8046875 0.86875 0.815625 0.8609375 0.81875
0 0.3109375 0.8578125 0.29375 0.865625 0.296875 0.8796875 0.30625 0.890625 0.3125 0.89375 0.325 0.89375 0.33125 0.8890625 0.33125 0.88125 0.3171875 0.8578125 0.3109375 0.8578125
0 0.5234375 0.93125 0.5234375 0.9203125 0.5171875 0.915625 0.5046875 0.915625 0.4875 0.9296875 0.4765625 0.9328125 0.4765625 0.953125 0.4859375 0.953125 0.515625 0.940625 0.5234375 0.93125
0 0.4109375 0.9375 0.3953125 0.9359375 0.40625 0.9515625 0.4109375 0.9375
0 0.1015625 0.909375 0.1078125 0.915625 0.153125 0.9171875 0.16875 0.9109375 0.171875 0.9078125 0.171875 0.9 0.1671875 0.89375 0.1546875 0.890625 0.140625 0.8828125 0.1359375 0.884375 0.1265625 0.89375 0.1171875 0.8984375 0.1046875 0.9015625 0.1015625 0.909375
0 0.1328125 0.8703125 0.140625 0.88125 0.1515625 0.8828125 0.1625 0.8703125 0.159375 0.8640625 0.15 0.859375 0.1359375 0.8609375 0.1328125 0.8703125
2 0.65 0.4109375 0.625 0.4046875 0.625 0.4109375 0.65 0.4109375
0 0.5828125 0.6609375 0.575 0.646875 0.571875 0.659375 0.5828125 0.6609375
0 0.9453125 0.625 0.9296875 0.6265625 0.9265625 0.6328125 0.94375 0.63125 0.9453125 0.625