3 0.721875 0.953125 0.300000 0.943750
3 0.718750 0.898438 0.295312 0.895312
3 0.629687 0.823438 0.370312 0.839063
3 0.618750 0.678125 0.370312 0.693750
2 0.625000 0.846875 0.365625 0.848437
0 0.387500 0.695312 0.584375 0.698438
0 0.364062 0.695312 0.637500 0.704688
0 0.365625 0.835938 0.642188 0.817187
0 0.353125 0.843750 0.667188 0.843750
0 0.275000 0.839063 0.731250 0.839063
0 0.210938 0.904687 0.784375 0.909375
0 0.120313 0.973437 0.879687 0.990625
1 0.523438 0.725000 0.475000 0.717187
2 0.656250 0.970313 0.340625 0.967187
2 0.612500 0.920312 0.376563 0.917188
3 0.634375 0.915625 0.357812 0.920312
