3 0.9546875 0.3359375 0.9640625 0.328125 0.996875 0.3109375 0.996875 0.2671875 0.990625 0.2640625 0.98125 0.2625 0.9640625 0.26875 0.953125 0.278125 0.94375 0.3 0.94375 0.3203125 0.9484375 0.3359375 0.9546875 0.3359375
3 0.9125 0.31875 0.940625 0.309375 0.9484375 0.284375 0.946875 0.2796875 0.940625 0.2734375 0.9296875 0.26875 0.91875 0.26875 0.90625 0.2734375 0.8984375 0.28125 0.8953125 0.2953125 0.8953125 0.3265625 0.9015625 0.3265625 0.9125 0.31875
3 0.8515625 0.3296875 0.8375 0.3265625 0.828125 0.334375 0.821875 0.35625 0.8234375 0.3703125 0.8390625 0.3703125 0.8578125 0.359375 0.859375 0.340625 0.8515625 0.3296875
3 0.69375 0.34375 0.6828125 0.34375 0.675 0.3546875 0.6734375 0.371875 0.678125 0.38125 0.69375 0.3703125 0.703125 0.36875 0.7046875 0.35625 0.69375 0.34375
2 0.8265625 0.378125 0.846875 0.375 0.8484375 0.365625 0.8390625 0.3703125 0.8234375 0.3703125 0.8265625 0.378125
0 0.6734375 0.6296875 0.6875 0.6328125 0.690625 0.63125 0.6953125 0.6125 0.6984375 0.584375 0.6921875 0.58125 0.6796875 0.58125 0.6734375 0.6296875
0 0.709375 0.5828125 0.70625 0.5796875 0.7 0.5828125 0.6875 0.5796875 0.6796875 0.58125 0.671875 0.63125 0.6828125 0.6390625 0.690625 0.6390625 0.6953125 0.6359375 0.7046875 0.6375 0.7140625 0.628125 0.709375 0.61875 0.709375 0.5828125
0 0.840625 0.65 0.8359375 0.634375 0.8171875 0.6421875 0.8265625 0.6515625 0.8390625 0.653125 0.840625 0.65
0 0.84375 0.646875 0.84375 0.6671875 0.8625 0.6671875 0.8625 0.65 0.84375 0.646875
0 0.8765625 0.734375 0.878125 0.715625 0.8671875 0.7046875 0.859375 0.7140625 0.84375 0.7203125 0.8390625 0.725 0.8390625 0.73125 0.853125 0.7390625 0.8734375 0.7390625 0.8765625 0.734375
0 0.8859375 0.7765625 0.8734375 0.765625 0.846875 0.7765625 0.85 0.7859375 0.8671875 0.7921875 0.8921875 0.7921875 0.9046875 0.7890625 0.909375 0.784375 0.909375 0.7734375 0.9015625 0.7765625 0.8859375 0.7765625
0 0.98125 0.871875 0.98125 0.8671875 0.975 0.871875 0.95625 0.865625 0.95 0.8578125 0.9453125 0.8421875 0.9390625 0.8375 0.925 0.8375 0.91875 0.8421875 0.9234375 0.8578125 0.940625 0.86875 0.953125 0.86875 0.9734375 0.8796875 0.990625 0.8796875 0.996875 0.8765625 0.996875 0.871875 0.98125 0.871875
1 0.728125 0.4921875 0.725 0.4765625 0.7171875 0.475 0.7125 0.496875 0.721875 0.5015625 0.728125 0.4921875
2 0.953125 0.3390625 0.95625 0.3484375 0.9703125 0.34375 0.9671875 0.340625 0.9703125 0.33125 0.959375 0.334375 0.953125 0.3390625
2 0.9171875 0.3765625 0.9046875 0.378125 0.9203125 0.3875 0.9171875 0.3765625
3 0.903125 0.375 0.915625 0.375 0.915625 0.365625 0.9203125 0.3578125 0.9046875 0.346875 0.9015625 0.3515625 0.903125 0.375