3 0.845313 0.135937 0.153125 0.140625
3 0.800000 0.385937 0.195312 0.378125
3 0.773438 0.415625 0.221875 0.407813
3 0.642188 0.396875 0.378125 0.404687
3 0.954688 0.560937 0.026562 0.556250
3 0.871875 0.629687 0.110937 0.642188
1 0.726562 0.084375 0.264062 0.082812
0 0.576562 0.090625 0.407813 0.076563
0 0.581250 0.118750 0.420312 0.101562
0 0.559375 0.300000 0.454688 0.300000
0 0.556250 0.348438 0.442188 0.320312
0 0.692187 0.665625 0.309375 0.651563
0 0.715625 0.696875 0.267188 0.696875
0 0.445312 0.465625 0.554688 0.454688
1 0.815625 0.515625 0.170313 0.521875
1 0.665625 0.382812 0.346875 0.376563
0 0.445312 0.453125 0.546875 0.446875
2 0.604688 0.428125 0.385937 0.429688
