3 0.303125 0.640625 0.690625 0.364063
3 0.134375 0.643750 0.856250 0.343750
3 0.045312 0.673438 0.957812 0.309375
3 0.037500 0.650000 0.967187 0.350000
3 0.085938 0.629687 0.915625 0.395313
2 0.165625 0.609375 0.839063 0.396875
0 0.304688 0.400000 0.689063 0.601562
0 0.289062 0.351562 0.721875 0.650000
0 0.170312 0.335938 0.837500 0.668750
0 0.142188 0.335938 0.854688 0.682813
0 0.150000 0.253125 0.853125 0.753125
0 0.107812 0.262500 0.879687 0.725000
0 0.114062 0.214063 0.864062 0.790625
0 0.018750 0.107812 0.968750 0.887500
1 0.276563 0.501563 0.709375 0.507812
