3 0.089063 0.684375 0.098437 0.317188
3 0.190625 0.493750 0.154688 0.501563
3 0.028125 0.431250 0.053125 0.560937
3 0.132812 0.478125 0.170313 0.528125
0 0.662500 0.751563 0.681250 0.248438
0 0.782813 0.653125 0.795312 0.346875
0 0.785937 0.392188 0.795312 0.625000
0 0.775000 0.329688 0.743750 0.665625
0 0.604688 0.450000 0.617188 0.540625
0 0.610938 0.576562 0.618750 0.429688
1 0.528125 0.407813 0.523438 0.598437
1 0.465625 0.317187 0.460938 0.698438
1 0.378125 0.479688 0.375000 0.534375
1 0.387500 0.501563 0.376563 0.510938
1 0.387500 0.515625 0.367188 0.485938
2 0.142187 0.617188 0.132812 0.378125
2 0.084375 0.412500 0.078125 0.585938
2 0.171875 0.432813 0.164062 0.560937
2 0.206250 0.500000 0.203125 0.473438
