3 0.3328125 0.09375 0.3359375 0.0921875 0.34375 0.0953125 0.365625 0.115625 0.38125 0.1390625 0.384375 0.140625 0.3890625 0.1296875 0.3875 0.0921875 0.3796875 0.0765625 0.371875 0.0671875 0.3578125 0.059375 0.35 0.059375 0.3375 0.0671875 0.3265625 0.08125 0.3171875 0.084375 0.315625 0.0890625 0.3171875 0.0984375 0.325 0.10625 0.328125 0.10625 0.3328125 0.09375
3 0.4796875 0.1359375 0.4734375 0.1421875 0.4734375 0.2015625 0.5 0.2046875 0.50625 0.190625 0.5015625 0.1546875 0.49375 0.1421875 0.484375 0.1359375 0.4796875 0.1359375
3 0.5625 0.1015625 0.5671875 0.1015625 0.58125 0.0765625 0.5953125 0.065625 0.6015625 0.065625 0.609375 0.0703125 0.625 0.0703125 0.625 0.065625 0.63125 0.05625 0.63125 0.0484375 0.628125 0.0453125 0.621875 0.0265625 0.6125 0.0171875 0.603125 0.0125 0.5875 0.0109375 0.58125 0.0140625 0.56875 0.028125 0.5609375 0.053125 0.5625 0.0859375 0.559375 0.096875 0.5625 0.1015625
3 0.571875 0.1234375 0.5703125 0.1109375 0.5671875 0.10625 0.5609375 0.1046875 0.5578125 0.1015625 0.55625 0.09375 0.55 0.090625 0.540625 0.0921875 0.53125 0.0984375 0.5234375 0.1125 0.521875 0.1328125 0.528125 0.1703125 0.54375 0.1625 0.5703125 0.13125 0.571875 0.1234375
0 0.246875 0.7203125 0.2578125 0.7203125 0.275 0.7078125 0.28125 0.70625 0.2984375 0.690625 0.3015625 0.684375 0.296875 0.6671875 0.2796875 0.665625 0.28125 0.628125 0.2625 0.628125 0.2578125 0.6234375 0.2546875 0.6265625 0.2484375 0.6625 0.2484375 0.68125 0.2390625 0.70625 0.240625 0.7140625 0.246875 0.7203125
0 0.365625 0.8 0.3796875 0.7875 0.403125 0.7796875 0.421875 0.7625 0.4203125 0.7453125 0.4125 0.7359375 0.4 0.7328125 0.3890625 0.7375 0.384375 0.73125 0.3828125 0.6828125 0.35625 0.6875 0.3515625 0.690625 0.3515625 0.759375 0.346875 0.7828125 0.346875 0.7953125 0.3484375 0.8 0.3515625 0.8015625 0.365625 0.8
0 0.6421875 0.7640625 0.625 0.7640625 0.6140625 0.7609375 0.603125 0.7484375 0.6 0.7359375 0.5734375 0.7359375 0.5671875 0.7421875 0.565625 0.759375 0.5703125 0.76875 0.584375 0.7796875 0.6078125 0.7859375 0.625 0.7953125 0.6359375 0.7953125 0.640625 0.7890625 0.6421875 0.7640625
0 0.64375 0.7765625 0.6609375 0.7875 0.6703125 0.775 0.665625 0.74375 0.6484375 0.74375 0.64375 0.7484375 0.64375 0.7765625
0 0.5734375 0.61875 0.584375 0.61875 0.590625 0.609375 0.5890625 0.5875 0.5859375 0.58125 0.571875 0.5828125 0.565625 0.58125 0.5625 0.596875 0.55 0.6046875 0.540625 0.6171875 0.5421875 0.625 0.5578125 0.628125 0.5734375 0.61875
0 0.4484375 0.596875 0.4546875 0.590625 0.4546875 0.578125 0.45 0.565625 0.440625 0.56875 0.4359375 0.5671875 0.428125 0.58125 0.4234375 0.6109375 0.4296875 0.61875 0.4390625 0.615625 0.44375 0.6109375 0.4484375 0.596875
1 0.59375 0.46875 0.5859375 0.46875 0.5734375 0.459375 0.565625 0.4875 0.5671875 0.509375 0.5734375 0.5203125 0.5921875 0.528125 0.5984375 0.5234375 0.5953125 0.50625 0.596875 0.471875 0.59375 0.46875
1 0.7015625 0.4234375 0.69375 0.428125 0.6859375 0.428125 0.6796875 0.4578125 0.6828125 0.465625 0.6984375 0.4609375 0.703125 0.4546875 0.7046875 0.4296875 0.7015625 0.4234375
1 0.5296875 0.3296875 0.5171875 0.3359375 0.5125 0.34375 0.5125 0.365625 0.5203125 0.378125 0.534375 0.375 0.540625 0.3546875 0.5390625 0.3390625 0.5296875 0.3296875
1 0.4859375 0.35625 0.4875 0.3875 0.4984375 0.3875 0.5109375 0.3765625 0.509375 0.35 0.496875 0.3484375 0.4859375 0.35625
1 0.459375 0.3546875 0.45 0.3609375 0.446875 0.3734375 0.459375 0.3890625 0.4796875 0.390625 0.484375 0.3875 0.4859375 0.3671875 0.48125 0.359375 0.4703125 0.3546875 0.459375 0.3546875
2 0.378125 0.1578125 0.3859375 0.1390625 0.3828125 0.1421875 0.378125 0.1328125 0.3671875 0.125 0.3765625 0.14375 0.378125 0.1578125
2 0.58125 0.096875 0.5875 0.084375 0.5859375 0.078125 0.5703125 0.090625 0.56875 0.1046875 0.58125 0.096875
2 0.571875 0.1484375 0.565625 0.1453125 0.5703125 0.1375 0.5375 0.1671875 0.5390625 0.178125 0.5515625 0.171875 0.5671875 0.171875 0.5609375 0.1640625 0.565625 0.1640625 0.5671875 0.1515625 0.571875 0.1484375
2 0.4953125 0.21875 0.5 0.20625 0.4734375 0.203125 0.4734375 0.215625 0.475 0.209375 0.4953125 0.21875