3 0.093750 0.667188 0.092188 0.335938
3 0.135937 0.520312 0.142187 0.473438
3 0.101562 0.437500 0.101562 0.567187
3 0.123438 0.428125 0.110937 0.570312
0 0.720313 0.753125 0.720313 0.257812
0 0.800000 0.634375 0.787500 0.379688
0 0.764062 0.357812 0.764062 0.625000
0 0.776563 0.356250 0.787500 0.660937
0 0.618750 0.426562 0.618750 0.584375
0 0.596875 0.551562 0.590625 0.454688
1 0.468750 0.406250 0.468750 0.585938
1 0.423438 0.298438 0.428125 0.693750
1 0.329688 0.470313 0.335938 0.517188
1 0.356250 0.514062 0.387500 0.487500
1 0.354687 0.540625 0.360938 0.450000
2 0.157812 0.621875 0.139063 0.385937
2 0.096875 0.418750 0.084375 0.587500
2 0.148438 0.428125 0.145313 0.565625
2 0.218750 0.504687 0.206250 0.500000
