3 0.667188 0.906250 0.335938 0.092188
3 0.520312 0.864062 0.473438 0.142187
3 0.437500 0.898438 0.567187 0.101562
3 0.428125 0.876563 0.570312 0.110937
0 0.753125 0.279687 0.257812 0.720313
0 0.634375 0.200000 0.379688 0.787500
0 0.357812 0.235938 0.625000 0.764062
0 0.356250 0.223437 0.660937 0.787500
0 0.426562 0.381250 0.584375 0.618750
0 0.551562 0.403125 0.454688 0.590625
1 0.406250 0.531250 0.585938 0.468750
1 0.298438 0.576562 0.693750 0.428125
1 0.470313 0.670312 0.517188 0.335938
1 0.514062 0.643750 0.487500 0.387500
1 0.540625 0.645312 0.450000 0.360938
2 0.621875 0.842187 0.385937 0.139063
2 0.418750 0.903125 0.587500 0.084375
2 0.428125 0.851562 0.565625 0.145313
2 0.504687 0.781250 0.500000 0.206250
