3 0.910937 0.315625 0.098437 0.317188
3 0.809375 0.506250 0.154688 0.501563
3 0.971875 0.568750 0.053125 0.560937
3 0.867188 0.521875 0.170313 0.528125
0 0.337500 0.248438 0.681250 0.248438
0 0.217187 0.346875 0.795312 0.346875
0 0.214063 0.607812 0.795312 0.625000
0 0.225000 0.670312 0.743750 0.665625
0 0.395312 0.550000 0.617188 0.540625
0 0.389062 0.423438 0.618750 0.429688
1 0.471875 0.592187 0.523438 0.598437
1 0.534375 0.682813 0.460938 0.698438
1 0.621875 0.520312 0.375000 0.534375
1 0.612500 0.498437 0.376563 0.510938
1 0.612500 0.484375 0.367188 0.485938
2 0.857812 0.382812 0.132812 0.378125
2 0.915625 0.587500 0.078125 0.585938
2 0.828125 0.567187 0.164062 0.560937
2 0.793750 0.500000 0.203125 0.473438
