3 0.906250 0.332813 0.092188 0.335938
3 0.864062 0.479687 0.142187 0.473438
3 0.898438 0.562500 0.101562 0.567187
3 0.876563 0.571875 0.110937 0.570312
0 0.279687 0.246875 0.720313 0.257812
0 0.200000 0.365625 0.787500 0.379688
0 0.235938 0.642188 0.764062 0.625000
0 0.223437 0.643750 0.787500 0.660937
0 0.381250 0.573438 0.618750 0.584375
0 0.403125 0.448437 0.590625 0.454688
1 0.531250 0.593750 0.468750 0.585938
1 0.576562 0.701562 0.428125 0.693750
1 0.670312 0.529687 0.335938 0.517188
1 0.643750 0.485938 0.387500 0.487500
1 0.645312 0.459375 0.360938 0.450000
2 0.842187 0.378125 0.139063 0.385937
2 0.903125 0.581250 0.084375 0.587500
2 0.851562 0.571875 0.145313 0.565625
2 0.781250 0.495312 0.206250 0.500000
