3 0.684375 0.910937 0.317188 0.098437
3 0.493750 0.809375 0.501563 0.154688
3 0.431250 0.971875 0.560937 0.053125
3 0.478125 0.867188 0.528125 0.170313
0 0.751563 0.337500 0.248438 0.681250
0 0.653125 0.217187 0.346875 0.795312
0 0.392188 0.214063 0.625000 0.795312
0 0.329688 0.225000 0.665625 0.743750
0 0.450000 0.395312 0.540625 0.617188
0 0.576562 0.389062 0.429688 0.618750
1 0.407813 0.471875 0.598437 0.523438
1 0.317187 0.534375 0.698438 0.460938
1 0.479688 0.621875 0.534375 0.375000
1 0.501563 0.612500 0.510938 0.376563
1 0.515625 0.612500 0.485938 0.367188
2 0.617188 0.857812 0.378125 0.132812
2 0.412500 0.915625 0.585938 0.078125
2 0.432813 0.828125 0.560937 0.164062
2 0.500000 0.793750 0.473438 0.203125
