3 0.729688 0.703125 0.284375 0.312500
2 0.715665 0.684455 0.282813 0.371875
5 1.000000 0.579390 0.031250 0.426563
3 0.642188 0.545312 0.356250 0.460938
5 0.745313 0.484375 0.234375 0.535937
1 0.809375 0.132812 0.195312 0.885938
0 0.615625 0.081250 0.406250 0.912500
0 0.884375 0.087500 0.095312 0.935937
0 0.834375 0.050000 0.192188 0.950000
0 0.248437 0.134375 0.748437 0.878125
0 0.378125 0.085938 0.592187 0.907813
5 0.371875 0.490625 0.620313 0.517188
2 0.442187 0.535937 0.565625 0.475000
3 0.443750 0.635938 0.548438 0.382812
