3 0.278125 0.650000 0.285938 0.357812
3 0.331250 0.437500 0.323437 0.567187
3 0.323437 0.331250 0.345313 0.670312
2 0.345313 0.437500 0.335938 0.564063
2 0.304688 0.651563 0.296875 0.351562
1 0.450000 0.734375 0.442188 0.278125
1 0.537500 0.429688 0.545312 0.573438
1 0.545312 0.409375 0.521875 0.585938
1 0.557813 0.321875 0.570312 0.687500
1 0.548438 0.301562 0.581250 0.700000
1 0.582812 0.067187 0.578125 0.945312
0 0.835938 0.601562 0.832812 0.401562
0 0.775000 0.737500 0.804688 0.265625
0 0.834375 0.445312 0.782813 0.550000
0 0.818750 0.028125 0.821875 0.960938
0 0.823438 0.065625 0.826562 0.934375
5 0.451562 0.493750 0.490625 0.518750
5 0.500000 0.715625 0.512500 0.278125
5 0.415625 0.762500 0.435937 0.234375
5 0.378125 0.329688 0.404687 0.668750
5 0.496875 0.064063 0.542188 0.929688
