3 0.3140625 0.4359375 0.3265625 0.428125 0.365625 0.4109375 0.3703125 0.4046875 0.3703125 0.396875 0.3640625 0.3890625 0.3578125 0.3734375 0.3515625 0.3640625 0.3390625 0.3546875 0.325 0.35625 0.3140625 0.3703125 0.3109375 0.3859375 0.3109375 0.40625 0.30625 0.425 0.30625 0.4328125 0.309375 0.4359375 0.3140625 0.4359375
3 0.459375 0.5171875 0.4640625 0.5171875 0.4875 0.5328125 0.490625 0.5328125 0.4921875 0.5125 0.5 0.4921875 0.5 0.475 0.490625 0.4578125 0.4828125 0.453125 0.471875 0.4515625 0.4578125 0.459375 0.4453125 0.475 0.44375 0.4796875 0.4453125 0.4921875 0.4421875 0.496875 0.4421875 0.5046875 0.446875 0.5109375 0.459375 0.5171875
3 0.6203125 0.4765625 0.6078125 0.475 0.6015625 0.4796875 0.596875 0.4890625 0.596875 0.5140625 0.6046875 0.51875 0.6265625 0.5171875 0.6328125 0.5109375 0.6296875 0.4859375 0.6203125 0.4765625
3 0.8328125 0.528125 0.83125 0.5515625 0.859375 0.5515625 0.8625 0.540625 0.8578125 0.5234375 0.8484375 0.515625 0.8390625 0.5171875 0.8328125 0.528125
2 0.85625 0.5546875 0.8359375 0.5578125 0.8375 0.5703125 0.85625 0.571875 0.85625 0.5546875
3 0.6703125 0.6203125 0.6703125 0.6359375 0.675 0.6453125 0.6875 0.646875 0.69375 0.6140625 0.690625 0.609375 0.6765625 0.6078125 0.6703125 0.6203125
0 0.346875 0.9890625 0.34375 0.996875 0.3796875 0.996875 0.375 0.9640625 0.353125 0.9625 0.346875 0.978125 0.346875 0.9890625
0 0.4390625 0.9734375 0.4328125 0.9609375 0.4125 0.9640625 0.409375 0.975 0.40625 0.9796875 0.40625 0.9875 0.409375 0.990625 0.421875 0.9890625 0.4375 0.98125 0.4390625 0.9734375
0 0.8640625 0.89375 0.8640625 0.8796875 0.85625 0.8671875 0.846875 0.8671875 0.8515625 0.9046875 0.8640625 0.89375
0 0.753125 0.9078125 0.7640625 0.8984375 0.7640625 0.890625 0.7578125 0.88125 0.746875 0.878125 0.7421875 0.8984375 0.753125 0.9078125
0 0.73125 0.88125 0.71875 0.9078125 0.7203125 0.9109375 0.740625 0.90625 0.74375 0.903125 0.7453125 0.890625 0.740625 0.8796875 0.73125 0.88125
0 0.496875 0.9625 0.49375 0.971875 0.525 0.96875 0.53125 0.9640625 0.53125 0.95625 0.5265625 0.953125 0.496875 0.9625