5 1.000000 0.003125 0.009375 0.996875
5 0.595313 0.282813 0.395313 0.709375
5 0.587500 0.564063 0.401562 0.450000
5 0.285937 0.604688 0.718750 0.404687
5 0.175000 0.523438 0.831250 0.525000
1 0.073438 0.262500 0.929688 0.745313
2 0.203125 0.678125 0.804688 0.335938
3 0.206250 0.732812 0.796875 0.281250
3 0.928125 0.707812 0.060937 0.304688
3 0.575000 0.731250 0.421875 0.298438
3 0.282813 0.731250 0.707812 0.279687
2 0.850000 0.585938 0.160938 0.418750
2 0.501563 0.664062 0.459375 0.335938
1 0.140625 0.176562 0.851562 0.828125
