3 0.225000 0.782813 0.237500 0.210938
3 0.279687 0.489062 0.275000 0.514062
3 0.210938 0.195312 0.214062 0.801562
3 0.334375 0.101562 0.334375 0.890625
5 0.362500 0.198438 0.379688 0.807813
5 0.554688 0.106250 0.573438 0.889062
5 0.439063 0.070312 0.432812 0.925000
5 0.385937 0.500000 0.401562 0.490625
5 0.495312 0.846875 0.498437 0.156250
1 0.715625 0.640625 0.718750 0.359375
2 0.379688 0.496875 0.376563 0.518750
1 0.785937 0.082812 0.785937 0.923438
1 0.537500 0.340625 0.537500 0.668750
0 0.925000 0.018750 0.923438 0.959375
0 0.626563 0.456250 0.628125 0.532813
0 0.643750 0.506250 0.645312 0.514062
