3 0.489062 0.737500 0.525000 0.268750
3 0.642188 0.848437 0.370312 0.157812
2 0.626563 0.839063 0.373437 0.175000
2 0.481250 0.731250 0.493750 0.251563
5 0.679688 0.434375 0.375000 0.589063
5 0.696875 0.681250 0.307812 0.312500
5 0.595313 0.696875 0.406250 0.309375
5 0.420312 0.676562 0.570312 0.326562
1 0.345313 0.434375 0.654687 0.532813
1 0.546875 0.406250 0.451562 0.659375
0 0.640625 0.025000 0.343750 0.987500
0 0.610938 0.060937 0.378125 0.951562
0 0.439063 0.067187 0.556250 0.970313
3 0.359375 0.585938 0.648438 0.423438
5 0.301562 0.598437 0.696875 0.396875
0 0.285937 0.476562 0.701562 0.526563
3 0.045312 0.692187 0.950000 0.312500
5 0.003125 0.560937 0.996875 0.426563
1 0.040625 0.528125 0.956250 0.451562
0 0.014062 0.409375 0.992188 0.589063
0 0.035937 0.423438 0.939063 0.570312
