3 0.218750 0.512500 0.228125 0.487500
3 0.114062 0.671875 0.125000 0.329688
2 0.160938 0.626563 0.175000 0.373437
2 0.287500 0.479688 0.287500 0.528125
5 0.517188 0.700000 0.518750 0.298438
5 0.282813 0.695312 0.310937 0.298438
5 0.265625 0.617188 0.278125 0.393750
5 0.306250 0.431250 0.309375 0.571875
1 0.548438 0.367188 0.553125 0.640625
1 0.660937 0.526563 0.637500 0.473438
0 0.987500 0.681250 0.996875 0.317188
0 0.973437 0.639062 0.982812 0.375000
0 0.932813 0.439063 0.970313 0.556250
3 0.410938 0.340625 0.403125 0.660937
5 0.417187 0.329688 0.439063 0.668750
0 0.534375 0.282813 0.523438 0.714063
3 0.342187 0.053125 0.328125 0.971875
5 0.392188 0.037500 0.442188 0.957812
1 0.475000 0.046875 0.471875 0.959375
0 0.582812 0.009375 0.576562 0.975000
0 0.579688 0.057813 0.576562 0.964063
