3 0.645312 0.753125 0.346875 0.231250
3 0.467187 0.717187 0.521875 0.300000
3 0.300000 0.670312 0.710938 0.314063
2 0.453125 0.650000 0.562500 0.345313
2 0.675000 0.718750 0.314063 0.281250
1 0.740625 0.589063 0.251563 0.410938
1 0.393750 0.451562 0.610938 0.545312
1 0.425000 0.453125 0.584375 0.550000
1 0.303125 0.460938 0.689063 0.525000
1 0.300000 0.418750 0.706250 0.545312
1 0.071875 0.456250 0.923438 0.554688
0 0.621875 0.164062 0.381250 0.837500
0 0.753125 0.159375 0.290625 0.837500
0 0.462500 0.160937 0.554688 0.834375
0 0.051562 0.162500 0.979688 0.837500
0 0.017188 0.171875 0.973437 0.815625
5 0.475000 0.484375 0.532813 0.515625
5 0.701562 0.476562 0.304688 0.521875
5 0.751563 0.550000 0.250000 0.445312
5 0.339063 0.481250 0.671875 0.526563
5 0.048438 0.440625 0.959375 0.551562
