3 0.817187 0.701562 0.204687 0.303125
3 0.492188 0.667188 0.517188 0.332813
3 0.282813 0.696875 0.720313 0.309375
2 0.754687 0.632812 0.259375 0.371875
2 0.481250 0.632812 0.525000 0.354687
2 0.270312 0.668750 0.734375 0.339062
5 0.882812 0.339063 0.114062 0.678125
5 0.935937 0.446875 0.060937 0.584375
5 0.853125 0.387500 0.176563 0.615625
5 0.576562 0.565625 0.418750 0.445312
5 0.242188 0.348437 0.743750 0.653125
5 0.309375 0.395312 0.696875 0.593750
5 0.117188 0.353125 0.878125 0.657813
5 0.228125 0.487500 0.768750 0.495312
1 0.759375 0.195312 0.225000 0.823438
1 0.457812 0.146875 0.548438 0.856250
1 0.362500 0.148438 0.640625 0.871875
1 0.106250 0.160937 0.898438 0.848437
