5 1.000000 0.003125 0.009375 0.996875
5 0.609375 0.128125 0.393750 0.879687
5 0.618750 0.446875 0.384375 0.578125
5 0.264062 0.607812 0.740625 0.395313
5 0.157813 0.493750 0.840625 0.504687
1 0.023438 0.250000 0.975000 0.735938
2 0.178125 0.693750 0.789062 0.301563
3 0.210938 0.701562 0.809375 0.304688
3 0.951562 0.678125 0.050000 0.325000
3 0.540625 0.665625 0.478125 0.334375
3 0.271875 0.714063 0.767188 0.284375
2 0.828125 0.623437 0.145313 0.365625
2 0.503125 0.645312 0.498437 0.335938
1 0.140625 0.131250 0.862500 0.885938
