3 0.881250 0.790625 0.146875 0.210938
3 0.535937 0.962500 0.431250 0.050000
3 0.184375 0.784375 0.831250 0.215625
2 0.143750 0.729688 0.882812 0.276562
2 0.565625 0.770312 0.448437 0.235937
2 0.726562 0.746875 0.253125 0.251563
5 0.732812 0.306250 0.267188 0.712500
5 0.714063 0.679688 0.279687 0.332813
5 1.000000 0.548438 0.003125 0.451562
5 0.257812 0.425000 0.748437 0.635938
5 0.246875 0.673438 0.737500 0.360938
5 0.051562 0.654687 0.951562 0.350000
1 0.625000 0.354688 0.448437 0.646875
1 0.468750 0.368750 0.489063 0.631250
1 1.000000 0.025000 0.001563 0.978125
