5 0.996875 1.000000 0.996875 0.009375
5 0.871875 0.609375 0.879687 0.393750
5 0.553125 0.618750 0.578125 0.384375
5 0.392188 0.264062 0.395313 0.740625
5 0.506250 0.157813 0.504687 0.840625
1 0.750000 0.023438 0.735938 0.975000
2 0.306250 0.178125 0.301563 0.789062
3 0.298438 0.210938 0.304688 0.809375
3 0.321875 0.951562 0.325000 0.050000
3 0.334375 0.540625 0.334375 0.478125
3 0.285938 0.271875 0.284375 0.767188
2 0.376563 0.828125 0.365625 0.145313
2 0.354687 0.503125 0.335938 0.498437
1 0.868750 0.140625 0.885938 0.862500
