3 0.229687 0.823438 0.218750 0.189062
3 0.250000 0.671875 0.254688 0.339062
3 0.225000 0.615625 0.240625 0.382812
3 0.143750 0.245313 0.160938 0.750000
2 0.237500 0.767188 0.228125 0.229687
2 0.251563 0.671875 0.251563 0.296875
2 0.243750 0.556250 0.235937 0.439063
2 0.192188 0.242188 0.195312 0.770312
1 0.368750 0.834375 0.376563 0.159375
1 0.514062 0.771875 0.512500 0.246875
1 0.495312 0.690625 0.500000 0.321875
1 0.339062 0.595313 0.343750 0.412500
1 0.335938 0.565625 0.345313 0.429688
1 0.317188 0.228125 0.306250 0.789062
1 0.351562 0.200000 0.343750 0.803125
0 0.814063 0.740625 0.815625 0.295312
0 0.718750 0.629687 0.729688 0.378125
0 0.712500 0.523438 0.696875 0.478125
0 0.835938 0.139062 0.839063 0.870313
