3 0.075000 0.971875 0.104688 0.032813
3 0.146875 0.845313 0.143750 0.157812
3 0.206250 0.835938 0.206250 0.217188
3 0.131250 0.714063 0.142187 0.301563
3 0.170313 0.540625 0.173437 0.467187
3 0.142187 0.339063 0.157812 0.667188
3 0.109375 0.145312 0.121875 0.873437
3 0.400000 0.476562 0.406250 0.525000
2 0.121875 0.889062 0.107813 0.107813
2 0.207813 0.792188 0.209375 0.178125
2 0.151562 0.695312 0.150000 0.321875
2 0.178125 0.520312 0.173437 0.489063
2 0.165625 0.326562 0.164062 0.692187
1 0.581250 0.982812 0.607812 0.018750
1 0.526563 0.846875 0.542188 0.148438
1 0.345313 0.851562 0.371875 0.151562
1 0.471875 0.787500 0.475000 0.220312
1 0.401562 0.718750 0.401562 0.285938
1 0.265625 0.598437 0.259375 0.406250
1 0.265625 0.507812 0.262500 0.500000
1 0.246875 0.481250 0.250000 0.506250
1 0.368750 0.392188 0.360938 0.610938
1 0.378125 0.251563 0.375000 0.751563
1 0.640625 0.365625 0.637500 0.651563
1 0.551562 0.468750 0.568750 0.534375
0 0.550000 0.106250 0.454688 0.890625
0 0.560937 0.192187 0.562500 0.820312
0 0.579688 0.273438 0.576562 0.729688
0 0.584375 0.343750 0.579688 0.664062
0 0.626563 0.540625 0.640625 0.456250
0 0.578125 0.650000 0.578125 0.376563
0 0.553125 0.696875 0.589063 0.304688
0 0.707812 0.753125 0.720313 0.254688
0 0.671875 0.851562 0.696875 0.148438
0 0.843750 0.945312 0.940625 0.059375
0 0.889062 0.909375 0.890625 0.129688
