3 0.721875 0.350000 0.285938 0.357812
3 0.668750 0.562500 0.323437 0.567187
3 0.676562 0.668750 0.345313 0.670312
2 0.654687 0.562500 0.335938 0.564063
2 0.695312 0.348438 0.296875 0.351562
1 0.550000 0.265625 0.442188 0.278125
1 0.462500 0.570312 0.545312 0.573438
1 0.454688 0.590625 0.521875 0.585938
1 0.442187 0.678125 0.570312 0.687500
1 0.451562 0.698438 0.581250 0.700000
1 0.417188 0.932813 0.578125 0.945312
0 0.164062 0.398438 0.832812 0.401562
0 0.225000 0.262500 0.804688 0.265625
0 0.165625 0.554688 0.782813 0.550000
0 0.181250 0.971875 0.821875 0.960938
0 0.176562 0.934375 0.826562 0.934375
5 0.548438 0.506250 0.490625 0.518750
5 0.500000 0.284375 0.512500 0.278125
5 0.584375 0.237500 0.435937 0.234375
5 0.621875 0.670312 0.404687 0.668750
5 0.503125 0.935937 0.542188 0.929688
