3 0.092187 0.909375 0.901563 0.109375
3 0.696875 0.778125 0.290625 0.245312
3 0.318750 0.914062 0.679688 0.128125
3 0.895312 0.909375 0.117188 0.089063
1 0.768750 0.178125 0.226562 0.834375
1 0.571875 0.223437 0.429688 0.804688
1 0.137500 0.346875 0.868750 0.656250
1 0.284375 0.476562 0.717187 0.531250
1 0.417188 0.510938 0.589063 0.507812
1 0.840625 0.670312 0.165625 0.329688
1 0.940625 0.717187 0.062500 0.246875
1 0.040625 0.518750 0.970313 0.495312
2 0.034375 0.821875 0.965625 0.193750
0 0.217187 0.198438 0.790625 0.765625
0 0.803125 0.453125 0.181250 0.543750
0 0.843750 0.509375 0.151562 0.481250
3 0.796875 0.879687 0.206250 0.126562
2 0.640625 0.657813 0.378125 0.340625
