5 0.692187 0.681250 0.673438 0.321875
5 0.603125 0.664062 0.659375 0.339062
5 0.829688 0.621875 0.868750 0.368750
5 0.771875 0.464063 0.773438 0.542188
5 0.793750 0.267188 0.803125 0.748437
5 0.787500 0.204688 0.795312 0.801562
5 0.706250 0.354688 0.698438 0.642188
5 0.687500 0.531250 0.681250 0.475000
5 0.651563 0.554688 0.637500 0.440625
5 0.671875 0.328125 0.664062 0.671875
5 0.671875 0.234375 0.646875 0.771875
5 0.673438 0.151563 0.678125 0.851562
5 0.685937 0.312500 0.664062 0.707812
3 0.517188 0.718750 0.518750 0.304688
3 0.496875 0.634375 0.492188 0.360938
3 0.493750 0.600000 0.504687 0.396875
3 0.537500 0.540625 0.512500 0.457813
3 0.495312 0.528125 0.503125 0.462500
3 0.500000 0.515625 0.496875 0.492188
3 0.531250 0.506250 0.551562 0.492188
3 0.553125 0.464063 0.581250 0.534375
3 0.517188 0.376563 0.523438 0.612500
3 0.509375 0.428125 0.485938 0.570312
3 0.481250 0.396875 0.500000 0.600000
3 0.492188 0.365625 0.518750 0.626563
3 0.495312 0.332812 0.500000 0.653125
3 0.526563 0.287500 0.503125 0.710938
3 0.475000 0.307813 0.490625 0.692187
3 0.468750 0.256250 0.490625 0.737500
3 0.518750 0.259375 0.523438 0.764062
3 0.507812 0.159375 0.482812 0.840625
2 0.509375 0.156250 0.509375 0.825000
2 0.717187 0.554688 0.717187 0.428125
2 0.606250 0.460938 0.601562 0.546875
2 0.654687 0.265625 0.634375 0.732812
2 0.612500 0.195312 0.620313 0.807813
2 0.535937 0.259375 0.545312 0.745313
2 0.534375 0.285937 0.528125 0.690625
2 0.548438 0.328125 0.539062 0.675000
2 0.551562 0.367188 0.548438 0.617188
2 0.510938 0.428125 0.510938 0.551562
2 0.500000 0.379687 0.503125 0.601562
2 0.512500 0.495313 0.503125 0.504687
2 0.550000 0.485938 0.554688 0.493750
2 0.509375 0.575000 0.512500 0.414062
2 0.529687 0.634375 0.531250 0.348438
2 0.520312 0.717187 0.529687 0.284375
1 0.556250 0.606250 0.560937 0.390625
1 0.737500 0.478125 0.764062 0.520312
1 0.810937 0.429688 0.781250 0.570312
0 0.885938 0.150000 0.885938 0.859375
0 0.950000 0.362500 0.967187 0.648438
0 0.906250 0.523438 0.917188 0.476562
0 0.906250 0.542188 0.909375 0.451562
0 0.946875 0.606250 0.970313 0.389062
0 0.996875 0.392188 0.970313 0.601562
0 0.996875 0.448438 0.981250 0.551562
0 0.931250 0.718750 0.918750 0.281250
0 0.912500 0.706250 0.920312 0.295312
0 0.895312 0.657813 0.906250 0.339062
