3 0.939063 0.901563 0.096875 0.100000
3 0.875000 0.892188 0.117188 0.121875
3 0.789062 0.828125 0.201563 0.150000
3 0.679688 0.901563 0.312500 0.087500
3 0.501563 0.859375 0.489063 0.132812
3 0.298438 0.854688 0.700000 0.114062
3 0.107812 0.890625 0.892188 0.087500
3 0.462500 0.567187 0.548438 0.442188
2 0.914062 0.875000 0.109375 0.135937
2 0.787500 0.784375 0.207813 0.207813
2 0.678125 0.850000 0.296875 0.142187
2 0.506250 0.842187 0.481250 0.164062
2 0.307813 0.835938 0.667188 0.159375
1 0.954688 0.368750 0.050000 0.637500
1 0.839063 0.446875 0.167187 0.551562
1 0.826562 0.654687 0.184375 0.339062
1 0.784375 0.571875 0.203125 0.435937
1 0.717187 0.646875 0.278125 0.350000
1 0.609375 0.764062 0.382812 0.248438
1 0.479688 0.746875 0.515625 0.239063
1 0.481250 0.753125 0.506250 0.250000
1 0.396875 0.681250 0.593750 0.317188
1 0.271875 0.664062 0.725000 0.342187
1 0.357812 0.417188 0.635938 0.576562
1 0.437500 0.426562 0.562500 0.562500
0 0.128125 0.464063 0.887500 0.550000
0 0.181250 0.459375 0.818750 0.526563
0 0.296875 0.484375 0.703125 0.531250
0 0.325000 0.492188 0.651563 0.503125
0 0.556250 0.328125 0.454688 0.671875
0 0.617188 0.443750 0.368750 0.557813
0 0.676562 0.421875 0.317188 0.545312
0 0.734375 0.267188 0.276562 0.729688
0 0.860938 0.259375 0.142187 0.745313
0 0.887500 0.040625 0.115625 0.954688
0 0.843750 0.123437 0.160938 0.868750
