3 0.971875 0.828125 0.026562 0.179688
3 0.395312 0.826562 0.598437 0.190625
3 0.154687 0.853125 0.821875 0.168750
2 0.132812 0.585938 0.867188 0.400000
2 0.345313 0.709375 0.632812 0.275000
2 0.790625 0.726562 0.218750 0.275000
1 0.932813 0.179688 0.071875 0.823438
1 0.775000 0.248437 0.226562 0.725000
1 0.726562 0.395312 0.251563 0.607812
1 0.518750 0.237500 0.481250 0.768750
1 0.476562 0.271875 0.532813 0.726562
5 0.162500 0.304688 0.826562 0.720313
5 0.210938 0.395312 0.785937 0.620313
5 0.342187 0.535937 0.653125 0.482812
5 1.000000 0.291406 0.004687 0.710938
5 0.800000 0.631250 0.193750 0.373437
5 0.434375 0.700000 0.560937 0.300000
3 0.418750 0.709375 0.568750 0.271875
