5 0.29375 0.3921875 0.2921875 0.40625 0.290625 0.4078125 0.290625 0.4171875 0.29375 0.41875 0.309375 0.4015625 0.3203125 0.396875 0.3234375 0.39375 0.3375 0.3890625 0.3515625 0.3875 0.353125 0.3859375 0.359375 0.3859375 0.3609375 0.3875 0.371875 0.4171875 0.371875 0.434375 0.365625 0.4484375 0.3578125 0.4578125 0.346875 0.4640625 0.3390625 0.471875 0.3328125 0.4921875 0.328125 0.4984375 0.3171875 0.5015625 0.3140625 0.5109375 0.315625 0.515625 0.3203125 0.515625 0.328125 0.5203125 0.334375 0.5265625 0.3421875 0.5390625 0.353125 0.5453125 0.359375 0.54375 0.36875 0.534375 0.3765625 0.5234375 0.3796875 0.521875 0.3859375 0.5140625 0.4 0.5046875 0.409375 0.5046875 0.425 0.4984375 0.434375 0.4890625 0.4484375 0.484375 0.4625 0.4703125 0.4625 0.4578125 0.4375 0.4296875 0.43125 0.4203125 0.421875 0.4125 0.4109375 0.4078125 0.403125 0.3984375 0.3890625 0.3875 0.3546875 0.3671875 0.340625 0.365625 0.3078125 0.3515625 0.2953125 0.35 0.290625 0.35625 0.290625 0.3640625 0.2953125 0.3765625 0.2953125 0.390625 0.29375 0.3921875
5 0.43125 0.1578125 0.4265625 0.16875 0.4265625 0.1796875 0.428125 0.18125 0.428125 0.2015625 0.434375 0.2078125 0.440625 0.20625 0.465625 0.1875 0.4703125 0.1796875 0.4875 0.1640625 0.484375 0.1578125 0.465625 0.140625 0.45 0.13125 0.4265625 0.1234375 0.4203125 0.1296875 0.4265625 0.13125 0.4328125 0.140625 0.43125 0.1578125
3 0.1921875 0.3265625 0.1921875 0.3328125 0.1890625 0.3421875 0.1890625 0.35625 0.1921875 0.3640625 0.19375 0.3828125 0.1875 0.396875 0.1875 0.40625 0.19375 0.41875 0.2015625 0.4234375 0.20625 0.4234375 0.2078125 0.425 0.2203125 0.4234375 0.2515625 0.3890625 0.2734375 0.3671875 0.28125 0.3625 0.2890625 0.353125 0.290625 0.334375 0.275 0.303125 0.2625 0.2875 0.246875 0.278125 0.2296875 0.2796875 0.2171875 0.2859375 0.203125 0.3015625 0.1921875 0.3265625
3 0.3765625 0.1515625 0.3859375 0.1640625 0.3890625 0.159375 0.39375 0.1375 0.4 0.13125 0.40625 0.1296875 0.403125 0.1203125 0.39375 0.115625 0.3828125 0.1171875 0.3765625 0.1296875 0.375 0.1375 0.3765625 0.1515625
1 0.403125 0.2578125 0.396875 0.2828125 0.40625 0.2890625 0.4125 0.259375 0.403125 0.2578125
1 0.1203125 0.6703125 0.1078125 0.678125 0.0984375 0.7 0.0984375 0.7140625 0.1078125 0.7203125 0.1140625 0.7171875 0.1296875 0.71875 0.134375 0.7125 0.1515625 0.696875 0.159375 0.6875 0.1609375 0.6828125 0.171875 0.6734375 0.171875 0.6703125 0.1546875 0.65 0.1515625 0.65 0.1453125 0.659375 0.1390625 0.6640625 0.1203125 0.6703125
1 0.13125 0.5828125 0.140625 0.5921875 0.146875 0.5921875 0.153125 0.5828125 0.175 0.5859375 0.1796875 0.5765625 0.1796875 0.55625 0.171875 0.546875 0.1640625 0.5234375 0.1515625 0.509375 0.14375 0.5109375 0.1375 0.5234375 0.1328125 0.546875 0.13125 0.5828125
0 0.3265625 0.878125 0.3390625 0.8828125 0.3484375 0.890625 0.353125 0.890625 0.3578125 0.8859375 0.3609375 0.8765625 0.3609375 0.8515625 0.3484375 0.846875 0.328125 0.81875 0.3125 0.81875 0.3 0.815625 0.2875 0.8296875 0.2875 0.8390625 0.290625 0.8453125 0.3265625 0.878125
0 0.4765625 0.921875 0.484375 0.9109375 0.484375 0.9015625 0.4796875 0.8921875 0.46875 0.8953125 0.453125 0.8953125 0.446875 0.89375 0.4359375 0.884375 0.4265625 0.8859375 0.4203125 0.88125 0.4140625 0.88125 0.40625 0.89375 0.40625 0.8984375 0.409375 0.9015625 0.4546875 0.925 0.4765625 0.921875
2 0.24375 0.4296875 0.253125 0.4203125 0.259375 0.403125 0.265625 0.4015625 0.265625 0.39375 0.25 0.3953125 0.2234375 0.421875 0.2234375 0.4265625 0.24375 0.4296875
2 0.3890625 0.159375 0.396875 0.165625 0.39375 0.1484375 0.3890625 0.159375
0 0.4484375 0.3671875 0.45 0.359375 0.43125 0.346875 0.415625 0.3484375 0.4140625 0.35625 0.4265625 0.365625 0.44375 0.3703125 0.4484375 0.3671875
0 0.5359375 0.3328125 0.53125 0.3265625 0.5171875 0.3359375 0.525 0.3484375 0.5359375 0.3453125 0.5359375 0.3328125