3 1.000000 0.371250 0.006250 0.368750
3 0.850000 0.581250 0.164062 0.579688
2 0.909375 0.378125 0.112500 0.381250
5 0.653125 0.351562 0.370312 0.357812
5 0.812500 0.321875 0.204687 0.321875
5 0.846875 0.460938 0.175000 0.439063
1 0.548438 0.348438 0.460938 0.357812
1 0.526563 0.401562 0.485938 0.392188
1 0.437500 0.451562 0.564063 0.482812
1 0.435937 0.651563 0.570312 0.660937
0 0.053125 0.704688 0.943750 0.707812
1 0.404687 0.921875 0.592187 0.928125
5 0.643750 0.965625 0.403125 0.964063
5 0.740625 0.703125 0.318750 0.696875
3 0.895312 0.981250 0.139063 0.967187
2 0.734375 0.610938 0.264062 0.625000
