3 0.753125 0.354687 0.231250 0.346875
3 0.717187 0.532813 0.300000 0.521875
3 0.670312 0.700000 0.314063 0.710938
2 0.650000 0.546875 0.345313 0.562500
2 0.718750 0.325000 0.281250 0.314063
1 0.589063 0.259375 0.410938 0.251563
1 0.451562 0.606250 0.545312 0.610938
1 0.453125 0.575000 0.550000 0.584375
1 0.460938 0.696875 0.525000 0.689063
1 0.418750 0.700000 0.545312 0.706250
1 0.456250 0.928125 0.554688 0.923438
0 0.164062 0.378125 0.837500 0.381250
0 0.159375 0.246875 0.837500 0.290625
0 0.160937 0.537500 0.834375 0.554688
0 0.162500 0.948438 0.837500 0.979688
0 0.171875 0.982812 0.815625 0.973437
5 0.484375 0.525000 0.515625 0.532813
5 0.476562 0.298438 0.521875 0.304688
5 0.550000 0.248438 0.445312 0.250000
5 0.481250 0.660937 0.526563 0.671875
5 0.440625 0.951562 0.551562 0.959375
