3 0.376563 0.704688 0.381250 0.314063
3 0.260937 0.571875 0.278125 0.412500
3 0.240625 0.068750 0.232813 0.923438
2 0.310937 0.156250 0.303125 0.862500
1 0.879687 0.350000 0.882812 0.648438
1 0.840625 0.385938 0.857812 0.618750
1 0.937500 0.621875 0.926562 0.370312
2 0.421875 0.732812 0.431250 0.275000
2 0.425000 0.578125 0.429688 0.432812
5 0.996875 1.000000 0.996875 0.112500
5 0.728281 1.000000 0.729688 0.014063
5 0.678125 0.868750 0.717187 0.132812
5 0.970313 0.617188 0.982812 0.382812
5 0.903125 0.795312 0.910937 0.207813
5 0.609375 0.525000 0.618750 0.462500
5 0.559375 0.679688 0.568750 0.309375
