3 0.901563 0.060937 0.100000 0.096875
3 0.892188 0.125000 0.121875 0.117188
3 0.828125 0.210938 0.150000 0.201563
3 0.901563 0.320312 0.087500 0.312500
3 0.859375 0.498437 0.132812 0.489063
3 0.854688 0.701562 0.114062 0.700000
3 0.890625 0.892188 0.087500 0.892188
3 0.567187 0.537500 0.442188 0.548438
2 0.875000 0.085938 0.135937 0.109375
2 0.784375 0.212500 0.207813 0.207813
2 0.850000 0.321875 0.142187 0.296875
2 0.842187 0.493750 0.164062 0.481250
2 0.835938 0.692187 0.159375 0.667188
1 0.368750 0.045312 0.637500 0.050000
1 0.446875 0.160938 0.551562 0.167187
1 0.654687 0.173437 0.339062 0.184375
1 0.571875 0.215625 0.435937 0.203125
1 0.646875 0.282813 0.350000 0.278125
1 0.764062 0.390625 0.248438 0.382812
1 0.746875 0.520312 0.239063 0.515625
1 0.753125 0.518750 0.250000 0.506250
1 0.681250 0.603125 0.317188 0.593750
1 0.664062 0.728125 0.342187 0.725000
1 0.417188 0.642188 0.576562 0.635938
1 0.426562 0.562500 0.562500 0.562500
0 0.464063 0.871875 0.550000 0.887500
0 0.459375 0.818750 0.526563 0.818750
0 0.484375 0.703125 0.531250 0.703125
0 0.492188 0.675000 0.503125 0.651563
0 0.328125 0.443750 0.671875 0.454688
0 0.443750 0.382812 0.557813 0.368750
0 0.421875 0.323437 0.545312 0.317188
0 0.267188 0.265625 0.729688 0.276562
0 0.259375 0.139063 0.745313 0.142187
0 0.040625 0.112500 0.954688 0.115625
0 0.123437 0.156250 0.868750 0.160938
