3 0.289062 0.837500 0.289062 0.200000
3 0.309375 0.731250 0.315625 0.270313
3 0.198437 0.625000 0.200000 0.384375
3 0.218750 0.462500 0.221875 0.542188
3 0.239063 0.340625 0.239063 0.723437
3 0.281250 0.210938 0.281250 0.823438
2 0.312500 0.771875 0.300000 0.228125
2 0.332813 0.710938 0.331250 0.298438
2 0.215625 0.607812 0.220312 0.401562
2 0.245312 0.425000 0.234375 0.589063
2 0.246875 0.289062 0.242188 0.667188
2 0.301563 0.215625 0.304688 0.817187
5 0.537500 0.857812 0.578125 0.143750
5 0.379688 0.859375 0.387500 0.150000
5 0.478125 0.751563 0.523438 0.250000
5 0.431250 0.553125 0.440625 0.450000
5 0.414062 0.642188 0.440625 0.359375
5 0.365625 0.492188 0.371875 0.504687
5 0.362500 0.318750 0.393750 0.673438
1 0.640625 0.693750 0.651563 0.317188
1 0.546875 0.485938 0.500000 0.506250
1 0.567187 0.412500 0.576562 0.590625
0 0.900000 0.765625 0.904687 0.239063
0 0.831250 0.757812 0.839063 0.242188
0 0.887500 0.704688 0.898438 0.298438
0 0.862500 0.665625 0.871875 0.343750
0 0.804688 0.607812 0.815625 0.392188
0 0.814063 0.540625 0.821875 0.470313
0 0.790625 0.492188 0.800000 0.503125
0 0.837500 0.407813 0.831250 0.596875
0 0.784375 0.375000 0.793750 0.617188
0 0.857812 0.317187 0.867188 0.682813
0 0.814063 0.267188 0.828125 0.732812
0 0.925000 0.226562 0.928125 0.779687
1 0.596875 0.292188 0.595313 0.726562
1 0.632812 0.207812 0.632812 0.801562
