3 0.873437 0.476562 0.142187 0.464062
3 0.829688 0.767188 0.185938 0.767188
3 0.912500 0.903125 0.104688 0.898438
5 0.592187 0.921875 0.428125 0.904687
5 0.779687 0.960938 0.234375 0.957812
5 0.592187 0.567187 0.448437 0.548438
5 0.759375 0.617188 0.250000 0.609375
0 0.006250 0.665625 0.996875 0.668750
1 0.232812 0.381250 0.789062 0.385937
1 0.334375 0.778125 0.659375 0.789062
1 0.571875 0.675000 0.423438 0.671875
1 0.540625 0.867188 0.471875 0.864062
0 0.198438 0.951562 0.801562 0.968750
2 0.687500 0.537500 0.317188 0.540625
2 0.845313 0.943750 0.146875 0.939063
0 0.256250 0.912500 0.745313 0.932813
0 0.284375 0.898438 0.701562 0.900000
5 0.684375 0.839063 0.325000 0.839063
3 0.807813 0.400000 0.181250 0.400000
2 0.804688 0.387500 0.203125 0.371875
