3 0.650000 0.721875 0.357812 0.285938
3 0.437500 0.668750 0.567187 0.323437
3 0.331250 0.676562 0.670312 0.345313
2 0.437500 0.654687 0.564063 0.335938
2 0.651563 0.695312 0.351562 0.296875
1 0.734375 0.550000 0.278125 0.442188
1 0.429688 0.462500 0.573438 0.545312
1 0.409375 0.454688 0.585938 0.521875
1 0.321875 0.442187 0.687500 0.570312
1 0.301562 0.451562 0.700000 0.581250
1 0.067187 0.417188 0.945312 0.578125
0 0.601562 0.164062 0.401562 0.832812
0 0.737500 0.225000 0.265625 0.804688
0 0.445312 0.165625 0.550000 0.782813
0 0.028125 0.181250 0.960938 0.821875
0 0.065625 0.176562 0.934375 0.826562
5 0.493750 0.548438 0.518750 0.490625
5 0.715625 0.500000 0.278125 0.512500
5 0.762500 0.584375 0.234375 0.435937
5 0.329688 0.621875 0.668750 0.404687
5 0.064063 0.503125 0.929688 0.542188
