5 0.003125 0.000000 0.996875 0.009375
5 0.128125 0.390625 0.879687 0.393750
5 0.446875 0.381250 0.578125 0.384375
5 0.607812 0.735938 0.395313 0.740625
5 0.493750 0.842187 0.504687 0.840625
1 0.250000 0.976562 0.735938 0.975000
2 0.693750 0.821875 0.301563 0.789062
3 0.701562 0.789062 0.304688 0.809375
3 0.678125 0.048438 0.325000 0.050000
3 0.665625 0.459375 0.334375 0.478125
3 0.714063 0.728125 0.284375 0.767188
2 0.623437 0.171875 0.365625 0.145313
2 0.645312 0.496875 0.335938 0.498437
1 0.131250 0.859375 0.885938 0.862500
