3 0.232813 0.764062 0.232813 0.240625
3 0.256250 0.651563 0.253125 0.343750
3 0.235937 0.600000 0.228125 0.409375
3 0.201563 0.253125 0.203125 0.753125
2 0.229687 0.818750 0.239063 0.192188
2 0.265625 0.656250 0.254688 0.337500
2 0.235937 0.598437 0.253125 0.401562
2 0.182812 0.192187 0.175000 0.804688
1 0.396875 0.825000 0.368750 0.198437
1 0.473438 0.748437 0.471875 0.229687
1 0.521875 0.651563 0.518750 0.351562
1 0.343750 0.564063 0.342187 0.440625
1 0.348438 0.543750 0.337500 0.457813
1 0.276562 0.189063 0.265625 0.798438
1 0.309375 0.200000 0.307812 0.784375
0 0.776563 0.714063 0.782813 0.273438
0 0.681250 0.601562 0.676562 0.387500
0 0.703125 0.556250 0.707812 0.451562
0 0.832812 0.117188 0.815625 0.882812
