3 0.806250 0.623437 0.210938 0.356250
3 0.532813 0.762500 0.465625 0.239063
3 0.050000 0.742188 0.951562 0.256250
2 0.195312 0.715625 0.809375 0.289062
1 0.326562 0.193750 0.665625 0.820312
1 0.378125 0.200000 0.612500 0.803125
1 0.618750 0.003125 0.378125 0.984375
2 0.768750 0.579688 0.245312 0.421875
2 0.590625 0.612500 0.403125 0.390625
5 1.000000 0.003125 0.112500 0.996875
5 1.000000 0.271719 0.014063 0.729688
5 0.878125 0.487500 0.128125 0.589063
5 0.643750 0.084375 0.368750 0.920312
5 0.789062 0.142188 0.203125 0.878125
5 0.475000 0.468750 0.525000 0.540625
5 0.643750 0.460938 0.342187 0.548438
