5 0.003125 0.000000 0.996875 0.009375
5 0.115625 0.404687 0.909375 0.428125
5 0.331250 0.387500 0.679688 0.390625
5 0.604688 0.745313 0.401562 0.751563
5 0.525000 0.842187 0.473438 0.839063
1 0.282813 0.965625 0.706250 0.964063
2 0.690625 0.785937 0.317188 0.785937
3 0.695312 0.823438 0.293750 0.831250
3 0.664062 0.071875 0.337500 0.095312
3 0.667188 0.479687 0.334375 0.504687
3 0.710938 0.792188 0.284375 0.795312
2 0.635938 0.120313 0.370312 0.109375
2 0.664062 0.459375 0.342187 0.462500
1 0.071875 0.862500 0.928125 0.870313
