2 0.250000 0.135938 0.242188 0.848437
2 0.376563 0.365625 0.379688 0.639062
2 0.310937 0.615625 0.314063 0.387500
2 0.214062 0.879687 0.215625 0.115625
1 0.459375 0.959375 0.473438 0.034375
1 0.485938 0.785937 0.495312 0.234375
1 0.504687 0.696875 0.506250 0.307812
1 0.484375 0.512500 0.462500 0.487500
1 0.578125 0.307813 0.573438 0.696875
1 0.590625 0.450000 0.579688 0.564063
1 0.556250 0.232812 0.568750 0.773438
1 0.676562 0.101562 0.706250 0.896875
5 0.556250 0.965625 0.587500 0.034375
5 0.415625 0.964063 0.432812 0.037500
5 0.387500 0.828125 0.387500 0.193750
5 0.395313 0.920312 0.437500 0.085938
5 0.543750 0.570312 0.550000 0.432812
5 0.498437 0.675000 0.510938 0.310937
5 0.468750 0.398438 0.460938 0.596875
5 0.342187 0.112500 0.339062 0.882812
