2 0.196875 0.739062 0.820312 0.268750
2 0.417188 0.645312 0.576562 0.360938
2 0.592187 0.714063 0.375000 0.285938
2 0.887500 0.753125 0.117188 0.240625
1 0.926562 0.509375 0.089063 0.496875
1 0.756250 0.545312 0.239063 0.443750
1 0.656250 0.515625 0.346875 0.476562
1 0.554688 0.550000 0.446875 0.462500
1 0.351562 0.457812 0.646875 0.554688
1 0.468750 0.450000 0.525000 0.557813
1 0.193750 0.465625 0.803125 0.526563
1 0.073438 0.289062 0.932813 0.698438
5 0.962500 0.329688 0.046875 0.673438
5 0.948438 0.545312 0.064062 0.450000
5 0.779687 0.629687 0.214062 0.356250
5 0.903125 0.598437 0.101562 0.396875
5 0.567187 0.425000 0.435937 0.589063
5 0.693750 0.437500 0.301563 0.565625
5 0.423438 0.573438 0.553125 0.440625
5 0.151563 0.634375 0.835938 0.371875
