3 0.704688 0.623437 0.314063 0.381250
3 0.571875 0.739062 0.412500 0.278125
3 0.068750 0.759375 0.923438 0.232813
2 0.156250 0.689063 0.862500 0.303125
1 0.350000 0.120313 0.648438 0.882812
1 0.385938 0.159375 0.618750 0.857812
1 0.621875 0.062500 0.370312 0.926562
2 0.732812 0.578125 0.275000 0.431250
2 0.578125 0.575000 0.432812 0.429688
5 1.000000 0.003125 0.112500 0.996875
5 1.000000 0.271719 0.014063 0.729688
5 0.868750 0.321875 0.132812 0.717187
5 0.617188 0.029687 0.382812 0.982812
5 0.795312 0.096875 0.207813 0.910937
5 0.525000 0.390625 0.462500 0.618750
5 0.679688 0.440625 0.309375 0.568750
