3 0.871875 0.042188 0.153125 0.035937
3 0.862500 0.643750 0.146875 0.632812
3 0.887500 0.932813 0.114062 0.909375
2 0.567187 0.826562 0.435937 0.829688
2 0.693750 0.662500 0.304688 0.665625
2 0.754687 0.173437 0.257812 0.176563
1 0.257812 0.073438 0.746875 0.053125
1 0.239062 0.209375 0.771875 0.218750
1 0.373437 0.307812 0.623437 0.307812
1 0.262500 0.507812 0.742188 0.503125
1 0.315625 0.507812 0.693750 0.506250
5 0.412500 0.890625 0.632812 0.870313
5 0.453125 0.809375 0.553125 0.809375
5 0.612500 0.718750 0.400000 0.706250
5 0.291406 0.000000 0.710938 0.004687
5 0.689063 0.203125 0.337500 0.201563
5 0.632812 0.550000 0.365625 0.568750
3 0.710938 0.562500 0.290625 0.581250
