3 0.850000 0.903125 0.160938 0.920312
3 0.689063 0.307812 0.323437 0.323437
3 0.854688 0.682813 0.160938 0.684375
3 0.975000 0.106250 0.023438 0.092188
1 0.071875 0.226562 0.920312 0.239063
1 0.176562 0.471875 0.784375 0.467187
1 0.339063 0.878125 0.671875 0.882812
1 0.443750 0.725000 0.570312 0.726562
1 0.515625 0.603125 0.471875 0.606250
1 0.715625 0.178125 0.271875 0.170313
1 0.737500 0.046875 0.285938 0.050000
1 0.471875 0.985938 0.523438 0.993750
2 0.831250 0.979688 0.171875 0.968750
0 0.278125 0.765625 0.743750 0.764062
0 0.426562 0.193750 0.546875 0.196875
0 0.487500 0.148438 0.507812 0.156250
3 0.901563 0.212500 0.084375 0.214062
2 0.640625 0.396875 0.354687 0.403125
