3 0.753125 0.226562 0.251563 0.253125
3 0.768750 0.495312 0.242188 0.482812
3 0.759375 0.828125 0.246875 0.839063
3 0.664062 0.926562 0.342187 0.948438
5 0.510938 0.792188 0.492188 0.789062
5 0.387500 0.906250 0.596875 0.917188
5 0.537500 0.906250 0.470313 0.910937
5 0.559375 0.503125 0.454688 0.503125
5 0.482812 0.156250 0.515625 0.153125
1 0.240625 0.381250 0.784375 0.387500
2 0.660937 0.528125 0.339062 0.500000
1 0.275000 0.939063 0.725000 0.934375
1 0.500000 0.678125 0.479687 0.671875
0 0.003125 0.992188 0.929688 0.990625
0 0.373437 0.543750 0.628125 0.532813
0 0.356250 0.493750 0.645312 0.514062
