3 0.710938 0.162500 0.289062 0.200000
3 0.690625 0.268750 0.315625 0.270313
3 0.801562 0.375000 0.200000 0.384375
3 0.781250 0.537500 0.221875 0.542188
3 0.760938 0.659375 0.239063 0.723437
3 0.718750 0.789062 0.281250 0.823438
2 0.687500 0.228125 0.300000 0.228125
2 0.667188 0.289062 0.331250 0.298438
2 0.784375 0.392188 0.220312 0.401562
2 0.754687 0.575000 0.234375 0.589063
2 0.753125 0.710938 0.242188 0.667188
2 0.698438 0.784375 0.304688 0.817187
5 0.462500 0.142187 0.578125 0.143750
5 0.620313 0.140625 0.387500 0.150000
5 0.521875 0.248438 0.523438 0.250000
5 0.568750 0.446875 0.440625 0.450000
5 0.585938 0.357812 0.440625 0.359375
5 0.634375 0.507812 0.371875 0.504687
5 0.637500 0.681250 0.393750 0.673438
1 0.359375 0.306250 0.651563 0.317188
1 0.453125 0.514062 0.500000 0.506250
1 0.432813 0.587500 0.576562 0.590625
0 0.100000 0.234375 0.904687 0.239063
0 0.168750 0.242188 0.839063 0.242188
0 0.112500 0.295312 0.898438 0.298438
0 0.137500 0.334375 0.871875 0.343750
0 0.195312 0.392188 0.815625 0.392188
0 0.185937 0.459375 0.821875 0.470313
0 0.209375 0.507812 0.800000 0.503125
0 0.162500 0.592187 0.831250 0.596875
0 0.215625 0.625000 0.793750 0.617188
0 0.142188 0.682813 0.867188 0.682813
0 0.185937 0.732812 0.828125 0.732812
0 0.075000 0.773438 0.928125 0.779687
1 0.403125 0.707812 0.595313 0.726562
1 0.367188 0.792188 0.632812 0.801562
