3 0.823438 0.770312 0.189062 0.218750
3 0.671875 0.750000 0.339062 0.254688
3 0.615625 0.775000 0.382812 0.240625
3 0.245313 0.856250 0.750000 0.160938
2 0.767188 0.762500 0.229687 0.228125
2 0.671875 0.748437 0.296875 0.251563
2 0.556250 0.756250 0.439063 0.235937
2 0.242188 0.807813 0.770312 0.195312
1 0.834375 0.631250 0.159375 0.376563
1 0.771875 0.485938 0.246875 0.512500
1 0.690625 0.504687 0.321875 0.500000
1 0.595313 0.660937 0.412500 0.343750
1 0.565625 0.664062 0.429688 0.345313
1 0.228125 0.682813 0.789062 0.306250
1 0.200000 0.648438 0.803125 0.343750
0 0.740625 0.185937 0.295312 0.815625
0 0.629687 0.281250 0.378125 0.729688
0 0.523438 0.287500 0.478125 0.696875
0 0.139062 0.164062 0.870313 0.839063
