3 0.628125 0.285938 0.373437 0.298438
2 0.648438 0.293750 0.325000 0.289062
5 0.579390 0.000000 0.426563 0.031250
3 0.526563 0.370312 0.476562 0.367188
5 0.467187 0.254688 0.542188 0.265625
1 0.201562 0.209375 0.787500 0.203125
0 0.109375 0.340625 0.893750 0.335938
0 0.056250 0.057813 0.959375 0.056250
0 0.076562 0.214062 0.915625 0.210938
0 0.204688 0.762500 0.790625 0.748437
0 0.076562 0.565625 0.925000 0.610938
5 0.481250 0.598437 0.520312 0.584375
2 0.525000 0.592187 0.456250 0.609375
3 0.554688 0.540625 0.446875 0.543750
