3 0.773438 0.753125 0.253125 0.251563
3 0.504687 0.768750 0.482812 0.242188
3 0.171875 0.759375 0.839063 0.246875
3 0.073438 0.664062 0.948438 0.342187
5 0.207812 0.510938 0.789062 0.492188
5 0.093750 0.387500 0.917188 0.596875
5 0.093750 0.537500 0.910937 0.470313
5 0.496875 0.559375 0.503125 0.454688
5 0.843750 0.482812 0.153125 0.515625
1 0.618750 0.240625 0.387500 0.784375
2 0.471875 0.660937 0.500000 0.339062
1 0.060937 0.275000 0.934375 0.725000
1 0.321875 0.500000 0.671875 0.479687
0 0.007812 0.003125 0.990625 0.929688
0 0.456250 0.373437 0.532813 0.628125
0 0.506250 0.356250 0.514062 0.645312
