3 0.828125 0.028125 0.179688 0.026562
3 0.826562 0.604688 0.190625 0.598437
3 0.853125 0.845313 0.168750 0.821875
2 0.585938 0.867188 0.400000 0.867188
2 0.709375 0.654687 0.275000 0.632812
2 0.726562 0.209375 0.275000 0.218750
1 0.179688 0.067187 0.823438 0.071875
1 0.248437 0.225000 0.725000 0.226562
1 0.395312 0.273438 0.607812 0.251563
1 0.237500 0.481250 0.768750 0.481250
1 0.271875 0.523438 0.726562 0.532813
5 0.304688 0.837500 0.720313 0.826562
5 0.395312 0.789062 0.620313 0.785937
5 0.535937 0.657813 0.482812 0.653125
5 0.291406 0.000000 0.710938 0.004687
5 0.631250 0.200000 0.373437 0.193750
5 0.700000 0.565625 0.300000 0.560937
3 0.709375 0.581250 0.271875 0.568750
