3 0.782813 0.775000 0.210938 0.237500
3 0.489062 0.720313 0.514062 0.275000
3 0.195312 0.789062 0.801562 0.214062
3 0.101562 0.665625 0.890625 0.334375
5 0.198438 0.637500 0.807813 0.379688
5 0.106250 0.445312 0.889062 0.573438
5 0.070312 0.560937 0.925000 0.432812
5 0.500000 0.614062 0.490625 0.401562
5 0.846875 0.504687 0.156250 0.498437
1 0.640625 0.284375 0.359375 0.718750
2 0.496875 0.620313 0.518750 0.376563
1 0.082812 0.214063 0.923438 0.785937
1 0.340625 0.462500 0.668750 0.537500
0 0.018750 0.075000 0.959375 0.923438
0 0.456250 0.373437 0.532813 0.628125
0 0.506250 0.356250 0.514062 0.645312
