5 0.307813 0.318750 0.673438 0.321875
5 0.396875 0.335938 0.659375 0.339062
5 0.170312 0.378125 0.868750 0.368750
5 0.228125 0.535937 0.773438 0.542188
5 0.206250 0.732812 0.803125 0.748437
5 0.212500 0.795312 0.795312 0.801562
5 0.293750 0.645312 0.698438 0.642188
5 0.312500 0.468750 0.681250 0.475000
5 0.348437 0.445312 0.637500 0.440625
5 0.328125 0.671875 0.664062 0.671875
5 0.328125 0.765625 0.646875 0.771875
5 0.326562 0.848437 0.678125 0.851562
5 0.314063 0.687500 0.664062 0.707812
3 0.482812 0.281250 0.518750 0.304688
3 0.503125 0.365625 0.492188 0.360938
3 0.506250 0.400000 0.504687 0.396875
3 0.462500 0.459375 0.512500 0.457813
3 0.504687 0.471875 0.503125 0.462500
3 0.500000 0.484375 0.496875 0.492188
3 0.468750 0.493750 0.551562 0.492188
3 0.446875 0.535937 0.581250 0.534375
3 0.482812 0.623437 0.523438 0.612500
3 0.490625 0.571875 0.485938 0.570312
3 0.518750 0.603125 0.500000 0.600000
3 0.507812 0.634375 0.518750 0.626563
3 0.504687 0.667188 0.500000 0.653125
3 0.473437 0.712500 0.503125 0.710938
3 0.525000 0.692187 0.490625 0.692187
3 0.531250 0.743750 0.490625 0.737500
3 0.481250 0.740625 0.523438 0.764062
3 0.492188 0.840625 0.482812 0.840625
2 0.490625 0.843750 0.509375 0.825000
2 0.282813 0.445312 0.717187 0.428125
2 0.393750 0.539062 0.601562 0.546875
2 0.345313 0.734375 0.634375 0.732812
2 0.387500 0.804688 0.620313 0.807813
2 0.464063 0.740625 0.545312 0.745313
2 0.465625 0.714063 0.528125 0.690625
2 0.451562 0.671875 0.539062 0.675000
2 0.448438 0.632812 0.548438 0.617188
2 0.489062 0.571875 0.510938 0.551562
2 0.500000 0.620313 0.503125 0.601562
2 0.487500 0.504687 0.503125 0.504687
2 0.450000 0.514062 0.554688 0.493750
2 0.490625 0.425000 0.512500 0.414062
2 0.470313 0.365625 0.531250 0.348438
2 0.479688 0.282813 0.529687 0.284375
1 0.443750 0.393750 0.560937 0.390625
1 0.262500 0.521875 0.764062 0.520312
1 0.189063 0.570312 0.781250 0.570312
0 0.114062 0.850000 0.885938 0.859375
0 0.050000 0.637500 0.967187 0.648438
0 0.093750 0.476562 0.917188 0.476562
0 0.093750 0.457813 0.909375 0.451562
0 0.053125 0.393750 0.970313 0.389062
0 0.003125 0.607812 0.970313 0.601562
0 0.003125 0.551562 0.981250 0.551562
0 0.068750 0.281250 0.918750 0.281250
0 0.087500 0.293750 0.920312 0.295312
0 0.104688 0.342187 0.906250 0.339062
