3 0.298438 0.817187 0.303125 0.204687
3 0.332813 0.492188 0.332813 0.517188
3 0.303125 0.282813 0.309375 0.720313
2 0.367188 0.754687 0.371875 0.259375
2 0.367188 0.481250 0.354687 0.525000
2 0.331250 0.270312 0.339062 0.734375
5 0.660937 0.882812 0.678125 0.114062
5 0.553125 0.935937 0.584375 0.060937
5 0.612500 0.853125 0.615625 0.176563
5 0.434375 0.576562 0.445312 0.418750
5 0.651563 0.242188 0.653125 0.743750
5 0.604688 0.309375 0.593750 0.696875
5 0.646875 0.117188 0.657813 0.878125
5 0.512500 0.228125 0.495312 0.768750
1 0.804688 0.759375 0.823438 0.225000
1 0.853125 0.457812 0.856250 0.548438
1 0.851562 0.362500 0.871875 0.640625
1 0.839063 0.106250 0.848437 0.898438
