3 0.703125 0.270313 0.312500 0.284375
2 0.684455 0.284335 0.371875 0.282813
5 0.579390 0.000000 0.426563 0.031250
3 0.545312 0.357812 0.460938 0.356250
5 0.484375 0.254688 0.535937 0.234375
1 0.132812 0.190625 0.885938 0.195312
0 0.081250 0.384375 0.912500 0.406250
0 0.087500 0.115625 0.935937 0.095312
0 0.050000 0.165625 0.950000 0.192188
0 0.134375 0.751563 0.878125 0.748437
0 0.085938 0.621875 0.907813 0.592187
5 0.490625 0.628125 0.517188 0.620313
2 0.535937 0.557813 0.475000 0.565625
3 0.635938 0.556250 0.382812 0.548438
