3 0.971875 0.925000 0.032813 0.104688
3 0.845313 0.853125 0.157812 0.143750
3 0.835938 0.793750 0.217188 0.206250
3 0.714063 0.868750 0.301563 0.142187
3 0.540625 0.829688 0.467187 0.173437
3 0.339063 0.857812 0.667188 0.157812
3 0.145312 0.890625 0.873437 0.121875
3 0.476562 0.600000 0.525000 0.406250
2 0.889062 0.878125 0.107813 0.107813
2 0.792188 0.792188 0.178125 0.209375
2 0.695312 0.848437 0.321875 0.150000
2 0.520312 0.821875 0.489063 0.173437
2 0.326562 0.834375 0.692187 0.164062
1 0.982812 0.418750 0.018750 0.607812
1 0.846875 0.473437 0.148438 0.542188
1 0.851562 0.654687 0.151562 0.371875
1 0.787500 0.528125 0.220312 0.475000
1 0.718750 0.598437 0.285938 0.401562
1 0.598437 0.734375 0.406250 0.259375
1 0.507812 0.734375 0.500000 0.262500
1 0.481250 0.753125 0.506250 0.250000
1 0.392188 0.631250 0.610938 0.360938
1 0.251563 0.621875 0.751563 0.375000
1 0.365625 0.359375 0.651563 0.637500
1 0.468750 0.448438 0.534375 0.568750
0 0.106250 0.450000 0.890625 0.454688
0 0.192187 0.439063 0.820312 0.562500
0 0.273438 0.420312 0.729688 0.576562
0 0.343750 0.415625 0.664062 0.579688
0 0.540625 0.373437 0.456250 0.640625
0 0.650000 0.421875 0.376563 0.578125
0 0.696875 0.446875 0.304688 0.589063
0 0.753125 0.292188 0.254688 0.720313
0 0.851562 0.328125 0.148438 0.696875
0 0.945312 0.156250 0.059375 0.940625
0 0.909375 0.110938 0.129688 0.890625
