3 0.789062 0.710938 0.217188 0.289062
3 0.560937 0.609375 0.429688 0.382812
3 0.479688 0.660937 0.529687 0.337500
3 0.271875 0.596875 0.731250 0.407813
2 0.220313 0.589063 0.789062 0.420312
2 0.717187 0.703125 0.271875 0.290625
2 0.575000 0.601562 0.420312 0.396875
2 0.440625 0.660937 0.570312 0.343750
5 0.206250 0.364062 0.790625 0.640625
5 0.831250 0.531250 0.171875 0.496875
5 0.625000 0.301562 0.354687 0.707812
5 0.560937 0.350000 0.445312 0.667188
5 0.657813 0.337500 0.351562 0.650000
5 0.423438 0.476562 0.571875 0.520312
1 0.643750 0.295312 0.373437 0.695312
1 0.553125 0.301562 0.448437 0.671875
