3 0.551562 0.832812 0.442188 0.176563
3 0.179688 0.793750 0.826562 0.212500
3 0.096875 0.860938 0.898438 0.151562
5 0.073438 0.565625 0.932813 0.439063
5 0.053125 0.729688 0.943750 0.268750
5 0.456250 0.531250 0.539062 0.479687
5 0.379687 0.715625 0.618750 0.307812
0 0.279687 0.014062 0.715625 0.976562
1 0.639062 0.221875 0.359375 0.792188
1 0.209375 0.385938 0.781250 0.604688
1 0.323438 0.540625 0.676562 0.465625
1 0.106250 0.535937 0.892188 0.445312
0 0.025000 0.223437 0.970313 0.768750
2 0.445312 0.679688 0.556250 0.323437
2 0.075000 0.825000 0.943750 0.154688
0 0.101562 0.273438 0.898438 0.735938
0 0.137500 0.289062 0.898438 0.715625
5 0.140625 0.668750 0.864062 0.332813
3 0.628125 0.814063 0.370312 0.201563
2 0.603125 0.804688 0.387500 0.195312
