5 0.692187 0.739062 0.698438 0.264062
5 0.612500 0.642188 0.564063 0.346875
5 0.796875 0.609375 0.801562 0.387500
5 0.685937 0.462500 0.695312 0.537500
5 0.821875 0.296875 0.825000 0.715625
5 0.746875 0.215625 0.756250 0.784375
5 0.715625 0.382812 0.720313 0.623437
5 0.587500 0.554688 0.615625 0.451562
5 0.654687 0.582812 0.667188 0.425000
5 0.632812 0.343750 0.678125 0.657813
5 0.673438 0.254687 0.673438 0.748437
5 0.621875 0.168750 0.648438 0.843750
5 0.565625 0.312500 0.595313 0.692187
3 0.493750 0.695312 0.487500 0.300000
3 0.492188 0.639062 0.493750 0.351562
3 0.525000 0.600000 0.506250 0.425000
3 0.512500 0.542188 0.504687 0.446875
3 0.545312 0.521875 0.540625 0.485938
3 0.498437 0.495313 0.478125 0.501563
3 0.548438 0.484375 0.529687 0.512500
3 0.579688 0.442187 0.576562 0.559375
3 0.517188 0.376563 0.523438 0.612500
3 0.485938 0.429688 0.476562 0.559375
3 0.498437 0.387500 0.500000 0.625000
3 0.492188 0.365625 0.518750 0.626563
3 0.495312 0.332812 0.500000 0.653125
3 0.503125 0.289062 0.496875 0.698438
3 0.485938 0.285937 0.468750 0.710938
3 0.493750 0.251563 0.493750 0.759375
3 0.496875 0.240625 0.493750 0.754687
3 0.482812 0.159375 0.476562 0.828125
2 0.509375 0.156250 0.509375 0.825000
2 0.717187 0.571875 0.721875 0.421875
2 0.604688 0.445312 0.593750 0.557813
2 0.634375 0.267188 0.635938 0.710938
2 0.612500 0.195312 0.620313 0.807813
2 0.540625 0.250000 0.540625 0.760938
2 0.535937 0.307813 0.534375 0.714063
2 0.525000 0.326562 0.523438 0.660937
2 0.548438 0.382812 0.557813 0.609375
2 0.520312 0.429688 0.510938 0.571875
2 0.509375 0.376563 0.500000 0.620313
2 0.498437 0.498437 0.496875 0.493750
2 0.559375 0.487500 0.550000 0.514062
2 0.509375 0.575000 0.512500 0.414062
2 0.539062 0.634375 0.529687 0.365625
2 0.520312 0.717187 0.529687 0.284375
1 0.598437 0.603125 0.575000 0.407813
1 0.737500 0.478125 0.764062 0.520312
1 0.781250 0.429688 0.779687 0.560937
0 0.881250 0.137500 0.851562 0.859375
0 0.962500 0.339063 0.928125 0.654687
0 0.925000 0.500000 0.910937 0.498437
0 0.906250 0.542188 0.909375 0.451562
0 0.975000 0.598437 0.957812 0.406250
0 0.996875 0.409375 0.996875 0.607812
0 0.996875 0.460938 0.996875 0.551562
0 0.918750 0.718750 0.915625 0.267188
0 0.926562 0.696875 0.917188 0.315625
0 0.895312 0.657813 0.906250 0.339062
