3 0.623437 0.295312 0.381250 0.314063
3 0.739062 0.428125 0.278125 0.412500
3 0.759375 0.931250 0.232813 0.923438
2 0.689063 0.843750 0.303125 0.862500
1 0.120313 0.650000 0.882812 0.648438
1 0.159375 0.614062 0.857812 0.618750
1 0.062500 0.378125 0.926562 0.370312
2 0.578125 0.267188 0.431250 0.275000
2 0.575000 0.421875 0.429688 0.432812
5 0.003125 0.000000 0.996875 0.112500
5 0.271719 0.000000 0.729688 0.014063
5 0.321875 0.131250 0.717187 0.132812
5 0.029687 0.382812 0.982812 0.382812
5 0.096875 0.204687 0.910937 0.207813
5 0.390625 0.475000 0.618750 0.462500
5 0.440625 0.320312 0.568750 0.309375
