3 0.737500 0.510938 0.268750 0.525000
3 0.848437 0.357812 0.157812 0.370312
2 0.839063 0.373437 0.175000 0.373437
2 0.731250 0.518750 0.251563 0.493750
5 0.434375 0.320312 0.589063 0.375000
5 0.681250 0.303125 0.312500 0.307812
5 0.696875 0.404687 0.309375 0.406250
5 0.676562 0.579688 0.326562 0.570312
1 0.434375 0.654687 0.532813 0.654687
1 0.406250 0.453125 0.659375 0.451562
0 0.025000 0.359375 0.987500 0.343750
0 0.060937 0.389062 0.951562 0.378125
0 0.067187 0.560937 0.970313 0.556250
3 0.585938 0.640625 0.423438 0.648438
5 0.598437 0.698438 0.396875 0.696875
0 0.476562 0.714063 0.526563 0.701562
3 0.692187 0.954688 0.312500 0.950000
5 0.560937 0.996875 0.426563 0.996875
1 0.528125 0.959375 0.451562 0.956250
0 0.409375 0.985938 0.589063 0.992188
0 0.423438 0.964063 0.570312 0.939063
