3 0.767188 0.235937 0.232813 0.240625
3 0.743750 0.348438 0.253125 0.343750
3 0.764062 0.400000 0.228125 0.409375
3 0.798438 0.746875 0.203125 0.753125
2 0.770312 0.181250 0.239063 0.192188
2 0.734375 0.343750 0.254688 0.337500
2 0.764062 0.401562 0.253125 0.401562
2 0.817187 0.807813 0.175000 0.804688
1 0.603125 0.175000 0.368750 0.198437
1 0.526563 0.251563 0.471875 0.229687
1 0.478125 0.348438 0.518750 0.351562
1 0.656250 0.435937 0.342187 0.440625
1 0.651563 0.456250 0.337500 0.457813
1 0.723437 0.810937 0.265625 0.798438
1 0.690625 0.800000 0.307812 0.784375
0 0.223437 0.285938 0.782813 0.273438
0 0.318750 0.398438 0.676562 0.387500
0 0.296875 0.443750 0.707812 0.451562
0 0.167188 0.882812 0.815625 0.882812
