3 0.523438 0.873437 0.464062 0.142187
3 0.232812 0.829688 0.767188 0.185938
3 0.096875 0.912500 0.898438 0.104688
5 0.078125 0.592187 0.904687 0.428125
5 0.039062 0.779687 0.957812 0.234375
5 0.432813 0.592187 0.548438 0.448437
5 0.382812 0.759375 0.609375 0.250000
0 0.334375 0.006250 0.668750 0.996875
1 0.618750 0.232812 0.385937 0.789062
1 0.221875 0.334375 0.789062 0.659375
1 0.325000 0.571875 0.671875 0.423438
1 0.132812 0.540625 0.864062 0.471875
0 0.048438 0.198438 0.968750 0.801562
2 0.462500 0.687500 0.540625 0.317188
2 0.056250 0.845313 0.939063 0.146875
0 0.087500 0.256250 0.932813 0.745313
0 0.101562 0.284375 0.900000 0.701562
5 0.160937 0.684375 0.839063 0.325000
3 0.600000 0.807813 0.400000 0.181250
2 0.612500 0.804688 0.371875 0.203125
