3 0.14375 0.24375 0.15625 0.25 0.165625 0.25 0.178125 0.2390625 0.190625 0.2328125 0.2203125 0.234375 0.2359375 0.24375 0.259375 0.2390625 0.29375 0.2375 0.296875 0.234375 0.2984375 0.228125 0.2875 0.215625 0.2796875 0.2109375 0.2765625 0.18125 0.271875 0.165625 0.26875 0.1453125 0.2640625 0.134375 0.2515625 0.1171875 0.2359375 0.1046875 0.225 0.1 0.209375 0.0984375 0.2078125 0.096875 0.1859375 0.0984375 0.171875 0.10625 0.165625 0.1125 0.15625 0.1296875 0.1484375 0.1375 0.1421875 0.1515625 0.1390625 0.1640625 0.1390625 0.19375 0.134375 0.2046875 0.134375 0.228125 0.1375 0.2375 0.14375 0.24375
3 0.68125 0.303125 0.684375 0.30625 0.6859375 0.33125 0.6890625 0.3453125 0.6921875 0.35 0.69375 0.3921875 0.6984375 0.3921875 0.7 0.3859375 0.70625 0.3796875 0.709375 0.365625 0.7234375 0.3484375 0.725 0.3328125 0.7203125 0.284375 0.715625 0.2734375 0.6984375 0.2515625 0.68125 0.24375 0.6625 0.24375 0.64375 0.253125 0.6375 0.259375 0.634375 0.26875 0.628125 0.275 0.6203125 0.3 0.6203125 0.31875 0.625 0.30625 0.6390625 0.29375 0.6640625 0.29375 0.68125 0.303125
5 0.0828125 0.6234375 0.0859375 0.6328125 0.0859375 0.646875 0.0875 0.6484375 0.0921875 0.7015625 0.0953125 0.7171875 0.1046875 0.74375 0.134375 0.759375 0.159375 0.7640625 0.1640625 0.7609375 0.146875 0.7328125 0.146875 0.7296875 0.1359375 0.709375 0.13125 0.6859375 0.13125 0.675 0.128125 0.6671875 0.1265625 0.64375 0.121875 0.6265625 0.11875 0.6015625 0.115625 0.596875 0.115625 0.5859375 0.1234375 0.5796875 0.1609375 0.578125 0.1828125 0.5734375 0.1890625 0.5796875 0.1890625 0.6234375 0.1859375 0.6375 0.1859375 0.6515625 0.190625 0.6671875 0.1984375 0.6796875 0.215625 0.6984375 0.2234375 0.7140625 0.253125 0.7546875 0.25625 0.7484375 0.25625 0.7234375 0.2546875 0.721875 0.25625 0.7 0.2546875 0.6984375 0.2546875 0.66875 0.253125 0.6671875 0.253125 0.6515625 0.2515625 0.65 0.2515625 0.615625 0.25 0.6140625 0.2484375 0.59375 0.2453125 0.5859375 0.2375 0.546875 0.234375 0.5109375 0.23125 0.5046875 0.2296875 0.4921875 0.2203125 0.4609375 0.215625 0.434375 0.209375 0.4171875 0.2078125 0.3828125 0.1828125 0.3671875 0.1625 0.34375 0.153125 0.3359375 0.1421875 0.334375 0.1265625 0.3421875 0.1078125 0.3625 0.1015625 0.371875 0.084375 0.41875 0.078125 0.4515625 0.078125 0.4671875 0.0765625 0.46875 0.078125 0.584375 0.0796875 0.5859375 0.0828125 0.6234375
5 0.3859375 0.4359375 0.384375 0.4265625 0.39375 0.421875 0.39375 0.40625 0.396875 0.403125 0.40625 0.40625 0.4140625 0.403125 0.4125 0.3671875 0.409375 0.3546875 0.3890625 0.33125 0.3859375 0.33125 0.3734375 0.3484375 0.3671875 0.3484375 0.3609375 0.359375 0.3578125 0.3765625 0.353125 0.384375 0.3515625 0.4484375 0.3921875 0.4453125 0.39375 0.440625 0.3859375 0.4359375
5 0.2984375 0.471875 0.309375 0.4640625 0.3078125 0.446875 0.315625 0.4375 0.3140625 0.4328125 0.321875 0.4265625 0.3265625 0.4078125 0.321875 0.38125 0.3125 0.36875 0.303125 0.365625 0.2953125 0.3703125 0.284375 0.359375 0.2796875 0.359375 0.2625 0.371875 0.2546875 0.3921875 0.2546875 0.4078125 0.2703125 0.4328125 0.278125 0.4375 0.278125 0.4421875 0.2734375 0.4484375 0.265625 0.446875 0.265625 0.4703125 0.2984375 0.471875
0 0.4046875 0.653125 0.3921875 0.6546875 0.3875 0.665625 0.3890625 0.675 0.40625 0.675 0.4046875 0.653125
0 0.31875 0.6453125 0.3359375 0.64375 0.3484375 0.6375 0.346875 0.6328125 0.3375 0.6296875 0.33125 0.621875 0.33125 0.6078125 0.31875 0.6140625 0.31875 0.6453125
0 0.2671875 0.6265625 0.25625 0.64375 0.25625 0.653125 0.2734375 0.6515625 0.28125 0.64375 0.2796875 0.621875 0.2671875 0.6125 0.2640625 0.6140625 0.2671875 0.6265625
2 0.2703125 0.2453125 0.2671875 0.2421875 0.2328125 0.2453125 0.2171875 0.2375 0.1984375 0.2375 0.19375 0.2390625 0.1890625 0.2453125 0.19375 0.2515625 0.1953125 0.278125 0.21875 0.28125 0.2234375 0.2796875 0.2328125 0.284375 0.2359375 0.28125 0.2484375 0.284375 0.2546875 0.28125 0.2703125 0.2859375 0.2703125 0.2453125
2 0.2828125 0.334375 0.284375 0.346875 0.2890625 0.3421875 0.309375 0.3421875 0.3046875 0.3328125 0.2828125 0.334375
2 0.3828125 0.3203125 0.3703125 0.30625 0.3546875 0.30625 0.35625 0.3234375 0.3828125 0.3203125
3 0.309375 0.334375 0.3109375 0.321875 0.30625 0.309375 0.2984375 0.303125 0.290625 0.3046875 0.284375 0.3125 0.28125 0.33125 0.309375 0.334375
3 0.353125 0.290625 0.353125 0.2984375 0.36875 0.303125 0.3765625 0.309375 0.3859375 0.309375 0.390625 0.3015625 0.3859375 0.2828125 0.3765625 0.275 0.3609375 0.2796875 0.353125 0.290625
0 0.040625 0.46875 0.053125 0.4640625 0.0515625 0.453125 0.040625 0.46875
0 0.0578125 0.465625 0.0640625 0.4625 0.0625 0.4515625 0.0578125 0.465625
5 0.065625 0.3890625 0.065625 0.371875 0.0546875 0.35 0.046875 0.35625 0.04375 0.365625 0.0484375 0.39375 0.065625 0.3890625
5 0 0.366796875 0.0046875 0.403125 0.0125 0.3921875 0.0078125 0.3515625 0 0.3541666671875 0 0.366796875
3 0.0453125 0.3515625 0.053125 0.3484375 0.05 0.334375 0.0390625 0.3390625 0.0453125 0.3515625
3 0 0.34713541718749996 0.0078125 0.3484375 0 0.3302083328125 0 0.34713541718749996