5 0.739062 0.307813 0.264062 0.698438
5 0.642188 0.387500 0.346875 0.564063
5 0.609375 0.203125 0.387500 0.801562
5 0.462500 0.314063 0.537500 0.695312
5 0.296875 0.178125 0.715625 0.825000
5 0.215625 0.253125 0.784375 0.756250
5 0.382812 0.284375 0.623437 0.720313
5 0.554688 0.412500 0.451562 0.615625
5 0.582812 0.345313 0.425000 0.667188
5 0.343750 0.367188 0.657813 0.678125
5 0.254687 0.326562 0.748437 0.673438
5 0.168750 0.378125 0.843750 0.648438
5 0.312500 0.434375 0.692187 0.595313
3 0.695312 0.506250 0.300000 0.487500
3 0.639062 0.507812 0.351562 0.493750
3 0.600000 0.475000 0.425000 0.506250
3 0.542188 0.487500 0.446875 0.504687
3 0.521875 0.454688 0.485938 0.540625
3 0.495313 0.501563 0.501563 0.478125
3 0.484375 0.451562 0.512500 0.529687
3 0.442187 0.420312 0.559375 0.576562
3 0.376563 0.482812 0.612500 0.523438
3 0.429688 0.514062 0.559375 0.476562
3 0.387500 0.501563 0.625000 0.500000
3 0.365625 0.507812 0.626563 0.518750
3 0.332812 0.504687 0.653125 0.500000
3 0.289062 0.496875 0.698438 0.496875
3 0.285937 0.514062 0.710938 0.468750
3 0.251563 0.506250 0.759375 0.493750
3 0.240625 0.503125 0.754687 0.493750
3 0.159375 0.517188 0.828125 0.476562
2 0.156250 0.490625 0.825000 0.509375
2 0.571875 0.282813 0.421875 0.721875
2 0.445312 0.395312 0.557813 0.593750
2 0.267188 0.365625 0.710938 0.635938
2 0.195312 0.387500 0.807813 0.620313
2 0.250000 0.459375 0.760938 0.540625
2 0.307813 0.464063 0.714063 0.534375
2 0.326562 0.475000 0.660937 0.523438
2 0.382812 0.451562 0.609375 0.557813
2 0.429688 0.479688 0.571875 0.510938
2 0.376563 0.490625 0.620313 0.500000
2 0.498437 0.501563 0.493750 0.496875
2 0.487500 0.440625 0.514062 0.550000
2 0.575000 0.490625 0.414062 0.512500
2 0.634375 0.460938 0.365625 0.529687
2 0.717187 0.479688 0.284375 0.529687
1 0.603125 0.401563 0.407813 0.575000
1 0.478125 0.262500 0.520312 0.764062
1 0.429688 0.218750 0.560937 0.779687
0 0.137500 0.118750 0.859375 0.851562
0 0.339063 0.037500 0.654687 0.928125
0 0.500000 0.075000 0.498437 0.910937
0 0.542188 0.093750 0.451562 0.909375
0 0.598437 0.025000 0.406250 0.957812
0 0.409375 0.003125 0.607812 0.996875
0 0.460938 0.003125 0.551562 0.996875
0 0.718750 0.081250 0.267188 0.915625
0 0.696875 0.073438 0.315625 0.917188
0 0.657813 0.104688 0.339062 0.906250
