3 0.628750 1.000000 0.368750 0.006250
3 0.418750 0.850000 0.579688 0.164062
2 0.621875 0.909375 0.381250 0.112500
5 0.648438 0.653125 0.357812 0.370312
5 0.678125 0.812500 0.321875 0.204687
5 0.539062 0.846875 0.439063 0.175000
1 0.651563 0.548438 0.357812 0.460938
1 0.598437 0.526563 0.392188 0.485938
1 0.548438 0.437500 0.482812 0.564063
1 0.348437 0.435937 0.660937 0.570312
0 0.295312 0.053125 0.707812 0.943750
1 0.078125 0.404687 0.928125 0.592187
5 0.034375 0.643750 0.964063 0.403125
5 0.296875 0.740625 0.696875 0.318750
3 0.018750 0.895312 0.967187 0.139063
2 0.389062 0.734375 0.625000 0.264062
