3 0.575 0.1296875 0.56875 0.1234375 0.5578125 0.1203125 0.546875 0.103125 0.5375 0.09375 0.5203125 0.0828125 0.509375 0.078125 0.48125 0.078125 0.4625 0.0890625 0.4546875 0.096875 0.45 0.10625 0.4484375 0.121875 0.446875 0.1234375 0.446875 0.1328125 0.4484375 0.134375 0.446875 0.1546875 0.4484375 0.159375 0.4515625 0.1625 0.4546875 0.1625 0.4625 0.1546875 0.46875 0.153125 0.528125 0.15 0.56875 0.1359375 0.575 0.1296875
3 0.684375 0.0890625 0.678125 0.10625 0.6765625 0.1296875 0.6671875 0.14375 0.6671875 0.1515625 0.66875 0.153125 0.7078125 0.153125 0.7203125 0.15 0.7359375 0.1421875 0.753125 0.13125 0.759375 0.125 0.7734375 0.1171875 0.7890625 0.115625 0.790625 0.1140625 0.790625 0.10625 0.7875 0.096875 0.78125 0.090625 0.771875 0.0734375 0.7578125 0.0609375 0.746875 0.05625 0.715625 0.0578125 0.70625 0.0625 0.6953125 0.071875 0.684375 0.0890625
3 0.8703125 0.075 0.865625 0.0828125 0.8578125 0.109375 0.8578125 0.13125 0.85 0.1390625 0.846875 0.146875 0.8484375 0.1484375 0.8734375 0.146875 0.9171875 0.1234375 0.921875 0.1234375 0.940625 0.115625 0.95 0.115625 0.95625 0.121875 0.96875 0.125 0.975 0.1203125 0.9734375 0.1140625 0.9765625 0.1078125 0.975 0.096875 0.9640625 0.08125 0.959375 0.0703125 0.9421875 0.0546875 0.9359375 0.0515625 0.90625 0.0515625 0.9 0.053125 0.8828125 0.0625 0.8703125 0.075
2 0.55625 0.146875 0.5015625 0.1546875 0.49375 0.1625 0.49375 0.1703125 0.50625 0.1796875 0.525 0.1796875 0.5515625 0.171875 0.5578125 0.159375 0.55625 0.146875
2 0.7125 0.159375 0.690625 0.1578125 0.690625 0.1609375 0.703125 0.1734375 0.73125 0.1734375 0.75 0.159375 0.75 0.1484375 0.7125 0.159375
2 0.9125 0.15625 0.9125 0.1453125 0.9171875 0.1359375 0.9140625 0.134375 0.9 0.1421875 0.88125 0.1453125 0.875 0.1484375 0.875 0.1546875 0.8859375 0.165625 0.9046875 0.1640625 0.9125 0.15625
0 0.4828125 0.9421875 0.496875 0.9421875 0.5203125 0.9359375 0.528125 0.9296875 0.53125 0.9296875 0.5328125 0.915625 0.525 0.9046875 0.509375 0.896875 0.4984375 0.8859375 0.49375 0.8765625 0.4921875 0.8609375 0.490625 0.859375 0.49375 0.846875 0.49375 0.834375 0.4796875 0.8328125 0.4625 0.8484375 0.45 0.8625 0.4484375 0.86875 0.4421875 0.875 0.44375 0.90625 0.4546875 0.9296875 0.4671875 0.9390625 0.4828125 0.9421875
0 0.5921875 0.9140625 0.6046875 0.9078125 0.60625 0.9015625 0.6015625 0.8890625 0.5921875 0.88125 0.5796875 0.8765625 0.575 0.871875 0.5734375 0.8671875 0.559375 0.8515625 0.55 0.8328125 0.54375 0.834375 0.5328125 0.8328125 0.5234375 0.825 0.5140625 0.8265625 0.5046875 0.83125 0.503125 0.834375 0.5046875 0.8453125 0.503125 0.871875 0.50625 0.8890625 0.5125 0.8953125 0.546875 0.9109375 0.56875 0.915625 0.5921875 0.9140625
0 0.6609375 0.878125 0.6625 0.8859375 0.659375 0.8921875 0.65 0.9015625 0.63125 0.9109375 0.6203125 0.9234375 0.6203125 0.9375 0.621875 0.9390625 0.640625 0.94375 0.6640625 0.94375 0.6796875 0.940625 0.696875 0.93125 0.7203125 0.9296875 0.7296875 0.9234375 0.7328125 0.9125 0.7234375 0.8890625 0.721875 0.8671875 0.709375 0.8546875 0.6859375 0.8203125 0.6640625 0.8203125 0.6609375 0.8234375 0.659375 0.8296875 0.66875 0.846875 0.66875 0.8546875 0.6625 0.8671875 0.6625 0.8765625 0.6609375 0.878125
0 0.84375 0.85 0.8484375 0.8359375 0.8484375 0.825 0.8296875 0.821875 0.8 0.821875 0.796875 0.8375 0.8 0.934375 0.809375 0.940625 0.859375 0.934375 0.8609375 0.9171875 0.84375 0.8828125 0.8453125 0.8703125 0.84375 0.85
0 0.9203125 0.875 0.915625 0.875 0.89375 0.8875 0.8640625 0.890625 0.859375 0.89375 0.85625 0.9015625 0.8640625 0.921875 0.871875 0.925 0.8859375 0.925 0.8984375 0.921875 0.9203125 0.925 0.9453125 0.921875 0.959375 0.9171875 0.965625 0.9109375 0.971875 0.8984375 0.984375 0.890625 0.984375 0.871875 0.965625 0.8671875 0.953125 0.85625 0.946875 0.84375 0.940625 0.8390625 0.9390625 0.84375 0.9296875 0.853125 0.9265625 0.86875 0.9203125 0.875
0 0.8984375 0.9609375 0.8984375 0.9796875 0.9125 0.9859375 0.9421875 0.9875 0.9859375 0.9828125 0.996875 0.978125 0.996875 0.896875 0.9875 0.8953125 0.9796875 0.8984375 0.9578125 0.9234375 0.95 0.9265625 0.9328125 0.940625 0.9078125 0.9484375 0.9 0.95625 0.8984375 0.9609375