2 0.135938 0.750000 0.848437 0.242188
2 0.365625 0.623437 0.639062 0.379688
2 0.615625 0.689063 0.387500 0.314063
2 0.879687 0.785937 0.115625 0.215625
1 0.959375 0.540625 0.034375 0.473438
1 0.785937 0.514062 0.234375 0.495312
1 0.696875 0.495313 0.307812 0.506250
1 0.512500 0.515625 0.487500 0.462500
1 0.307813 0.421875 0.696875 0.573438
1 0.450000 0.409375 0.564063 0.579688
1 0.232812 0.443750 0.773438 0.568750
1 0.101562 0.323438 0.896875 0.706250
5 0.965625 0.443750 0.034375 0.587500
5 0.964063 0.584375 0.037500 0.432812
5 0.828125 0.612500 0.193750 0.387500
5 0.920312 0.604688 0.085938 0.437500
5 0.570312 0.456250 0.432812 0.550000
5 0.675000 0.501563 0.310937 0.510938
5 0.398438 0.531250 0.596875 0.460938
5 0.112500 0.657813 0.882812 0.339062
