3 0.126562 0.523438 0.142187 0.464062
3 0.170313 0.232812 0.185938 0.767188
3 0.087500 0.096875 0.104688 0.898438
5 0.407813 0.078125 0.428125 0.904687
5 0.220312 0.039062 0.234375 0.957812
5 0.407813 0.432813 0.448437 0.548438
5 0.240625 0.382812 0.250000 0.609375
0 0.993750 0.334375 0.996875 0.668750
1 0.767188 0.618750 0.789062 0.385937
1 0.665625 0.221875 0.659375 0.789062
1 0.428125 0.325000 0.423438 0.671875
1 0.459375 0.132812 0.471875 0.864062
0 0.801562 0.048438 0.801562 0.968750
2 0.312500 0.462500 0.317188 0.540625
2 0.154688 0.056250 0.146875 0.939063
0 0.743750 0.087500 0.745313 0.932813
0 0.715625 0.101562 0.701562 0.900000
5 0.315625 0.160937 0.325000 0.839063
3 0.192188 0.600000 0.181250 0.400000
2 0.195312 0.612500 0.203125 0.371875
