3 0.096875 0.850000 0.920312 0.160938
3 0.692187 0.689063 0.323437 0.323437
3 0.317187 0.854688 0.684375 0.160938
3 0.893750 0.975000 0.092188 0.023438
1 0.773438 0.071875 0.239063 0.920312
1 0.528125 0.176562 0.467187 0.784375
1 0.121875 0.339063 0.882812 0.671875
1 0.275000 0.443750 0.726562 0.570312
1 0.396875 0.515625 0.606250 0.471875
1 0.821875 0.715625 0.170313 0.271875
1 0.953125 0.737500 0.050000 0.285938
1 0.014062 0.471875 0.993750 0.523438
2 0.020312 0.831250 0.968750 0.171875
0 0.234375 0.278125 0.764062 0.743750
0 0.806250 0.426562 0.196875 0.546875
0 0.851562 0.487500 0.156250 0.507812
3 0.787500 0.901563 0.214062 0.084375
2 0.603125 0.640625 0.403125 0.354687
