3 0.170313 0.715625 0.185938 0.287500
3 0.359375 0.437500 0.390625 0.575000
2 0.446875 0.585938 0.443750 0.425000
2 0.456250 0.368750 0.445312 0.620313
1 0.860938 0.690625 0.848437 0.340625
1 0.818750 0.393750 0.823438 0.603125
5 0.431250 0.835938 0.434375 0.164062
5 0.996875 0.435937 0.996875 0.617188
5 0.687500 0.498437 0.712500 0.509375
5 0.610938 0.295312 0.623437 0.696875
3 0.423438 0.139062 0.412500 0.910937
3 0.450000 0.020312 0.432812 0.981250
5 0.665625 0.137500 0.703125 0.896875
5 0.603125 0.023438 0.625000 0.978125
