3 0.289062 0.789062 0.289062 0.217188
3 0.390625 0.560937 0.382812 0.429688
3 0.339062 0.479688 0.337500 0.529687
3 0.403125 0.271875 0.407813 0.731250
2 0.410938 0.220313 0.420312 0.789062
2 0.296875 0.717187 0.290625 0.271875
2 0.398438 0.575000 0.396875 0.420312
2 0.339062 0.440625 0.343750 0.570312
5 0.635938 0.206250 0.640625 0.790625
5 0.468750 0.831250 0.496875 0.171875
5 0.698438 0.625000 0.707812 0.354687
5 0.650000 0.560937 0.667188 0.445312
5 0.662500 0.657813 0.650000 0.351562
5 0.523438 0.423438 0.520312 0.571875
1 0.704688 0.643750 0.695312 0.373437
1 0.698438 0.553125 0.671875 0.448437
