3 1.000000 0.371250 0.006250 0.368750
3 0.803125 0.579688 0.237500 0.578125
2 0.879687 0.401562 0.120313 0.414062
5 0.593750 0.379688 0.412500 0.381250
5 0.734375 0.335938 0.270313 0.335938
5 0.754687 0.410938 0.253125 0.418750
1 0.534375 0.395313 0.462500 0.398438
1 0.479688 0.395313 0.525000 0.400000
1 0.492188 0.493750 0.501563 0.481250
1 0.437500 0.679688 0.553125 0.675000
0 0.154687 0.640625 0.853125 0.637500
1 0.479688 0.932813 0.515625 0.928125
5 0.543750 0.950000 0.473438 0.948438
5 0.615625 0.696875 0.406250 0.696875
3 0.820312 0.990625 0.179688 0.996875
2 0.767188 0.645312 0.232813 0.640625
