3 0.246875 0.645312 0.231250 0.346875
3 0.282813 0.467187 0.300000 0.521875
3 0.329688 0.300000 0.314063 0.710938
2 0.350000 0.453125 0.345313 0.562500
2 0.281250 0.675000 0.281250 0.314063
1 0.410938 0.740625 0.410938 0.251563
1 0.548438 0.393750 0.545312 0.610938
1 0.546875 0.425000 0.550000 0.584375
1 0.539062 0.303125 0.525000 0.689063
1 0.581250 0.300000 0.545312 0.706250
1 0.543750 0.071875 0.554688 0.923438
0 0.835938 0.621875 0.837500 0.381250
0 0.840625 0.753125 0.837500 0.290625
0 0.839063 0.462500 0.834375 0.554688
0 0.837500 0.051562 0.837500 0.979688
0 0.828125 0.017188 0.815625 0.973437
5 0.515625 0.475000 0.515625 0.532813
5 0.523438 0.701562 0.521875 0.304688
5 0.450000 0.751563 0.445312 0.250000
5 0.518750 0.339063 0.526563 0.671875
5 0.559375 0.048438 0.551562 0.959375
