3 0.790625 0.118750 0.210938 0.146875
3 0.962500 0.464062 0.050000 0.431250
3 0.784375 0.815625 0.215625 0.831250
2 0.729688 0.856250 0.276562 0.882812
2 0.770312 0.434375 0.235937 0.448437
2 0.746875 0.273438 0.251563 0.253125
5 0.306250 0.267188 0.712500 0.267188
5 0.679688 0.285938 0.332813 0.279687
5 0.548438 0.000000 0.451562 0.003125
5 0.425000 0.742188 0.635938 0.748437
5 0.673438 0.753125 0.360938 0.737500
5 0.654687 0.948438 0.350000 0.951562
1 0.354688 0.375000 0.646875 0.448437
1 0.368750 0.531250 0.631250 0.489063
1 0.025000 0.000000 0.978125 0.001563
