3 0.679688 0.879687 0.317188 0.128125
3 0.420312 0.725000 0.573438 0.320312
2 0.585938 0.578125 0.407813 0.431250
2 0.310937 0.539062 0.673438 0.454688
1 0.714063 0.167188 0.293750 0.853125
1 0.367188 0.226562 0.643750 0.785937
5 0.767188 0.626563 0.218750 0.378125
5 0.412500 0.078125 0.584375 0.932813
5 0.501563 0.389062 0.492188 0.620313
5 0.290625 0.428125 0.710938 0.573438
3 0.137500 0.623437 0.862500 0.389062
3 0.067187 0.581250 0.928125 0.429688
5 0.153125 0.501563 0.820312 0.559375
5 0.037500 0.507812 0.962500 0.496875
