3 0.000000 0.628750 0.006250 0.368750
3 0.196875 0.420312 0.237500 0.578125
2 0.120313 0.598437 0.120313 0.414062
5 0.406250 0.620313 0.412500 0.381250
5 0.265625 0.664062 0.270313 0.335938
5 0.245312 0.589063 0.253125 0.418750
1 0.465625 0.604688 0.462500 0.398438
1 0.520312 0.604688 0.525000 0.400000
1 0.507812 0.506250 0.501563 0.481250
1 0.562500 0.320312 0.553125 0.675000
0 0.845313 0.359375 0.853125 0.637500
1 0.520312 0.067187 0.515625 0.928125
5 0.456250 0.050000 0.473438 0.948438
5 0.384375 0.303125 0.406250 0.696875
3 0.179688 0.009375 0.179688 0.996875
2 0.232813 0.354688 0.232813 0.640625
