3 0.782813 0.735938 0.212500 0.273438
3 0.656250 0.606250 0.348438 0.396875
3 0.476562 0.709375 0.523438 0.317188
3 0.251563 0.670312 0.742188 0.343750
2 0.253125 0.595313 0.746875 0.414062
2 0.746875 0.695312 0.262500 0.312500
2 0.607812 0.581250 0.407813 0.421875
2 0.464063 0.667188 0.532813 0.342187
5 0.178125 0.475000 0.801562 0.590625
5 0.842187 0.564063 0.157812 0.439063
5 0.584375 0.304688 0.406250 0.690625
5 0.589063 0.370313 0.410938 0.635938
5 0.675000 0.353125 0.326562 0.648438
5 0.409375 0.532813 0.587500 0.471875
1 0.662500 0.328125 0.337500 0.693750
1 0.584375 0.306250 0.423438 0.693750
