3 0.770312 0.176563 0.218750 0.189062
3 0.750000 0.328125 0.254688 0.339062
3 0.775000 0.384375 0.240625 0.382812
3 0.856250 0.754687 0.160938 0.750000
2 0.762500 0.232813 0.228125 0.229687
2 0.748437 0.328125 0.251563 0.296875
2 0.756250 0.443750 0.235937 0.439063
2 0.807813 0.757812 0.195312 0.770312
1 0.631250 0.165625 0.376563 0.159375
1 0.485938 0.228125 0.512500 0.246875
1 0.504687 0.309375 0.500000 0.321875
1 0.660937 0.404687 0.343750 0.412500
1 0.664062 0.434375 0.345313 0.429688
1 0.682813 0.771875 0.306250 0.789062
1 0.648438 0.800000 0.343750 0.803125
0 0.185937 0.259375 0.815625 0.295312
0 0.281250 0.370312 0.729688 0.378125
0 0.287500 0.476562 0.696875 0.478125
0 0.164062 0.860938 0.839063 0.870313
