3 0.040625 0.2375 0.059375 0.253125 0.0796875 0.2640625 0.0859375 0.265625 0.0921875 0.2703125 0.1 0.271875 0.103125 0.275 0.109375 0.2765625 0.134375 0.29375 0.1453125 0.296875 0.1671875 0.296875 0.16875 0.2953125 0.175 0.2953125 0.18125 0.2921875 0.1921875 0.28125 0.19375 0.278125 0.19375 0.2640625 0.171875 0.2390625 0.1703125 0.190625 0.165625 0.175 0.165625 0.1671875 0.159375 0.1484375 0.1515625 0.134375 0.1421875 0.1234375 0.125 0.1078125 0.1171875 0.1046875 0.0921875 0.1046875 0.090625 0.10625 0.0859375 0.10625 0.071875 0.115625 0.0578125 0.134375 0.05 0.15 0.040625 0.178125 0.0390625 0.196875 0.0328125 0.2109375 0.0328125 0.2234375 0.040625 0.2375
3 0.35625 0.265625 0.3515625 0.2765625 0.35 0.2921875 0.3484375 0.29375 0.35 0.3703125 0.3546875 0.3734375 0.3703125 0.3609375 0.3890625 0.3515625 0.4109375 0.3453125 0.421875 0.3390625 0.4265625 0.3390625 0.4359375 0.334375 0.44375 0.3328125 0.4734375 0.31875 0.4734375 0.3125 0.465625 0.296875 0.45625 0.2609375 0.446875 0.2421875 0.4359375 0.2296875 0.4234375 0.2203125 0.41875 0.2203125 0.4171875 0.21875 0.3984375 0.21875 0.3828125 0.225 0.378125 0.228125 0.3671875 0.240625 0.35625 0.2625 0.35625 0.265625
3 0.528125 0.3203125 0.5359375 0.3140625 0.546875 0.309375 0.55625 0.309375 0.56875 0.3046875 0.58125 0.3046875 0.6015625 0.309375 0.63125 0.309375 0.64375 0.3140625 0.6578125 0.3140625 0.6734375 0.3203125 0.6796875 0.3203125 0.68125 0.31875 0.6796875 0.3046875 0.68125 0.275 0.678125 0.2515625 0.6703125 0.225 0.6578125 0.2015625 0.64375 0.1875 0.625 0.1765625 0.6 0.1765625 0.578125 0.1890625 0.5625 0.20625 0.5484375 0.240625 0.540625 0.2953125 0.5328125 0.303125 0.5203125 0.3078125 0.51875 0.3171875 0.521875 0.3203125 0.528125 0.3203125
3 0.471875 0.4390625 0.496875 0.4234375 0.5375 0.415625 0.5359375 0.4 0.5265625 0.371875 0.509375 0.353125 0.5 0.3484375 0.4921875 0.346875 0.4828125 0.3484375 0.4734375 0.35625 0.4703125 0.3625 0.4734375 0.3796875 0.4734375 0.4015625 0.4703125 0.421875 0.471875 0.4390625
3 0.6796875 0.3921875 0.6953125 0.3921875 0.7203125 0.3875 0.7375 0.3890625 0.740625 0.3859375 0.740625 0.38125 0.7375 0.3765625 0.734375 0.34375 0.7265625 0.3125 0.7171875 0.29375 0.709375 0.2859375 0.6984375 0.2796875 0.6859375 0.278125 0.6828125 0.28125 0.684375 0.3203125 0.68125 0.328125 0.68125 0.3421875 0.6875 0.35 0.6890625 0.359375 0.678125 0.390625 0.6796875 0.3921875
3 0.8625 0.340625 0.8640625 0.3421875 0.89375 0.34375 0.9125 0.35 0.928125 0.3578125 0.9515625 0.378125 0.9546875 0.378125 0.9578125 0.3703125 0.95625 0.3296875 0.9546875 0.328125 0.9546875 0.315625 0.9515625 0.309375 0.9484375 0.29375 0.940625 0.2796875 0.9296875 0.2703125 0.9140625 0.2625 0.9046875 0.2625 0.8859375 0.2734375 0.8796875 0.2796875 0.8796875 0.2828125 0.875 0.2890625 0.8671875 0.3078125 0.865625 0.321875 0.8625 0.3296875 0.8625 0.340625
2 0.934375 0.371875 0.925 0.3671875 0.9015625 0.3671875 0.890625 0.3703125 0.8828125 0.36875 0.8734375 0.3703125 0.8703125 0.3734375 0.8671875 0.371875 0.865625 0.375 0.8671875 0.3828125 0.8875 0.3828125 0.8953125 0.378125 0.903125 0.3875 0.91875 0.39375 0.9296875 0.3859375 0.9375 0.39375 0.934375 0.371875
2 0.7046875 0.428125 0.7203125 0.4125 0.7203125 0.4078125 0.728125 0.4 0.734375 0.4015625 0.7359375 0.3984375 0.7265625 0.390625 0.678125 0.3953125 0.6734375 0.403125 0.675 0.4078125 0.671875 0.4234375 0.6796875 0.4234375 0.6875 0.428125 0.7046875 0.428125
2 0.41875 0.390625 0.425 0.4046875 0.440625 0.40625 0.45625 0.3890625 0.4625 0.3890625 0.46875 0.3953125 0.4703125 0.38125 0.4671875 0.3625 0.4734375 0.35 0.4734375 0.3453125 0.46875 0.340625 0.4609375 0.3421875 0.45625 0.3359375 0.4484375 0.3359375 0.4171875 0.346875 0.409375 0.3546875 0.4140625 0.359375 0.4015625 0.378125 0.41875 0.390625
2 0.5109375 0.5125 0.51875 0.5046875 0.5234375 0.490625 0.528125 0.496875 0.5296875 0.5046875 0.5359375 0.5109375 0.540625 0.5125 0.5484375 0.5109375 0.5515625 0.50625 0.5515625 0.4875 0.546875 0.4671875 0.54375 0.4640625 0.5328125 0.4625 0.5078125 0.4640625 0.484375 0.471875 0.4796875 0.4859375 0.4890625 0.509375 0.5 0.515625 0.5109375 0.5125
2 0.58125 0.35 0.590625 0.3359375 0.590625 0.33125 0.5828125 0.325 0.5578125 0.31875 0.5421875 0.321875 0.5375 0.3265625 0.5390625 0.365625 0.5421875 0.3484375 0.5734375 0.353125 0.58125 0.35