3 0.714063 0.628125 0.298438 0.373437
2 0.706250 0.648438 0.289062 0.325000
5 1.000000 0.579390 0.031250 0.426563
3 0.629687 0.526563 0.367188 0.476562
5 0.745313 0.467187 0.265625 0.542188
1 0.790625 0.201562 0.203125 0.787500
0 0.659375 0.109375 0.335938 0.893750
0 0.942187 0.056250 0.056250 0.959375
0 0.785937 0.076562 0.210938 0.915625
0 0.237500 0.204688 0.748437 0.790625
0 0.434375 0.076562 0.610938 0.925000
5 0.401563 0.481250 0.584375 0.520312
2 0.407813 0.525000 0.609375 0.456250
3 0.459375 0.554688 0.543750 0.446875
