3 0.764062 0.767188 0.240625 0.232813
3 0.651563 0.743750 0.343750 0.253125
3 0.600000 0.764062 0.409375 0.228125
3 0.253125 0.798438 0.753125 0.203125
2 0.818750 0.770312 0.192188 0.239063
2 0.656250 0.734375 0.337500 0.254688
2 0.598437 0.764062 0.401562 0.253125
2 0.192187 0.817187 0.804688 0.175000
1 0.825000 0.603125 0.198437 0.368750
1 0.748437 0.526563 0.229687 0.471875
1 0.651563 0.478125 0.351562 0.518750
1 0.564063 0.656250 0.440625 0.342187
1 0.543750 0.651563 0.457813 0.337500
1 0.189063 0.723437 0.798438 0.265625
1 0.200000 0.690625 0.784375 0.307812
0 0.714063 0.223437 0.273438 0.782813
0 0.601562 0.318750 0.387500 0.676562
0 0.556250 0.296875 0.451562 0.707812
0 0.117188 0.167188 0.882812 0.815625
