3 0.837500 0.710938 0.200000 0.289062
3 0.731250 0.690625 0.270313 0.315625
3 0.625000 0.801562 0.384375 0.200000
3 0.462500 0.781250 0.542188 0.221875
3 0.340625 0.760938 0.723437 0.239063
3 0.210938 0.718750 0.823438 0.281250
2 0.771875 0.687500 0.228125 0.300000
2 0.710938 0.667188 0.298438 0.331250
2 0.607812 0.784375 0.401562 0.220312
2 0.425000 0.754687 0.589063 0.234375
2 0.289062 0.753125 0.667188 0.242188
2 0.215625 0.698438 0.817187 0.304688
5 0.857812 0.462500 0.143750 0.578125
5 0.859375 0.620313 0.150000 0.387500
5 0.751563 0.521875 0.250000 0.523438
5 0.553125 0.568750 0.450000 0.440625
5 0.642188 0.585938 0.359375 0.440625
5 0.492188 0.634375 0.504687 0.371875
5 0.318750 0.637500 0.673438 0.393750
1 0.693750 0.359375 0.317188 0.651563
1 0.485938 0.453125 0.506250 0.500000
1 0.412500 0.432813 0.590625 0.576562
0 0.765625 0.100000 0.239063 0.904687
0 0.757812 0.168750 0.242188 0.839063
0 0.704688 0.112500 0.298438 0.898438
0 0.665625 0.137500 0.343750 0.871875
0 0.607812 0.195312 0.392188 0.815625
0 0.540625 0.185937 0.470313 0.821875
0 0.492188 0.209375 0.503125 0.800000
0 0.407813 0.162500 0.596875 0.831250
0 0.375000 0.215625 0.617188 0.793750
0 0.317187 0.142188 0.682813 0.867188
0 0.267188 0.185937 0.732812 0.828125
0 0.226562 0.075000 0.779687 0.928125
1 0.292188 0.403125 0.726562 0.595313
1 0.207812 0.367188 0.801562 0.632812
