3 0.150000 0.096875 0.160938 0.920312
3 0.310937 0.692187 0.323437 0.323437
3 0.145313 0.317187 0.160938 0.684375
3 0.025000 0.893750 0.023438 0.092188
1 0.928125 0.773438 0.920312 0.239063
1 0.823438 0.528125 0.784375 0.467187
1 0.660937 0.121875 0.671875 0.882812
1 0.556250 0.275000 0.570312 0.726562
1 0.484375 0.396875 0.471875 0.606250
1 0.284375 0.821875 0.271875 0.170313
1 0.262500 0.953125 0.285938 0.050000
1 0.528125 0.014062 0.523438 0.993750
2 0.168750 0.020312 0.171875 0.968750
0 0.721875 0.234375 0.743750 0.764062
0 0.573438 0.806250 0.546875 0.196875
0 0.512500 0.851562 0.507812 0.156250
3 0.098437 0.787500 0.084375 0.214062
2 0.359375 0.603125 0.354687 0.403125
