3 0.790625 0.237500 0.209375 0.253125
3 0.881250 0.385937 0.129688 0.373437
3 0.787500 0.921875 0.210938 0.954688
2 0.734375 0.932813 0.251563 0.954688
2 0.784375 0.501563 0.203125 0.520312
2 0.732812 0.237500 0.273438 0.243750
5 0.253125 0.300000 0.750000 0.329688
5 0.610938 0.282813 0.401562 0.289062
5 0.548438 0.000000 0.451562 0.003125
5 0.325000 0.759375 0.696875 0.759375
5 0.603125 0.759375 0.395313 0.784375
5 0.665625 0.996875 0.331250 0.992188
1 0.378125 0.443750 0.598437 0.443750
1 0.368750 0.459375 0.635938 0.451562
1 0.025000 0.000000 0.978125 0.001563
