3 0.762500 0.790625 0.253125 0.209375
3 0.614062 0.881250 0.373437 0.129688
3 0.078125 0.787500 0.954688 0.210938
2 0.067187 0.734375 0.954688 0.251563
2 0.498437 0.784375 0.520312 0.203125
2 0.762500 0.732812 0.243750 0.273438
5 0.700000 0.253125 0.329688 0.750000
5 0.717187 0.610938 0.289062 0.401562
5 1.000000 0.548438 0.003125 0.451562
5 0.240625 0.325000 0.759375 0.696875
5 0.240625 0.603125 0.784375 0.395313
5 0.003125 0.665625 0.992188 0.331250
1 0.556250 0.378125 0.443750 0.598437
1 0.540625 0.368750 0.451562 0.635938
1 1.000000 0.025000 0.001563 0.978125
