2 0.260937 0.196875 0.268750 0.820312
2 0.354687 0.417188 0.360938 0.576562
2 0.285938 0.592187 0.285938 0.375000
2 0.246875 0.887500 0.240625 0.117188
1 0.490625 0.926562 0.496875 0.089063
1 0.454688 0.756250 0.443750 0.239063
1 0.484375 0.656250 0.476562 0.346875
1 0.450000 0.554688 0.462500 0.446875
1 0.542188 0.351562 0.554688 0.646875
1 0.550000 0.468750 0.557813 0.525000
1 0.534375 0.193750 0.526563 0.803125
1 0.710938 0.073438 0.698438 0.932813
5 0.670312 0.962500 0.673438 0.046875
5 0.454688 0.948438 0.450000 0.064062
5 0.370312 0.779687 0.356250 0.214062
5 0.401562 0.903125 0.396875 0.101562
5 0.575000 0.567187 0.589063 0.435937
5 0.562500 0.693750 0.565625 0.301563
5 0.426563 0.423438 0.440625 0.553125
5 0.365625 0.151563 0.371875 0.835938
