3 0.829688 0.284375 0.185938 0.287500
3 0.640625 0.562500 0.390625 0.575000
2 0.553125 0.414062 0.443750 0.425000
2 0.543750 0.631250 0.445312 0.620313
1 0.139062 0.309375 0.848437 0.340625
1 0.181250 0.606250 0.823438 0.603125
5 0.568750 0.164062 0.434375 0.164062
5 0.003125 0.564063 0.996875 0.617188
5 0.312500 0.501563 0.712500 0.509375
5 0.389062 0.704688 0.623437 0.696875
3 0.576562 0.860938 0.412500 0.910937
3 0.550000 0.979688 0.432812 0.981250
5 0.334375 0.862500 0.703125 0.896875
5 0.396875 0.976562 0.625000 0.978125
