3 0.765625 0.706250 0.235937 0.290625
3 0.673438 0.696875 0.326562 0.295312
3 0.565625 0.803125 0.442188 0.196875
3 0.401563 0.770312 0.598437 0.225000
3 0.290625 0.810937 0.698438 0.176563
3 0.150000 0.712500 0.842187 0.275000
2 0.815625 0.690625 0.193750 0.317188
2 0.678125 0.673438 0.323437 0.314063
2 0.567187 0.800000 0.428125 0.196875
2 0.456250 0.765625 0.551562 0.242188
2 0.317187 0.743750 0.695312 0.262500
2 0.215625 0.698438 0.817187 0.304688
5 0.831250 0.382812 0.190625 0.615625
5 0.826562 0.564063 0.179688 0.450000
5 0.731250 0.417188 0.268750 0.598437
5 0.542188 0.517188 0.465625 0.465625
5 0.631250 0.528125 0.376563 0.493750
5 0.493750 0.593750 0.510938 0.417187
5 0.346875 0.625000 0.654687 0.360938
1 0.664062 0.368750 0.334375 0.621875
1 0.506250 0.465625 0.509375 0.551562
1 0.390625 0.418750 0.615625 0.562500
0 0.740625 0.110938 0.237500 0.856250
0 0.704688 0.171875 0.290625 0.817187
0 0.670312 0.064063 0.339062 0.932813
0 0.626563 0.145312 0.357812 0.832812
0 0.584375 0.179688 0.423438 0.796875
0 0.504687 0.154687 0.503125 0.840625
0 0.481250 0.184375 0.534375 0.810937
0 0.421875 0.209375 0.573438 0.798438
0 0.359375 0.189063 0.656250 0.801562
0 0.290625 0.131250 0.720313 0.843750
0 0.221875 0.165625 0.778125 0.818750
0 0.189063 0.117188 0.795312 0.871875
1 0.284375 0.451562 0.710938 0.548438
1 0.178125 0.406250 0.809375 0.581250
