3 0.781250 0.487500 0.228125 0.487500
3 0.885938 0.328125 0.125000 0.329688
2 0.839063 0.373437 0.175000 0.373437
2 0.712500 0.520312 0.287500 0.528125
5 0.482812 0.300000 0.518750 0.298438
5 0.717187 0.304688 0.310937 0.298438
5 0.734375 0.382812 0.278125 0.393750
5 0.693750 0.568750 0.309375 0.571875
1 0.451562 0.632812 0.553125 0.640625
1 0.339063 0.473438 0.637500 0.473438
0 0.012500 0.318750 0.996875 0.317188
0 0.026563 0.360938 0.982812 0.375000
0 0.067187 0.560937 0.970313 0.556250
3 0.589063 0.659375 0.403125 0.660937
5 0.582812 0.670312 0.439063 0.668750
0 0.465625 0.717187 0.523438 0.714063
3 0.657813 0.946875 0.328125 0.971875
5 0.607812 0.962500 0.442188 0.957812
1 0.525000 0.953125 0.471875 0.959375
0 0.417188 0.990625 0.576562 0.975000
0 0.420312 0.942187 0.576562 0.964063
