3 0.167187 0.551562 0.176563 0.442188
3 0.206250 0.179688 0.212500 0.826562
3 0.139063 0.096875 0.151562 0.898438
5 0.434375 0.073438 0.439063 0.932813
5 0.270313 0.053125 0.268750 0.943750
5 0.468750 0.456250 0.479687 0.539062
5 0.284375 0.379687 0.307812 0.618750
0 0.985938 0.279687 0.976562 0.715625
1 0.778125 0.639062 0.792188 0.359375
1 0.614062 0.209375 0.604688 0.781250
1 0.459375 0.323438 0.465625 0.676562
1 0.464062 0.106250 0.445312 0.892188
0 0.776563 0.025000 0.768750 0.970313
2 0.320312 0.445312 0.323437 0.556250
2 0.175000 0.075000 0.154688 0.943750
0 0.726562 0.101562 0.735938 0.898438
0 0.710938 0.137500 0.715625 0.898438
5 0.331250 0.140625 0.332813 0.864062
3 0.185938 0.628125 0.201563 0.370312
2 0.195312 0.603125 0.195312 0.387500
