5 0.996875 1.000000 0.996875 0.009375
5 0.884375 0.595313 0.909375 0.428125
5 0.668750 0.612500 0.679688 0.390625
5 0.395313 0.254687 0.401562 0.751563
5 0.475000 0.157813 0.473438 0.839063
1 0.717187 0.034375 0.706250 0.964063
2 0.309375 0.214063 0.317188 0.785937
3 0.304688 0.176562 0.293750 0.831250
3 0.335938 0.928125 0.337500 0.095312
3 0.332813 0.520312 0.334375 0.504687
3 0.289062 0.207812 0.284375 0.795312
2 0.364063 0.879687 0.370312 0.109375
2 0.335938 0.540625 0.342187 0.462500
1 0.928125 0.137500 0.928125 0.870313
