3 0.120313 0.679688 0.128125 0.317188
3 0.275000 0.420312 0.320312 0.573438
2 0.421875 0.585938 0.431250 0.407813
2 0.460938 0.310937 0.454688 0.673438
1 0.832812 0.714063 0.853125 0.293750
1 0.773438 0.367188 0.785937 0.643750
5 0.373437 0.767188 0.378125 0.218750
5 0.921875 0.412500 0.932813 0.584375
5 0.610938 0.501563 0.620313 0.492188
5 0.571875 0.290625 0.573438 0.710938
3 0.376563 0.137500 0.389062 0.862500
3 0.418750 0.067187 0.429688 0.928125
5 0.498437 0.153125 0.559375 0.820312
5 0.492188 0.037500 0.496875 0.962500
