3 0.832812 0.448437 0.176563 0.442188
3 0.793750 0.820312 0.212500 0.826562
3 0.860938 0.903125 0.151562 0.898438
5 0.565625 0.926562 0.439063 0.932813
5 0.729688 0.946875 0.268750 0.943750
5 0.531250 0.543750 0.479687 0.539062
5 0.715625 0.620313 0.307812 0.618750
0 0.014062 0.720313 0.976562 0.715625
1 0.221875 0.360938 0.792188 0.359375
1 0.385938 0.790625 0.604688 0.781250
1 0.540625 0.676562 0.465625 0.676562
1 0.535937 0.893750 0.445312 0.892188
0 0.223437 0.975000 0.768750 0.970313
2 0.679688 0.554688 0.323437 0.556250
2 0.825000 0.925000 0.154688 0.943750
0 0.273438 0.898438 0.735938 0.898438
0 0.289062 0.862500 0.715625 0.898438
5 0.668750 0.859375 0.332813 0.864062
3 0.814063 0.371875 0.201563 0.370312
2 0.804688 0.396875 0.195312 0.387500
