3 0.512500 0.781250 0.487500 0.228125
3 0.671875 0.885938 0.329688 0.125000
2 0.626563 0.839063 0.373437 0.175000
2 0.479688 0.712500 0.528125 0.287500
5 0.700000 0.482812 0.298438 0.518750
5 0.695312 0.717187 0.298438 0.310937
5 0.617188 0.734375 0.393750 0.278125
5 0.431250 0.693750 0.571875 0.309375
1 0.367188 0.451562 0.640625 0.553125
1 0.526563 0.339063 0.473438 0.637500
0 0.681250 0.012500 0.317188 0.996875
0 0.639062 0.026563 0.375000 0.982812
0 0.439063 0.067187 0.556250 0.970313
3 0.340625 0.589063 0.660937 0.403125
5 0.329688 0.582812 0.668750 0.439063
0 0.282813 0.465625 0.714063 0.523438
3 0.053125 0.657813 0.971875 0.328125
5 0.037500 0.607812 0.957812 0.442188
1 0.046875 0.525000 0.959375 0.471875
0 0.009375 0.417188 0.975000 0.576562
0 0.057813 0.420312 0.964063 0.576562
