3 0.701562 0.182812 0.303125 0.204687
3 0.667188 0.507812 0.332813 0.517188
3 0.696875 0.717187 0.309375 0.720313
2 0.632812 0.245312 0.371875 0.259375
2 0.632812 0.518750 0.354687 0.525000
2 0.668750 0.729688 0.339062 0.734375
5 0.339063 0.117188 0.678125 0.114062
5 0.446875 0.064062 0.584375 0.060937
5 0.387500 0.146875 0.615625 0.176563
5 0.565625 0.423438 0.445312 0.418750
5 0.348437 0.757812 0.653125 0.743750
5 0.395312 0.690625 0.593750 0.696875
5 0.353125 0.882812 0.657813 0.878125
5 0.487500 0.771875 0.495312 0.768750
1 0.195312 0.240625 0.823438 0.225000
1 0.146875 0.542188 0.856250 0.548438
1 0.148438 0.637500 0.871875 0.640625
1 0.160937 0.893750 0.848437 0.898438
