3 0.209375 0.762500 0.209375 0.253125
3 0.118750 0.614062 0.129688 0.373437
3 0.212500 0.078125 0.210938 0.954688
2 0.265625 0.067187 0.251563 0.954688
2 0.215625 0.498437 0.203125 0.520312
2 0.267188 0.762500 0.273438 0.243750
5 0.746875 0.700000 0.750000 0.329688
5 0.389062 0.717187 0.401562 0.289062
5 0.451562 1.000000 0.451562 0.003125
5 0.675000 0.240625 0.696875 0.759375
5 0.396875 0.240625 0.395313 0.784375
5 0.334375 0.003125 0.331250 0.992188
1 0.621875 0.556250 0.598437 0.443750
1 0.631250 0.540625 0.635938 0.451562
1 0.975000 1.000000 0.978125 0.001563
