3 0.725000 0.171875 0.285938 0.168750
3 0.706250 0.423438 0.307812 0.423438
3 0.750000 0.726562 0.265625 0.723437
2 0.648438 0.198437 0.357812 0.214062
2 0.637500 0.476562 0.371875 0.484375
2 0.701562 0.771875 0.301563 0.745313
5 0.342187 0.234375 0.659375 0.182812
5 0.523438 0.062500 0.514062 0.064062
5 0.434375 0.131250 0.595313 0.128125
5 0.482812 0.439063 0.484375 0.431250
5 0.348437 0.784375 0.650000 0.776563
5 0.426562 0.673438 0.593750 0.678125
5 0.460938 0.890625 0.570312 0.884375
5 0.459375 0.789062 0.539062 0.784375
1 0.234375 0.260937 0.779687 0.246875
1 0.185937 0.512500 0.815625 0.525000
1 0.210938 0.629687 0.796875 0.629687
1 0.179688 0.909375 0.823438 0.904687
