3 0.623437 0.193750 0.356250 0.210938
3 0.762500 0.467187 0.239063 0.465625
3 0.742188 0.950000 0.256250 0.951562
2 0.715625 0.804688 0.289062 0.809375
1 0.193750 0.673438 0.820312 0.665625
1 0.200000 0.621875 0.803125 0.612500
1 0.003125 0.381250 0.984375 0.378125
2 0.579688 0.231250 0.421875 0.245312
2 0.612500 0.409375 0.390625 0.403125
5 0.003125 0.000000 0.996875 0.112500
5 0.271719 0.000000 0.729688 0.014063
5 0.487500 0.121875 0.589063 0.128125
5 0.084375 0.356250 0.920312 0.368750
5 0.142188 0.210938 0.878125 0.203125
5 0.468750 0.525000 0.540625 0.525000
5 0.460938 0.356250 0.548438 0.342187
