3 0.628750 1.000000 0.368750 0.006250
3 0.420312 0.803125 0.578125 0.237500
2 0.598437 0.879687 0.414062 0.120313
5 0.620313 0.593750 0.381250 0.412500
5 0.664062 0.734375 0.335938 0.270313
5 0.589063 0.754687 0.418750 0.253125
1 0.604688 0.534375 0.398438 0.462500
1 0.604688 0.479688 0.400000 0.525000
1 0.506250 0.492188 0.481250 0.501563
1 0.320312 0.437500 0.675000 0.553125
0 0.359375 0.154687 0.637500 0.853125
1 0.067187 0.479688 0.928125 0.515625
5 0.050000 0.543750 0.948438 0.473438
5 0.303125 0.615625 0.696875 0.406250
3 0.009375 0.820312 0.996875 0.179688
2 0.354688 0.767188 0.640625 0.232813
