3 0.735938 0.217188 0.273438 0.212500
3 0.606250 0.343750 0.396875 0.348438
3 0.709375 0.523438 0.317188 0.523438
3 0.670312 0.748437 0.343750 0.742188
2 0.595313 0.746875 0.414062 0.746875
2 0.695312 0.253125 0.312500 0.262500
2 0.581250 0.392188 0.421875 0.407813
2 0.667188 0.535937 0.342187 0.532813
5 0.475000 0.821875 0.590625 0.801562
5 0.564063 0.157812 0.439063 0.157812
5 0.304688 0.415625 0.690625 0.406250
5 0.370313 0.410938 0.635938 0.410938
5 0.353125 0.325000 0.648438 0.326562
5 0.532813 0.590625 0.471875 0.587500
1 0.328125 0.337500 0.693750 0.337500
1 0.306250 0.415625 0.693750 0.423438
