3 0.098437 0.939063 0.100000 0.096875
3 0.107813 0.875000 0.121875 0.117188
3 0.171875 0.789062 0.150000 0.201563
3 0.098437 0.679688 0.087500 0.312500
3 0.140625 0.501563 0.132812 0.489063
3 0.145313 0.298438 0.114062 0.700000
3 0.109375 0.107812 0.087500 0.892188
3 0.432812 0.462500 0.442188 0.548438
2 0.125000 0.914062 0.135937 0.109375
2 0.215625 0.787500 0.207813 0.207813
2 0.150000 0.678125 0.142187 0.296875
2 0.157812 0.506250 0.164062 0.481250
2 0.164062 0.307813 0.159375 0.667188
1 0.631250 0.954688 0.637500 0.050000
1 0.553125 0.839063 0.551562 0.167187
1 0.345313 0.826562 0.339062 0.184375
1 0.428125 0.784375 0.435937 0.203125
1 0.353125 0.717187 0.350000 0.278125
1 0.235937 0.609375 0.248438 0.382812
1 0.253125 0.479688 0.239063 0.515625
1 0.246875 0.481250 0.250000 0.506250
1 0.318750 0.396875 0.317188 0.593750
1 0.335938 0.271875 0.342187 0.725000
1 0.582812 0.357812 0.576562 0.635938
1 0.573438 0.437500 0.562500 0.562500
0 0.535937 0.128125 0.550000 0.887500
0 0.540625 0.181250 0.526563 0.818750
0 0.515625 0.296875 0.531250 0.703125
0 0.507812 0.325000 0.503125 0.651563
0 0.671875 0.556250 0.671875 0.454688
0 0.556250 0.617188 0.557813 0.368750
0 0.578125 0.676562 0.545312 0.317188
0 0.732812 0.734375 0.729688 0.276562
0 0.740625 0.860938 0.745313 0.142187
0 0.959375 0.887500 0.954688 0.115625
0 0.876563 0.843750 0.868750 0.160938
