5 0.307813 0.260937 0.698438 0.264062
5 0.387500 0.357812 0.564063 0.346875
5 0.203125 0.390625 0.801562 0.387500
5 0.314063 0.537500 0.695312 0.537500
5 0.178125 0.703125 0.825000 0.715625
5 0.253125 0.784375 0.756250 0.784375
5 0.284375 0.617188 0.720313 0.623437
5 0.412500 0.445312 0.615625 0.451562
5 0.345313 0.417187 0.667188 0.425000
5 0.367188 0.656250 0.678125 0.657813
5 0.326562 0.745313 0.673438 0.748437
5 0.378125 0.831250 0.648438 0.843750
5 0.434375 0.687500 0.595313 0.692187
3 0.506250 0.304688 0.487500 0.300000
3 0.507812 0.360938 0.493750 0.351562
3 0.475000 0.400000 0.506250 0.425000
3 0.487500 0.457813 0.504687 0.446875
3 0.454688 0.478125 0.540625 0.485938
3 0.501563 0.504687 0.478125 0.501563
3 0.451562 0.515625 0.529687 0.512500
3 0.420312 0.557813 0.576562 0.559375
3 0.482812 0.623437 0.523438 0.612500
3 0.514062 0.570312 0.476562 0.559375
3 0.501563 0.612500 0.500000 0.625000
3 0.507812 0.634375 0.518750 0.626563
3 0.504687 0.667188 0.500000 0.653125
3 0.496875 0.710938 0.496875 0.698438
3 0.514062 0.714063 0.468750 0.710938
3 0.506250 0.748437 0.493750 0.759375
3 0.503125 0.759375 0.493750 0.754687
3 0.517188 0.840625 0.476562 0.828125
2 0.490625 0.843750 0.509375 0.825000
2 0.282813 0.428125 0.721875 0.421875
2 0.395312 0.554688 0.593750 0.557813
2 0.365625 0.732812 0.635938 0.710938
2 0.387500 0.804688 0.620313 0.807813
2 0.459375 0.750000 0.540625 0.760938
2 0.464063 0.692187 0.534375 0.714063
2 0.475000 0.673438 0.523438 0.660937
2 0.451562 0.617188 0.557813 0.609375
2 0.479688 0.570312 0.510938 0.571875
2 0.490625 0.623437 0.500000 0.620313
2 0.501563 0.501563 0.496875 0.493750
2 0.440625 0.512500 0.550000 0.514062
2 0.490625 0.425000 0.512500 0.414062
2 0.460938 0.365625 0.529687 0.365625
2 0.479688 0.282813 0.529687 0.284375
1 0.401563 0.396875 0.575000 0.407813
1 0.262500 0.521875 0.764062 0.520312
1 0.218750 0.570312 0.779687 0.560937
0 0.118750 0.862500 0.851562 0.859375
0 0.037500 0.660937 0.928125 0.654687
0 0.075000 0.500000 0.910937 0.498437
0 0.093750 0.457813 0.909375 0.451562
0 0.025000 0.401562 0.957812 0.406250
0 0.003125 0.590625 0.996875 0.607812
0 0.003125 0.539062 0.996875 0.551562
0 0.081250 0.281250 0.915625 0.267188
0 0.073438 0.303125 0.917188 0.315625
0 0.104688 0.342187 0.906250 0.339062
