5 0.003125 0.000000 0.996875 0.009375
5 0.282813 0.404687 0.709375 0.395313
5 0.564063 0.412500 0.450000 0.401562
5 0.604688 0.714063 0.404687 0.718750
5 0.523438 0.825000 0.525000 0.831250
1 0.262500 0.926562 0.745313 0.929688
2 0.678125 0.796875 0.335938 0.804688
3 0.732812 0.793750 0.281250 0.796875
3 0.707812 0.071875 0.304688 0.060937
3 0.731250 0.425000 0.298438 0.421875
3 0.731250 0.717187 0.279687 0.707812
2 0.585938 0.150000 0.418750 0.160938
2 0.664062 0.498437 0.335938 0.459375
1 0.176562 0.859375 0.828125 0.851562
