3 0.293750 0.765625 0.290625 0.235937
3 0.303125 0.673438 0.295312 0.326562
3 0.196875 0.565625 0.196875 0.442188
3 0.229687 0.401563 0.225000 0.598437
3 0.189062 0.290625 0.176563 0.698438
3 0.287500 0.150000 0.275000 0.842187
2 0.309375 0.815625 0.317188 0.193750
2 0.326562 0.678125 0.314063 0.323437
2 0.200000 0.567187 0.196875 0.428125
2 0.234375 0.456250 0.242188 0.551562
2 0.256250 0.317187 0.262500 0.695312
2 0.301563 0.215625 0.304688 0.817187
5 0.617188 0.831250 0.615625 0.190625
5 0.435937 0.826562 0.450000 0.179688
5 0.582812 0.731250 0.598437 0.268750
5 0.482812 0.542188 0.465625 0.465625
5 0.471875 0.631250 0.493750 0.376563
5 0.406250 0.493750 0.417187 0.510938
5 0.375000 0.346875 0.360938 0.654687
1 0.631250 0.664062 0.621875 0.334375
1 0.534375 0.506250 0.551562 0.509375
1 0.581250 0.390625 0.562500 0.615625
0 0.889062 0.740625 0.856250 0.237500
0 0.828125 0.704688 0.817187 0.290625
0 0.935937 0.670312 0.932813 0.339062
0 0.854688 0.626563 0.832812 0.357812
0 0.820312 0.584375 0.796875 0.423438
0 0.845313 0.504687 0.840625 0.503125
0 0.815625 0.481250 0.810937 0.534375
0 0.790625 0.421875 0.798438 0.573438
0 0.810937 0.359375 0.801562 0.656250
0 0.868750 0.290625 0.843750 0.720313
0 0.834375 0.221875 0.818750 0.778125
0 0.882812 0.189063 0.871875 0.795312
1 0.548438 0.284375 0.548438 0.710938
1 0.593750 0.178125 0.581250 0.809375
