3 0 0.354375 0.053125 0.34375 0.0765625 0.3421875 0.078125 0.3328125 0.0734375 0.3078125 0.06875 0.2984375 0.046875 0.2734375 0.0390625 0.2703125 0.0265625 0.2703125 0.009375 0.275 0 0.2803571421875 0 0.354375
3 0.1765625 0.209375 0.1671875 0.203125 0.15 0.203125 0.1234375 0.2140625 0.10625 0.225 0.0953125 0.2359375 0.0796875 0.265625 0.075 0.2890625 0.075 0.303125 0.0828125 0.328125 0.0828125 0.340625 0.0984375 0.340625 0.115625 0.334375 0.1203125 0.334375 0.125 0.33125 0.1296875 0.33125 0.134375 0.328125 0.1609375 0.321875 0.2015625 0.30625 0.20625 0.30625 0.2125 0.303125 0.225 0.303125 0.2296875 0.3 0.2375 0.2984375 0.24375 0.2921875 0.2265625 0.2828125 0.2203125 0.2765625 0.2171875 0.2703125 0.2171875 0.265625 0.209375 0.253125 0.2046875 0.240625 0.18125 0.2171875 0.1765625 0.209375
3 0.3421875 0.4109375 0.33125 0.3890625 0.328125 0.3671875 0.315625 0.353125 0.309375 0.35 0.2875 0.35 0.278125 0.3546875 0.2703125 0.3625 0.2625 0.38125 0.2609375 0.3984375 0.2640625 0.403125 0.271875 0.4078125 0.3046875 0.409375 0.328125 0.415625 0.3328125 0.415625 0.3421875 0.4109375
3 0.3390625 0.3953125 0.35625 0.39375 0.3765625 0.3875 0.3890625 0.3875 0.4 0.3828125 0.4 0.3796875 0.3921875 0.3734375 0.3890625 0.3609375 0.38125 0.3453125 0.3765625 0.3421875 0.3640625 0.3421875 0.353125 0.3453125 0.346875 0.35 0.340625 0.35 0.33125 0.371875 0.3359375 0.39375 0.3390625 0.3953125
3 0.5046875 0.3546875 0.5125 0.3453125 0.5078125 0.3359375 0.4984375 0.33125 0.4875 0.3328125 0.4796875 0.340625 0.475 0.35 0.4765625 0.3828125 0.484375 0.38125 0.496875 0.3703125 0.5046875 0.3546875
3 0.55625 0.33125 0.528125 0.3359375 0.5171875 0.3421875 0.5015625 0.3625 0.4921875 0.3859375 0.4953125 0.3875 0.496875 0.3828125 0.5078125 0.3734375 0.5125 0.371875 0.528125 0.371875 0.553125 0.3796875 0.575 0.3953125 0.58125 0.3984375 0.5859375 0.3984375 0.5859375 0.378125 0.584375 0.3765625 0.584375 0.36875 0.58125 0.3640625 0.58125 0.3609375 0.5703125 0.3453125 0.559375 0.3328125 0.55625 0.33125
3 0.6390625 0.3625 0.65 0.3625 0.6640625 0.365625 0.6875 0.375 0.684375 0.3328125 0.678125 0.3171875 0.6671875 0.30625 0.653125 0.296875 0.640625 0.296875 0.621875 0.3078125 0.6140625 0.315625 0.60625 0.33125 0.6015625 0.353125 0.5984375 0.359375 0.5984375 0.3640625 0.6015625 0.36875 0.6125 0.3625 0.6375 0.3609375 0.6390625 0.3625
3 0.8234375 0.4015625 0.821875 0.3734375 0.8125 0.3546875 0.8015625 0.3453125 0.7890625 0.3421875 0.771875 0.3421875 0.7578125 0.3484375 0.7484375 0.35625 0.74375 0.3640625 0.740625 0.378125 0.7328125 0.3953125 0.7328125 0.403125 0.7375 0.409375 0.7453125 0.4 0.7609375 0.3953125 0.8 0.3953125 0.8109375 0.403125 0.8203125 0.403125 0.8234375 0.4015625
3 0.81875 0.3578125 0.821875 0.359375 0.821875 0.3421875 0.8171875 0.3296875 0.80625 0.31875 0.7828125 0.309375 0.76875 0.309375 0.7609375 0.3140625 0.746875 0.3359375 0.7453125 0.35 0.7515625 0.35 0.76875 0.3421875 0.7734375 0.3375 0.7796875 0.3375 0.8046875 0.3453125 0.8171875 0.353125 0.81875 0.3578125
3 0.875 0.2890625 0.8640625 0.26875 0.846875 0.2625 0.8328125 0.2625 0.828125 0.265625 0.815625 0.2828125 0.815625 0.3109375 0.8328125 0.30625 0.8453125 0.30625 0.8625 0.315625 0.871875 0.3125 0.8765625 0.30625 0.875 0.2890625
3 0.8734375 0.3453125 0.8703125 0.3328125 0.8640625 0.31875 0.8578125 0.3125 0.846875 0.3078125 0.8328125 0.3078125 0.8203125 0.3109375 0.8125 0.315625 0.8109375 0.3203125 0.821875 0.334375 0.825 0.346875 0.825 0.3578125 0.8296875 0.365625 0.85 0.359375 0.871875 0.35625 0.8734375 0.3453125
2 0.0875 0.371875 0.096875 0.3765625 0.1015625 0.3578125 0.0984375 0.35 0.0890625 0.3453125 0.084375 0.346875 0.0875 0.371875
2 0.1890625 0.321875 0.18125 0.3203125 0.178125 0.3234375 0.18125 0.3375 0.2015625 0.3390625 0.2125 0.334375 0.2375 0.3390625 0.2328125 0.3203125 0.221875 0.321875 0.2015625 0.31875 0.1890625 0.321875
0 0.35 0.940625 0.33125 0.9359375 0.328125 0.9375 0.328125 0.9609375 0.3203125 0.9796875 0.31875 0.996875 0.353125 0.996875 0.359375 0.9765625 0.3578125 0.95 0.35 0.940625
0 0.378125 0.8796875 0.3625 0.88125 0.359375 0.8875 0.3578125 0.9171875 0.3625 0.934375 0.3734375 0.9296875 0.3828125 0.9109375 0.38125 0.884375 0.378125 0.8796875
0 0.4359375 0.93125 0.434375 0.865625 0.40625 0.8609375 0.40625 0.9328125 0.4265625 0.9390625 0.4359375 0.93125
0 0.9859375 0.88125 0.9859375 0.86875 0.98125 0.8640625 0.971875 0.8625 0.95625 0.86875 0.9578125 0.8828125 0.953125 0.9140625 0.9578125 0.925 0.975 0.9296875 0.9875 0.925 0.990625 0.909375 0.9859375 0.88125