3 0.710938 0.210938 0.289062 0.217188
3 0.609375 0.439063 0.382812 0.429688
3 0.660937 0.520312 0.337500 0.529687
3 0.596875 0.728125 0.407813 0.731250
2 0.589063 0.779687 0.420312 0.789062
2 0.703125 0.282813 0.290625 0.271875
2 0.601562 0.425000 0.396875 0.420312
2 0.660937 0.559375 0.343750 0.570312
5 0.364062 0.793750 0.640625 0.790625
5 0.531250 0.168750 0.496875 0.171875
5 0.301562 0.375000 0.707812 0.354687
5 0.350000 0.439063 0.667188 0.445312
5 0.337500 0.342187 0.650000 0.351562
5 0.476562 0.576562 0.520312 0.571875
1 0.295312 0.356250 0.695312 0.373437
1 0.301562 0.446875 0.671875 0.448437
