3 0.171875 0.971875 0.179688 0.026562
3 0.173437 0.395312 0.190625 0.598437
3 0.146875 0.154687 0.168750 0.821875
2 0.414062 0.132812 0.400000 0.867188
2 0.290625 0.345313 0.275000 0.632812
2 0.273438 0.790625 0.275000 0.218750
1 0.820312 0.932813 0.823438 0.071875
1 0.751563 0.775000 0.725000 0.226562
1 0.604688 0.726562 0.607812 0.251563
1 0.762500 0.518750 0.768750 0.481250
1 0.728125 0.476562 0.726562 0.532813
5 0.695312 0.162500 0.720313 0.826562
5 0.604688 0.210938 0.620313 0.785937
5 0.464062 0.342187 0.482812 0.653125
5 0.708594 1.000000 0.710938 0.004687
5 0.368750 0.800000 0.373437 0.193750
5 0.300000 0.434375 0.300000 0.560937
3 0.290625 0.418750 0.271875 0.568750
