3 0.879687 0.320312 0.128125 0.317188
3 0.725000 0.579688 0.320312 0.573438
2 0.578125 0.414062 0.431250 0.407813
2 0.539062 0.689063 0.454688 0.673438
1 0.167188 0.285938 0.853125 0.293750
1 0.226562 0.632812 0.785937 0.643750
5 0.626563 0.232813 0.378125 0.218750
5 0.078125 0.587500 0.932813 0.584375
5 0.389062 0.498437 0.620313 0.492188
5 0.428125 0.709375 0.573438 0.710938
3 0.623437 0.862500 0.389062 0.862500
3 0.581250 0.932813 0.429688 0.928125
5 0.501563 0.846875 0.559375 0.820312
5 0.507812 0.962500 0.496875 0.962500
