3 0.371875 0.714063 0.373437 0.298438
2 0.351562 0.706250 0.325000 0.289062
5 0.420610 1.000000 0.426563 0.031250
3 0.473438 0.629687 0.476562 0.367188
5 0.532813 0.745313 0.542188 0.265625
1 0.798438 0.790625 0.787500 0.203125
0 0.890625 0.659375 0.893750 0.335938
0 0.943750 0.942187 0.959375 0.056250
0 0.923438 0.785937 0.915625 0.210938
0 0.795312 0.237500 0.790625 0.748437
0 0.923438 0.434375 0.925000 0.610938
5 0.518750 0.401563 0.520312 0.584375
2 0.475000 0.407813 0.456250 0.609375
3 0.445312 0.459375 0.446875 0.543750
