5 0.681250 0.307813 0.321875 0.673438
5 0.664062 0.396875 0.339062 0.659375
5 0.621875 0.170312 0.368750 0.868750
5 0.464063 0.228125 0.542188 0.773438
5 0.267188 0.206250 0.748437 0.803125
5 0.204688 0.212500 0.801562 0.795312
5 0.354688 0.293750 0.642188 0.698438
5 0.531250 0.312500 0.475000 0.681250
5 0.554688 0.348437 0.440625 0.637500
5 0.328125 0.328125 0.671875 0.664062
5 0.234375 0.328125 0.771875 0.646875
5 0.151563 0.326562 0.851562 0.678125
5 0.312500 0.314063 0.707812 0.664062
3 0.718750 0.482812 0.304688 0.518750
3 0.634375 0.503125 0.360938 0.492188
3 0.600000 0.506250 0.396875 0.504687
3 0.540625 0.462500 0.457813 0.512500
3 0.528125 0.504687 0.462500 0.503125
3 0.515625 0.500000 0.492188 0.496875
3 0.506250 0.468750 0.492188 0.551562
3 0.464063 0.446875 0.534375 0.581250
3 0.376563 0.482812 0.612500 0.523438
3 0.428125 0.490625 0.570312 0.485938
3 0.396875 0.518750 0.600000 0.500000
3 0.365625 0.507812 0.626563 0.518750
3 0.332812 0.504687 0.653125 0.500000
3 0.287500 0.473437 0.710938 0.503125
3 0.307813 0.525000 0.692187 0.490625
3 0.256250 0.531250 0.737500 0.490625
3 0.259375 0.481250 0.764062 0.523438
3 0.159375 0.492188 0.840625 0.482812
2 0.156250 0.490625 0.825000 0.509375
2 0.554688 0.282813 0.428125 0.717187
2 0.460938 0.393750 0.546875 0.601562
2 0.265625 0.345313 0.732812 0.634375
2 0.195312 0.387500 0.807813 0.620313
2 0.259375 0.464063 0.745313 0.545312
2 0.285937 0.465625 0.690625 0.528125
2 0.328125 0.451562 0.675000 0.539062
2 0.367188 0.448438 0.617188 0.548438
2 0.428125 0.489062 0.551562 0.510938
2 0.379687 0.500000 0.601562 0.503125
2 0.495313 0.487500 0.504687 0.503125
2 0.485938 0.450000 0.493750 0.554688
2 0.575000 0.490625 0.414062 0.512500
2 0.634375 0.470313 0.348438 0.531250
2 0.717187 0.479688 0.284375 0.529687
1 0.606250 0.443750 0.390625 0.560937
1 0.478125 0.262500 0.520312 0.764062
1 0.429688 0.189063 0.570312 0.781250
0 0.150000 0.114062 0.859375 0.885938
0 0.362500 0.050000 0.648438 0.967187
0 0.523438 0.093750 0.476562 0.917188
0 0.542188 0.093750 0.451562 0.909375
0 0.606250 0.053125 0.389062 0.970313
0 0.392188 0.003125 0.601562 0.970313
0 0.448438 0.003125 0.551562 0.981250
0 0.718750 0.068750 0.281250 0.918750
0 0.706250 0.087500 0.295312 0.920312
0 0.657813 0.104688 0.339062 0.906250
