3 0.957812 0.871875 0.035937 0.153125
3 0.356250 0.862500 0.632812 0.146875
3 0.067187 0.887500 0.909375 0.114062
2 0.173438 0.567187 0.829688 0.435937
2 0.337500 0.693750 0.665625 0.304688
2 0.826562 0.754687 0.176563 0.257812
1 0.926562 0.257812 0.053125 0.746875
1 0.790625 0.239062 0.218750 0.771875
1 0.692187 0.373437 0.307812 0.623437
1 0.492188 0.262500 0.503125 0.742188
1 0.492188 0.315625 0.506250 0.693750
5 0.109375 0.412500 0.870313 0.632812
5 0.190625 0.453125 0.809375 0.553125
5 0.281250 0.612500 0.706250 0.400000
5 1.000000 0.291406 0.004687 0.710938
5 0.796875 0.689063 0.201563 0.337500
5 0.450000 0.632812 0.568750 0.365625
3 0.437500 0.710938 0.581250 0.290625
