3 0.296875 0.729688 0.312500 0.284375
2 0.315545 0.715665 0.371875 0.282813
5 0.420610 1.000000 0.426563 0.031250
3 0.454688 0.642188 0.460938 0.356250
5 0.515625 0.745313 0.535937 0.234375
1 0.867188 0.809375 0.885938 0.195312
0 0.918750 0.615625 0.912500 0.406250
0 0.912500 0.884375 0.935937 0.095312
0 0.950000 0.834375 0.950000 0.192188
0 0.865625 0.248437 0.878125 0.748437
0 0.914062 0.378125 0.907813 0.592187
5 0.509375 0.371875 0.517188 0.620313
2 0.464062 0.442187 0.475000 0.565625
3 0.364063 0.443750 0.382812 0.548438
