3 0.209375 0.881250 0.210938 0.146875
3 0.037500 0.535937 0.050000 0.431250
3 0.215625 0.184375 0.215625 0.831250
2 0.270313 0.143750 0.276562 0.882812
2 0.229687 0.565625 0.235937 0.448437
2 0.253125 0.726562 0.251563 0.253125
5 0.693750 0.732812 0.712500 0.267188
5 0.320312 0.714063 0.332813 0.279687
5 0.451562 1.000000 0.451562 0.003125
5 0.575000 0.257812 0.635938 0.748437
5 0.326562 0.246875 0.360938 0.737500
5 0.345313 0.051562 0.350000 0.951562
1 0.645312 0.625000 0.646875 0.448437
1 0.631250 0.468750 0.631250 0.489063
1 0.975000 1.000000 0.978125 0.001563
