3 0.246875 0.773438 0.251563 0.253125
3 0.231250 0.504687 0.242188 0.482812
3 0.240625 0.171875 0.246875 0.839063
3 0.335938 0.073438 0.342187 0.948438
5 0.489063 0.207812 0.492188 0.789062
5 0.612500 0.093750 0.596875 0.917188
5 0.462500 0.093750 0.470313 0.910937
5 0.440625 0.496875 0.454688 0.503125
5 0.517188 0.843750 0.515625 0.153125
1 0.759375 0.618750 0.784375 0.387500
2 0.339062 0.471875 0.339062 0.500000
1 0.725000 0.060937 0.725000 0.934375
1 0.500000 0.321875 0.479687 0.671875
0 0.996875 0.007812 0.929688 0.990625
0 0.626563 0.456250 0.628125 0.532813
0 0.643750 0.506250 0.645312 0.514062
