3 0.1765625 0.2296875 0.1890625 0.21875 0.21875 0.21875 0.2265625 0.221875 0.2359375 0.2328125 0.240625 0.2328125 0.24375 0.225 0.2359375 0.2171875 0.2328125 0.1921875 0.225 0.178125 0.2109375 0.16875 0.196875 0.16875 0.1875 0.1734375 0.178125 0.1859375 0.175 0.2109375 0.1640625 0.2234375 0.1765625 0.2296875
3 0.328125 0.25 0.3390625 0.2546875 0.3453125 0.2640625 0.3484375 0.2625 0.3484375 0.25625 0.34375 0.253125 0.3359375 0.2203125 0.3234375 0.209375 0.303125 0.209375 0.29375 0.2203125 0.2875 0.240625 0.284375 0.24375 0.28125 0.234375 0.278125 0.25 0.28125 0.259375 0.296875 0.25 0.328125 0.25
3 0.384375 0.225 0.3828125 0.240625 0.39375 0.253125 0.3984375 0.2546875 0.4 0.2359375 0.409375 0.228125 0.425 0.228125 0.4390625 0.234375 0.44375 0.240625 0.4421875 0.2640625 0.4453125 0.265625 0.4546875 0.2640625 0.4609375 0.2578125 0.4625 0.2453125 0.4515625 0.23125 0.4453125 0.1984375 0.434375 0.1875 0.4203125 0.1875 0.4125 0.1921875 0.4015625 0.2140625 0.3890625 0.2203125 0.384375 0.225
3 0.7546875 0.14375 0.75 0.1609375 0.75 0.1828125 0.74375 0.1953125 0.746875 0.2015625 0.753125 0.203125 0.7578125 0.1859375 0.7796875 0.1734375 0.79375 0.16875 0.803125 0.16875 0.8109375 0.18125 0.8140625 0.18125 0.8234375 0.1734375 0.8234375 0.1671875 0.8125 0.1578125 0.8046875 0.1375 0.7953125 0.128125 0.7875 0.125 0.775 0.1265625 0.765625 0.13125 0.7546875 0.14375
2 0.2328125 0.2375 0.2296875 0.228125 0.2109375 0.221875 0.1875 0.2234375 0.18125 0.2296875 0.1921875 0.2390625 0.2109375 0.2375 0.2265625 0.2421875 0.2328125 0.2375
2 0.328125 0.2515625 0.296875 0.2515625 0.2921875 0.2578125 0.3015625 0.2671875 0.34375 0.265625 0.3375 0.2546875 0.328125 0.2515625
2 0.44375 0.24375 0.4390625 0.2359375 0.4234375 0.2296875 0.409375 0.2296875 0.4015625 0.2359375 0.4015625 0.253125 0.415625 0.2484375 0.440625 0.259375 0.44375 0.24375
2 0.7578125 0.1921875 0.7703125 0.1953125 0.78125 0.1875 0.7921875 0.1921875 0.8078125 0.1828125 0.8046875 0.175 0.7953125 0.1703125 0.7609375 0.1828125 0.7578125 0.1921875
1 0.165625 0.36875 0.159375 0.3765625 0.159375 0.384375 0.16875 0.396875 0.175 0.396875 0.1984375 0.36875 0.196875 0.3453125 0.2 0.3328125 0.1890625 0.3265625 0.184375 0.3265625 0.178125 0.3328125 0.171875 0.3453125 0.165625 0.36875
1 0.228125 0.5140625 0.246875 0.5125 0.2609375 0.4984375 0.2609375 0.4859375 0.2515625 0.4734375 0.2296875 0.471875 0.2140625 0.4859375 0.2140625 0.4953125 0.228125 0.5140625
1 0.309375 0.4953125 0.321875 0.5 0.3296875 0.515625 0.340625 0.5234375 0.3484375 0.521875 0.3515625 0.51875 0.35625 0.5078125 0.359375 0.4921875 0.3578125 0.4796875 0.3484375 0.46875 0.3359375 0.46875 0.3140625 0.4765625 0.3078125 0.4875 0.309375 0.4953125
1 0.4046875 0.3390625 0.4125 0.34375 0.4140625 0.35 0.4359375 0.346875 0.4359375 0.34375 0.440625 0.3421875 0.440625 0.3296875 0.446875 0.3234375 0.44375 0.3046875 0.4375 0.2953125 0.4140625 0.3078125 0.4046875 0.321875 0.403125 0.334375 0.4046875 0.3390625
1 0.434375 0.3359375 0.4296875 0.3453125 0.44375 0.3546875 0.45 0.3546875 0.45625 0.3484375 0.4578125 0.3375 0.4453125 0.3171875 0.4421875 0.2984375 0.4375 0.2953125 0.43125 0.3015625 0.4421875 0.3125 0.4328125 0.328125 0.434375 0.3359375
1 0.771875 0.3171875 0.7890625 0.30625 0.8015625 0.3078125 0.803125 0.290625 0.8109375 0.2765625 0.7984375 0.265625 0.7875 0.2671875 0.7609375 0.2953125 0.7625 0.315625 0.771875 0.3171875
1 0.8 0.3515625 0.803125 0.34375 0.8140625 0.3328125 0.815625 0.3234375 0.8 0.309375 0.784375 0.3078125 0.778125 0.3140625 0.7765625 0.3421875 0.78125 0.346875 0.8 0.3515625
0 0.259375 0.8140625 0.2953125 0.815625 0.2984375 0.8125 0.2984375 0.8015625 0.2859375 0.7765625 0.2734375 0.7828125 0.25625 0.784375 0.2546875 0.8046875 0.259375 0.8140625
0 0.3703125 0.71875 0.378125 0.7296875 0.390625 0.725 0.396875 0.7125 0.3984375 0.68125 0.3875 0.6765625 0.378125 0.6765625 0.375 0.6796875 0.3703125 0.7046875 0.3703125 0.71875
0 0.4765625 0.7125 0.478125 0.696875 0.4703125 0.66875 0.4453125 0.66875 0.44375 0.703125 0.4515625 0.7078125 0.46875 0.7078125 0.4765625 0.7125
0 0.8609375 0.8359375 0.8703125 0.8390625 0.8765625 0.8390625 0.88125 0.8359375 0.8828125 0.8328125 0.8828125 0.815625 0.8796875 0.8046875 0.8703125 0.796875 0.85625 0.778125 0.825 0.7828125 0.83125 0.8140625 0.8421875 0.81875 0.853125 0.83125 0.8609375 0.8359375