5 1.000000 0.003125 0.009375 0.996875
5 0.595313 0.115625 0.428125 0.909375
5 0.612500 0.331250 0.390625 0.679688
5 0.254687 0.604688 0.751563 0.401562
5 0.157813 0.525000 0.839063 0.473438
1 0.034375 0.282813 0.964063 0.706250
2 0.214063 0.690625 0.785937 0.317188
3 0.176562 0.695312 0.831250 0.293750
3 0.928125 0.664062 0.095312 0.337500
3 0.520312 0.667188 0.504687 0.334375
3 0.207812 0.710938 0.795312 0.284375
2 0.879687 0.635938 0.109375 0.370312
2 0.540625 0.664062 0.462500 0.342187
1 0.137500 0.071875 0.870313 0.928125
