3 0.828125 0.725000 0.168750 0.285938
3 0.576562 0.706250 0.423438 0.307812
3 0.273438 0.750000 0.723437 0.265625
2 0.801562 0.648438 0.214062 0.357812
2 0.523438 0.637500 0.484375 0.371875
2 0.228125 0.701562 0.745313 0.301563
5 0.765625 0.342187 0.182812 0.659375
5 0.937500 0.523438 0.064062 0.514062
5 0.868750 0.434375 0.128125 0.595313
5 0.560937 0.482812 0.431250 0.484375
5 0.215625 0.348437 0.776563 0.650000
5 0.326562 0.426562 0.678125 0.593750
5 0.109375 0.460938 0.884375 0.570312
5 0.210938 0.459375 0.784375 0.539062
1 0.739062 0.234375 0.246875 0.779687
1 0.487500 0.185937 0.525000 0.815625
1 0.370313 0.210938 0.629687 0.796875
1 0.090625 0.179688 0.904687 0.823438
