3 0.090625 0.092187 0.109375 0.901563
3 0.221875 0.696875 0.245312 0.290625
3 0.085938 0.318750 0.128125 0.679688
3 0.090625 0.895312 0.089063 0.117188
1 0.821875 0.768750 0.834375 0.226562
1 0.776563 0.571875 0.804688 0.429688
1 0.653125 0.137500 0.656250 0.868750
1 0.523438 0.284375 0.531250 0.717187
1 0.489063 0.417188 0.507812 0.589063
1 0.329688 0.840625 0.329688 0.165625
1 0.282813 0.940625 0.246875 0.062500
1 0.481250 0.040625 0.495312 0.970313
2 0.178125 0.034375 0.193750 0.965625
0 0.801562 0.217187 0.765625 0.790625
0 0.546875 0.803125 0.543750 0.181250
0 0.490625 0.843750 0.481250 0.151562
3 0.120313 0.796875 0.126562 0.206250
2 0.342187 0.640625 0.340625 0.378125
