3 0.925000 0.028125 0.104688 0.032813
3 0.853125 0.154688 0.143750 0.157812
3 0.793750 0.164062 0.206250 0.217188
3 0.868750 0.285938 0.142187 0.301563
3 0.829688 0.459375 0.173437 0.467187
3 0.857812 0.660937 0.157812 0.667188
3 0.890625 0.854688 0.121875 0.873437
3 0.600000 0.523438 0.406250 0.525000
2 0.878125 0.110937 0.107813 0.107813
2 0.792188 0.207813 0.209375 0.178125
2 0.848437 0.304688 0.150000 0.321875
2 0.821875 0.479687 0.173437 0.489063
2 0.834375 0.673438 0.164062 0.692187
1 0.418750 0.017188 0.607812 0.018750
1 0.473437 0.153125 0.542188 0.148438
1 0.654687 0.148438 0.371875 0.151562
1 0.528125 0.212500 0.475000 0.220312
1 0.598437 0.281250 0.401562 0.285938
1 0.734375 0.401562 0.259375 0.406250
1 0.734375 0.492188 0.262500 0.500000
1 0.753125 0.518750 0.250000 0.506250
1 0.631250 0.607812 0.360938 0.610938
1 0.621875 0.748437 0.375000 0.751563
1 0.359375 0.634375 0.637500 0.651563
1 0.448438 0.531250 0.568750 0.534375
0 0.450000 0.893750 0.454688 0.890625
0 0.439063 0.807813 0.562500 0.820312
0 0.420312 0.726562 0.576562 0.729688
0 0.415625 0.656250 0.579688 0.664062
0 0.373437 0.459375 0.640625 0.456250
0 0.421875 0.350000 0.578125 0.376563
0 0.446875 0.303125 0.589063 0.304688
0 0.292188 0.246875 0.720313 0.254688
0 0.328125 0.148438 0.696875 0.148438
0 0.156250 0.054688 0.940625 0.059375
0 0.110938 0.090625 0.890625 0.129688
