3 0.262500 0.489062 0.268750 0.525000
3 0.151562 0.642188 0.157812 0.370312
2 0.160938 0.626563 0.175000 0.373437
2 0.268750 0.481250 0.251563 0.493750
5 0.565625 0.679688 0.589063 0.375000
5 0.318750 0.696875 0.312500 0.307812
5 0.303125 0.595313 0.309375 0.406250
5 0.323437 0.420312 0.326562 0.570312
1 0.565625 0.345313 0.532813 0.654687
1 0.593750 0.546875 0.659375 0.451562
0 0.975000 0.640625 0.987500 0.343750
0 0.939063 0.610938 0.951562 0.378125
0 0.932813 0.439063 0.970313 0.556250
3 0.414062 0.359375 0.423438 0.648438
5 0.401562 0.301562 0.396875 0.696875
0 0.523438 0.285937 0.526563 0.701562
3 0.307812 0.045312 0.312500 0.950000
5 0.439063 0.003125 0.426563 0.996875
1 0.471875 0.040625 0.451562 0.956250
0 0.590625 0.014062 0.589063 0.992188
0 0.576562 0.035937 0.570312 0.939063
