3 0.275000 0.828125 0.285938 0.168750
3 0.293750 0.576562 0.307812 0.423438
3 0.250000 0.273438 0.265625 0.723437
2 0.351562 0.801562 0.357812 0.214062
2 0.362500 0.523438 0.371875 0.484375
2 0.298438 0.228125 0.301563 0.745313
5 0.657813 0.765625 0.659375 0.182812
5 0.476562 0.937500 0.514062 0.064062
5 0.565625 0.868750 0.595313 0.128125
5 0.517188 0.560937 0.484375 0.431250
5 0.651563 0.215625 0.650000 0.776563
5 0.573438 0.326562 0.593750 0.678125
5 0.539062 0.109375 0.570312 0.884375
5 0.540625 0.210938 0.539062 0.784375
1 0.765625 0.739062 0.779687 0.246875
1 0.814063 0.487500 0.815625 0.525000
1 0.789062 0.370313 0.796875 0.629687
1 0.820312 0.090625 0.823438 0.904687
