3 0.706250 0.234375 0.290625 0.235937
3 0.696875 0.326562 0.295312 0.326562
3 0.803125 0.434375 0.196875 0.442188
3 0.770312 0.598437 0.225000 0.598437
3 0.810937 0.709375 0.176563 0.698438
3 0.712500 0.850000 0.275000 0.842187
2 0.690625 0.184375 0.317188 0.193750
2 0.673438 0.321875 0.314063 0.323437
2 0.800000 0.432812 0.196875 0.428125
2 0.765625 0.543750 0.242188 0.551562
2 0.743750 0.682813 0.262500 0.695312
2 0.698438 0.784375 0.304688 0.817187
5 0.382812 0.168750 0.615625 0.190625
5 0.564063 0.173437 0.450000 0.179688
5 0.417188 0.268750 0.598437 0.268750
5 0.517188 0.457813 0.465625 0.465625
5 0.528125 0.368750 0.493750 0.376563
5 0.593750 0.506250 0.417187 0.510938
5 0.625000 0.653125 0.360938 0.654687
1 0.368750 0.335938 0.621875 0.334375
1 0.465625 0.493750 0.551562 0.509375
1 0.418750 0.609375 0.562500 0.615625
0 0.110938 0.259375 0.856250 0.237500
0 0.171875 0.295312 0.817187 0.290625
0 0.064063 0.329688 0.932813 0.339062
0 0.145312 0.373437 0.832812 0.357812
0 0.179688 0.415625 0.796875 0.423438
0 0.154687 0.495312 0.840625 0.503125
0 0.184375 0.518750 0.810937 0.534375
0 0.209375 0.578125 0.798438 0.573438
0 0.189063 0.640625 0.801562 0.656250
0 0.131250 0.709375 0.843750 0.720313
0 0.165625 0.778125 0.818750 0.778125
0 0.117188 0.810937 0.871875 0.795312
1 0.451562 0.715625 0.548438 0.710938
1 0.406250 0.821875 0.581250 0.809375
