2 0.750000 0.864062 0.242188 0.848437
2 0.623437 0.634375 0.379688 0.639062
2 0.689063 0.384375 0.314063 0.387500
2 0.785937 0.120313 0.215625 0.115625
1 0.540625 0.040625 0.473438 0.034375
1 0.514062 0.214062 0.495312 0.234375
1 0.495313 0.303125 0.506250 0.307812
1 0.515625 0.487500 0.462500 0.487500
1 0.421875 0.692187 0.573438 0.696875
1 0.409375 0.550000 0.579688 0.564063
1 0.443750 0.767188 0.568750 0.773438
1 0.323438 0.898438 0.706250 0.896875
5 0.443750 0.034375 0.587500 0.034375
5 0.584375 0.035937 0.432812 0.037500
5 0.612500 0.171875 0.387500 0.193750
5 0.604688 0.079687 0.437500 0.085938
5 0.456250 0.429688 0.550000 0.432812
5 0.501563 0.325000 0.510938 0.310937
5 0.531250 0.601562 0.460938 0.596875
5 0.657813 0.887500 0.339062 0.882812
