3 0.264062 0.782813 0.273438 0.212500
3 0.393750 0.656250 0.396875 0.348438
3 0.290625 0.476562 0.317188 0.523438
3 0.329688 0.251563 0.343750 0.742188
2 0.404687 0.253125 0.414062 0.746875
2 0.304688 0.746875 0.312500 0.262500
2 0.418750 0.607812 0.421875 0.407813
2 0.332813 0.464063 0.342187 0.532813
5 0.525000 0.178125 0.590625 0.801562
5 0.435937 0.842187 0.439063 0.157812
5 0.695312 0.584375 0.690625 0.406250
5 0.629687 0.589063 0.635938 0.410938
5 0.646875 0.675000 0.648438 0.326562
5 0.467187 0.409375 0.471875 0.587500
1 0.671875 0.662500 0.693750 0.337500
1 0.693750 0.584375 0.693750 0.423438
