3 0.376563 0.806250 0.356250 0.210938
3 0.237500 0.532813 0.239063 0.465625
3 0.257812 0.050000 0.256250 0.951562
2 0.284375 0.195312 0.289062 0.809375
1 0.806250 0.326562 0.820312 0.665625
1 0.800000 0.378125 0.803125 0.612500
1 0.996875 0.618750 0.984375 0.378125
2 0.420312 0.768750 0.421875 0.245312
2 0.387500 0.590625 0.390625 0.403125
5 0.996875 1.000000 0.996875 0.112500
5 0.728281 1.000000 0.729688 0.014063
5 0.512500 0.878125 0.589063 0.128125
5 0.915625 0.643750 0.920312 0.368750
5 0.857812 0.789062 0.878125 0.203125
5 0.531250 0.475000 0.540625 0.525000
5 0.539062 0.643750 0.548438 0.342187
