3 0.775000 0.217188 0.237500 0.210938
3 0.720313 0.510938 0.275000 0.514062
3 0.789062 0.804688 0.214062 0.801562
3 0.665625 0.898438 0.334375 0.890625
5 0.637500 0.801562 0.379688 0.807813
5 0.445312 0.893750 0.573438 0.889062
5 0.560937 0.929688 0.432812 0.925000
5 0.614062 0.500000 0.401562 0.490625
5 0.504687 0.153125 0.498437 0.156250
1 0.284375 0.359375 0.718750 0.359375
2 0.620313 0.503125 0.376563 0.518750
1 0.214063 0.917188 0.785937 0.923438
1 0.462500 0.659375 0.537500 0.668750
0 0.075000 0.981250 0.923438 0.959375
0 0.373437 0.543750 0.628125 0.532813
0 0.356250 0.493750 0.645312 0.514062
