5 0.996875 1.000000 0.996875 0.009375
5 0.717187 0.595313 0.709375 0.395313
5 0.435937 0.587500 0.450000 0.401562
5 0.395313 0.285937 0.404687 0.718750
5 0.476562 0.175000 0.525000 0.831250
1 0.737500 0.073438 0.745313 0.929688
2 0.321875 0.203125 0.335938 0.804688
3 0.267188 0.206250 0.281250 0.796875
3 0.292187 0.928125 0.304688 0.060937
3 0.268750 0.575000 0.298438 0.421875
3 0.268750 0.282813 0.279687 0.707812
2 0.414062 0.850000 0.418750 0.160938
2 0.335938 0.501563 0.335938 0.459375
1 0.823438 0.140625 0.828125 0.851562
