2 0.739062 0.803125 0.268750 0.820312
2 0.645312 0.582812 0.360938 0.576562
2 0.714063 0.407813 0.285938 0.375000
2 0.753125 0.112500 0.240625 0.117188
1 0.509375 0.073438 0.496875 0.089063
1 0.545312 0.243750 0.443750 0.239063
1 0.515625 0.343750 0.476562 0.346875
1 0.550000 0.445312 0.462500 0.446875
1 0.457812 0.648438 0.554688 0.646875
1 0.450000 0.531250 0.557813 0.525000
1 0.465625 0.806250 0.526563 0.803125
1 0.289062 0.926562 0.698438 0.932813
5 0.329688 0.037500 0.673438 0.046875
5 0.545312 0.051562 0.450000 0.064062
5 0.629687 0.220312 0.356250 0.214062
5 0.598437 0.096875 0.396875 0.101562
5 0.425000 0.432812 0.589063 0.435937
5 0.437500 0.306250 0.565625 0.301563
5 0.573438 0.576562 0.440625 0.553125
5 0.634375 0.848437 0.371875 0.835938
