3 0.000000 0.628750 0.006250 0.368750
3 0.150000 0.418750 0.164062 0.579688
2 0.090625 0.621875 0.112500 0.381250
5 0.346875 0.648438 0.370312 0.357812
5 0.187500 0.678125 0.204687 0.321875
5 0.153125 0.539062 0.175000 0.439063
1 0.451562 0.651563 0.460938 0.357812
1 0.473438 0.598437 0.485938 0.392188
1 0.562500 0.548438 0.564063 0.482812
1 0.564063 0.348437 0.570312 0.660937
0 0.946875 0.295312 0.943750 0.707812
1 0.595313 0.078125 0.592187 0.928125
5 0.356250 0.034375 0.403125 0.964063
5 0.259375 0.296875 0.318750 0.696875
3 0.104688 0.018750 0.139063 0.967187
2 0.265625 0.389062 0.264062 0.625000
