3 0.715625 0.829688 0.287500 0.185938
3 0.437500 0.640625 0.575000 0.390625
2 0.585938 0.553125 0.425000 0.443750
2 0.368750 0.543750 0.620313 0.445312
1 0.690625 0.139062 0.340625 0.848437
1 0.393750 0.181250 0.603125 0.823438
5 0.835938 0.568750 0.164062 0.434375
5 0.435937 0.003125 0.617188 0.996875
5 0.498437 0.312500 0.509375 0.712500
5 0.295312 0.389062 0.696875 0.623437
3 0.139062 0.576562 0.910937 0.412500
3 0.020312 0.550000 0.981250 0.432812
5 0.137500 0.334375 0.896875 0.703125
5 0.023438 0.396875 0.978125 0.625000
