3 0.909375 0.907813 0.109375 0.901563
3 0.778125 0.303125 0.245312 0.290625
3 0.914062 0.681250 0.128125 0.679688
3 0.909375 0.104688 0.089063 0.117188
1 0.178125 0.231250 0.834375 0.226562
1 0.223437 0.428125 0.804688 0.429688
1 0.346875 0.862500 0.656250 0.868750
1 0.476562 0.715625 0.531250 0.717187
1 0.510938 0.582812 0.507812 0.589063
1 0.670312 0.159375 0.329688 0.165625
1 0.717187 0.059375 0.246875 0.062500
1 0.518750 0.959375 0.495312 0.970313
2 0.821875 0.965625 0.193750 0.965625
0 0.198438 0.782813 0.765625 0.790625
0 0.453125 0.196875 0.543750 0.181250
0 0.509375 0.156250 0.481250 0.151562
3 0.879687 0.203125 0.126562 0.206250
2 0.657813 0.359375 0.340625 0.378125
