3 0.128125 0.957812 0.153125 0.035937
3 0.137500 0.356250 0.146875 0.632812
3 0.112500 0.067187 0.114062 0.909375
2 0.432812 0.173438 0.435937 0.829688
2 0.306250 0.337500 0.304688 0.665625
2 0.245312 0.826562 0.257812 0.176563
1 0.742188 0.926562 0.746875 0.053125
1 0.760938 0.790625 0.771875 0.218750
1 0.626563 0.692187 0.623437 0.307812
1 0.737500 0.492188 0.742188 0.503125
1 0.684375 0.492188 0.693750 0.506250
5 0.587500 0.109375 0.632812 0.870313
5 0.546875 0.190625 0.553125 0.809375
5 0.387500 0.281250 0.400000 0.706250
5 0.708594 1.000000 0.710938 0.004687
5 0.310937 0.796875 0.337500 0.201563
5 0.367188 0.450000 0.365625 0.568750
3 0.289062 0.437500 0.290625 0.581250
