5 0.450000 0.009375 0.551562 0.996875
5 0.315625 0.265625 0.667188 0.745313
5 0.440625 0.329688 0.554688 0.676562
5 0.832812 0.434375 0.175000 0.640625
5 0.920312 0.515625 0.079687 0.525000
3 0.073438 0.885938 0.918750 0.137500
3 0.253125 0.840625 0.735938 0.182812
2 0.243750 0.723437 0.754687 0.275000
3 0.389062 0.676562 0.600000 0.379688
2 0.625000 0.740625 0.384375 0.257812
3 0.610938 0.954688 0.382812 0.051562
2 0.895312 0.700000 0.103125 0.307812
2 0.982812 0.790625 0.017188 0.221875
3 0.785937 0.832812 0.207813 0.178125
3 0.903125 0.790625 0.095312 0.210938
3 0.985938 0.845313 0.007812 0.184375
1 0.093750 0.384375 0.895312 0.634375
1 0.143750 0.520312 0.864062 0.492188
