5 0.075000 0.565625 0.910937 0.560937
5 0.257812 0.651563 0.745313 0.643750
5 0.289062 0.560937 0.721875 0.565625
5 0.135938 0.167187 0.865625 0.165625
5 0.265625 0.087500 0.860938 0.092188
3 0.825000 0.906250 0.207813 0.906250
3 0.771875 0.725000 0.235937 0.725000
2 0.710938 0.731250 0.323437 0.734375
3 0.576562 0.596875 0.423438 0.598437
2 0.740625 0.435937 0.259375 0.442188
3 0.865625 0.359375 0.146875 0.359375
2 0.668750 0.125000 0.325000 0.131250
2 0.773438 0.046875 0.235937 0.067187
3 0.726562 0.195312 0.278125 0.192188
3 0.735938 0.092188 0.267188 0.090625
3 0.798438 0.017188 0.185938 0.017188
1 0.321875 0.889062 0.695312 0.890625
1 0.448438 0.876563 0.573438 0.879687
