5 0.009375 0.550000 0.996875 0.551562
5 0.265625 0.684375 0.745313 0.667188
5 0.329688 0.559375 0.676562 0.554688
5 0.434375 0.167187 0.640625 0.175000
5 0.515625 0.079687 0.525000 0.079687
3 0.885938 0.926562 0.137500 0.918750
3 0.840625 0.746875 0.182812 0.735938
2 0.723437 0.756250 0.275000 0.754687
3 0.676562 0.610938 0.379688 0.600000
2 0.740625 0.375000 0.257812 0.384375
3 0.954688 0.389062 0.051562 0.382812
2 0.700000 0.104688 0.307812 0.103125
2 0.790625 0.017188 0.221875 0.017188
3 0.832812 0.214062 0.178125 0.207813
3 0.790625 0.096875 0.210938 0.095312
3 0.845313 0.014063 0.184375 0.007812
1 0.384375 0.906250 0.634375 0.895312
1 0.520312 0.856250 0.492188 0.864062
