5 0.925000 0.434375 0.910937 0.560937
5 0.742188 0.348437 0.745313 0.643750
5 0.710938 0.439063 0.721875 0.565625
5 0.864062 0.832812 0.865625 0.165625
5 0.734375 0.912500 0.860938 0.092188
3 0.175000 0.093750 0.207813 0.906250
3 0.228125 0.275000 0.235937 0.725000
2 0.289062 0.268750 0.323437 0.734375
3 0.423438 0.403125 0.423438 0.598437
2 0.259375 0.564063 0.259375 0.442188
3 0.134375 0.640625 0.146875 0.359375
2 0.331250 0.875000 0.325000 0.131250
2 0.226562 0.953125 0.235937 0.067187
3 0.273438 0.804688 0.278125 0.192188
3 0.264062 0.907813 0.267188 0.090625
3 0.201563 0.982812 0.185938 0.017188
1 0.678125 0.110938 0.695312 0.890625
1 0.551562 0.123437 0.573438 0.879687
