5 0.434375 0.075000 0.560937 0.910937
5 0.348437 0.257812 0.643750 0.745313
5 0.439063 0.289062 0.565625 0.721875
5 0.832812 0.135938 0.165625 0.865625
5 0.912500 0.265625 0.092188 0.860938
3 0.093750 0.825000 0.906250 0.207813
3 0.275000 0.771875 0.725000 0.235937
2 0.268750 0.710938 0.734375 0.323437
3 0.403125 0.576562 0.598437 0.423438
2 0.564063 0.740625 0.442188 0.259375
3 0.640625 0.865625 0.359375 0.146875
2 0.875000 0.668750 0.131250 0.325000
2 0.953125 0.773438 0.067187 0.235937
3 0.804688 0.726562 0.192188 0.278125
3 0.907813 0.735938 0.090625 0.267188
3 0.982812 0.798438 0.017188 0.185938
1 0.110938 0.321875 0.890625 0.695312
1 0.123437 0.448438 0.879687 0.573438
