5 0.990625 0.450000 0.996875 0.551562
5 0.734375 0.315625 0.745313 0.667188
5 0.670312 0.440625 0.676562 0.554688
5 0.565625 0.832812 0.640625 0.175000
5 0.484375 0.920312 0.525000 0.079687
3 0.114062 0.073438 0.137500 0.918750
3 0.159375 0.253125 0.182812 0.735938
2 0.276562 0.243750 0.275000 0.754687
3 0.323437 0.389062 0.379688 0.600000
2 0.259375 0.625000 0.257812 0.384375
3 0.045312 0.610938 0.051562 0.382812
2 0.300000 0.895312 0.307812 0.103125
2 0.209375 0.982812 0.221875 0.017188
3 0.167187 0.785937 0.178125 0.207813
3 0.209375 0.903125 0.210938 0.095312
3 0.154688 0.985938 0.184375 0.007812
1 0.615625 0.093750 0.634375 0.895312
1 0.479687 0.143750 0.492188 0.864062
