2 0.6125 0.328125 0.6203125 0.3265625 0.6265625 0.31875 0.640625 0.2890625 0.646875 0.284375 0.6515625 0.2859375 0.6578125 0.2921875 0.665625 0.309375 0.671875 0.3171875 0.68125 0.31875 0.696875 0.3109375 0.70625 0.2953125 0.70625 0.284375 0.7078125 0.2828125 0.7078125 0.259375 0.70625 0.2578125 0.70625 0.246875 0.703125 0.2390625 0.690625 0.23125 0.6796875 0.228125 0.640625 0.2265625 0.6203125 0.23125 0.6046875 0.240625 0.590625 0.259375 0.590625 0.2921875 0.5953125 0.315625 0.6078125 0.3265625 0.6125 0.328125
3 0.5890625 0.2375 0.6015625 0.2234375 0.6171875 0.2125 0.621875 0.2125 0.628125 0.209375 0.64375 0.209375 0.6453125 0.2078125 0.66875 0.2078125 0.6703125 0.209375 0.6859375 0.2109375 0.70625 0.225 0.7125 0.2390625 0.7109375 0.24375 0.7109375 0.2640625 0.7140625 0.26875 0.7171875 0.26875 0.721875 0.25625 0.7234375 0.221875 0.721875 0.215625 0.715625 0.2078125 0.709375 0.1609375 0.6953125 0.1171875 0.6890625 0.10625 0.6765625 0.0953125 0.6484375 0.08125 0.634375 0.0828125 0.6046875 0.1125 0.5953125 0.1296875 0.5890625 0.1484375 0.5828125 0.209375 0.5796875 0.2140625 0.575 0.23125 0.5765625 0.253125 0.58125 0.26875 0.5859375 0.26875 0.5890625 0.2375
1 0.8234375 0.821875 0.8296875 0.8234375 0.8296875 0.796875 0.8328125 0.7953125 0.84375 0.8 0.846875 0.796875 0.846875 0.771875 0.8546875 0.7640625 0.8546875 0.75 0.846875 0.7359375 0.846875 0.7234375 0.8421875 0.709375 0.834375 0.7015625 0.8109375 0.690625 0.7390625 0.690625 0.7234375 0.6953125 0.7203125 0.6984375 0.721875 0.71875 0.71875 0.7765625 0.7265625 0.775 0.75 0.7890625 0.784375 0.790625 0.79375 0.7875 0.8046875 0.796875 0.8171875 0.815625 0.8234375 0.821875
1 0.109375 0.403125 0.1078125 0.4203125 0.1125 0.43125 0.128125 0.4203125 0.134375 0.4109375 0.13125 0.3984375 0.1203125 0.390625 0.1125 0.39375 0.109375 0.403125
1 0.1921875 0.4359375 0.1984375 0.45625 0.209375 0.4640625 0.21875 0.4546875 0.2203125 0.4328125 0.2109375 0.421875 0.2 0.4203125 0.19375 0.4265625 0.1921875 0.4359375
1 0.19375 0.3125 0.1859375 0.30625 0.1671875 0.3046875 0.16875 0.3375 0.1796875 0.34375 0.19375 0.328125 0.19375 0.3125
0 0.0875 0.8296875 0.0796875 0.8484375 0.0828125 0.859375 0.096875 0.859375 0.1171875 0.8453125 0.11875 0.8359375 0.1140625 0.8203125 0.09375 0.821875 0.0875 0.8296875
0 0.178125 0.8515625 0.1921875 0.85 0.1953125 0.846875 0.1890625 0.815625 0.1734375 0.8125 0.1703125 0.8234375 0.1734375 0.8484375 0.178125 0.8515625
0 0.25 0.8125 0.240625 0.7765625 0.228125 0.7765625 0.2234375 0.784375 0.21875 0.8203125 0.2046875 0.8375 0.2046875 0.8484375 0.2078125 0.85 0.21875 0.85 0.225 0.846875 0.25 0.8234375 0.25 0.8125
0 0.30625 0.809375 0.29375 0.8046875 0.290625 0.8078125 0.290625 0.815625 0.284375 0.8453125 0.2765625 0.8609375 0.28125 0.8703125 0.2875 0.875 0.3 0.8703125 0.3046875 0.865625 0.30625 0.859375 0.30625 0.809375
3 0.2015625 0.225 0.1953125 0.2125 0.1859375 0.20625 0.175 0.2078125 0.165625 0.2234375 0.1609375 0.2421875 0.1640625 0.246875 0.175 0.246875 0.1921875 0.25625 0.2 0.2640625 0.203125 0.2640625 0.2046875 0.2609375 0.2046875 0.2359375 0.2015625 0.225
3 0.2859375 0.2484375 0.2734375 0.25 0.2640625 0.2640625 0.259375 0.2859375 0.2625 0.29375 0.2828125 0.2984375 0.3046875 0.309375 0.309375 0.3015625 0.309375 0.2765625 0.3046875 0.2609375 0.2921875 0.25 0.2859375 0.2484375