3 0.678125 0.739062 0.318750 0.231250
3 0.592187 0.731250 0.403125 0.262500
3 0.448438 0.765625 0.551562 0.248438
2 0.431250 0.721875 0.570312 0.314063
2 0.626563 0.696875 0.378125 0.318750
2 0.714063 0.717187 0.296875 0.281250
1 0.770312 0.598437 0.231250 0.429688
1 0.678125 0.592187 0.314063 0.409375
1 0.585938 0.375000 0.415625 0.592187
5 0.531250 0.410937 0.465625 0.584375
5 0.628125 0.614062 0.362500 0.423438
0 0.632812 0.184375 0.364063 0.790625
0 0.593750 0.200000 0.403125 0.821875
0 0.703125 0.159375 0.310937 0.839063
0 0.762500 0.195312 0.220312 0.803125
