3 0.739062 0.284375 0.260937 0.292187
3 0.701562 0.389062 0.307812 0.409375
3 0.839063 0.567187 0.181250 0.564063
2 0.754687 0.603125 0.253125 0.576562
2 0.671875 0.412500 0.312500 0.412500
2 0.715625 0.317188 0.271875 0.317188
1 0.565625 0.235937 0.412500 0.251563
1 0.551562 0.328125 0.443750 0.334375
1 0.407813 0.415625 0.585938 0.400000
5 0.442187 0.471875 0.570312 0.468750
5 0.614062 0.392188 0.389062 0.387500
0 0.173438 0.323437 0.839063 0.325000
0 0.129687 0.398438 0.867188 0.412500
0 0.173438 0.312500 0.807813 0.307812
0 0.159375 0.203125 0.843750 0.206250
