3 0.260937 0.715625 0.260937 0.292187
3 0.298438 0.610938 0.307812 0.409375
3 0.160938 0.432813 0.181250 0.564063
2 0.245312 0.396875 0.253125 0.576562
2 0.328125 0.587500 0.312500 0.412500
2 0.284375 0.682813 0.271875 0.317188
1 0.434375 0.764062 0.412500 0.251563
1 0.448437 0.671875 0.443750 0.334375
1 0.592187 0.584375 0.585938 0.400000
5 0.557813 0.528125 0.570312 0.468750
5 0.385937 0.607812 0.389062 0.387500
0 0.826562 0.676562 0.839063 0.325000
0 0.870313 0.601562 0.867188 0.412500
0 0.826562 0.687500 0.807813 0.307812
0 0.840625 0.796875 0.843750 0.206250
