3 0.715625 0.739062 0.292187 0.260937
3 0.610938 0.701562 0.409375 0.307812
3 0.432813 0.839063 0.564063 0.181250
2 0.396875 0.754687 0.576562 0.253125
2 0.587500 0.671875 0.412500 0.312500
2 0.682813 0.715625 0.317188 0.271875
1 0.764062 0.565625 0.251563 0.412500
1 0.671875 0.551562 0.334375 0.443750
1 0.584375 0.407813 0.400000 0.585938
5 0.528125 0.442187 0.468750 0.570312
5 0.607812 0.614062 0.387500 0.389062
0 0.676562 0.173438 0.325000 0.839063
0 0.601562 0.129687 0.412500 0.867188
0 0.687500 0.173438 0.307812 0.807813
0 0.796875 0.159375 0.206250 0.843750
