3 0.739062 0.321875 0.231250 0.318750
3 0.731250 0.407813 0.262500 0.403125
3 0.765625 0.551562 0.248438 0.551562
2 0.721875 0.568750 0.314063 0.570312
2 0.696875 0.373437 0.318750 0.378125
2 0.717187 0.285938 0.281250 0.296875
1 0.598437 0.229687 0.429688 0.231250
1 0.592187 0.321875 0.409375 0.314063
1 0.375000 0.414062 0.592187 0.415625
5 0.410937 0.468750 0.584375 0.465625
5 0.614062 0.371875 0.423438 0.362500
0 0.184375 0.367188 0.790625 0.364063
0 0.200000 0.406250 0.821875 0.403125
0 0.159375 0.296875 0.839063 0.310937
0 0.195312 0.237500 0.803125 0.220312
