3 0.260937 0.678125 0.231250 0.318750
3 0.268750 0.592187 0.262500 0.403125
3 0.234375 0.448438 0.248438 0.551562
2 0.278125 0.431250 0.314063 0.570312
2 0.303125 0.626563 0.318750 0.378125
2 0.282813 0.714063 0.281250 0.296875
1 0.401562 0.770312 0.429688 0.231250
1 0.407813 0.678125 0.409375 0.314063
1 0.625000 0.585938 0.592187 0.415625
5 0.589063 0.531250 0.584375 0.465625
5 0.385937 0.628125 0.423438 0.362500
0 0.815625 0.632812 0.790625 0.364063
0 0.800000 0.593750 0.821875 0.403125
0 0.840625 0.703125 0.839063 0.310937
0 0.804688 0.762500 0.803125 0.220312
