2 0.1625 0.2359375 0.171875 0.2390625 0.175 0.2296875 0.1609375 0.2265625 0.1390625 0.228125 0.1328125 0.225 0.1359375 0.246875 0.140625 0.2390625 0.159375 0.240625 0.1625 0.2359375
5 0.103125 0.3234375 0.1078125 0.346875 0.1109375 0.4765625 0.1046875 0.4828125 0.1015625 0.4921875 0.103125 0.4984375 0.1015625 0.528125 0.10625 0.53125 0.1140625 0.553125 0.1140625 0.5578125 0.109375 0.5625 0.1140625 0.5671875 0.115625 0.575 0.1234375 0.58125 0.1265625 0.58125 0.128125 0.5765625 0.128125 0.559375 0.1234375 0.546875 0.1203125 0.5234375 0.1265625 0.465625 0.125 0.4453125 0.1265625 0.44375 0.125 0.4203125 0.128125 0.4015625 0.1265625 0.3359375 0.1296875 0.2953125 0.1359375 0.265625 0.125 0.271875 0.1078125 0.290625 0.1046875 0.2984375 0.103125 0.3234375
5 0.2109375 0.4796875 0.215625 0.5078125 0.21875 0.553125 0.225 0.559375 0.23125 0.5546875 0.2328125 0.5484375 0.2328125 0.4859375 0.23125 0.4609375 0.2234375 0.440625 0.2203125 0.390625 0.221875 0.3859375 0.21875 0.3578125 0.2203125 0.3015625 0.2171875 0.2953125 0.2140625 0.275 0.190625 0.2609375 0.18125 0.2609375 0.1890625 0.2765625 0.20625 0.3703125 0.209375 0.4046875 0.2109375 0.4796875
5 0.553125 0.353125 0.5546875 0.4421875 0.559375 0.465625 0.5578125 0.4734375 0.5578125 0.5203125 0.55625 0.521875 0.5578125 0.5421875 0.5625 0.5484375 0.575 0.55 0.5875 0.5375 0.590625 0.5375 0.60625 0.5515625 0.6125 0.553125 0.615625 0.5515625 0.61875 0.553125 0.6390625 0.553125 0.65 0.546875 0.65625 0.540625 0.6625 0.5203125 0.6640625 0.4671875 0.659375 0.45 0.659375 0.4265625 0.65 0.415625 0.646875 0.384375 0.640625 0.3640625 0.640625 0.3546875 0.6375 0.346875 0.6359375 0.3328125 0.63125 0.3203125 0.621875 0.3046875 0.6125 0.2953125 0.603125 0.28125 0.596875 0.275 0.59375 0.275 0.5890625 0.2828125 0.5765625 0.3171875 0.5578125 0.3359375 0.553125 0.353125
3 0.825 0.428125 0.825 0.45625 0.83125 0.4734375 0.8375 0.4828125 0.8390625 0.4921875 0.84375 0.4984375 0.85 0.4953125 0.8734375 0.471875 0.8734375 0.4390625 0.8765625 0.43125 0.8765625 0.421875 0.8671875 0.4 0.8546875 0.390625 0.8484375 0.3921875 0.8375 0.4015625 0.8265625 0.41875 0.825 0.428125
5 0.8890625 0.44375 0.8921875 0.4625 0.89375 0.509375 0.890625 0.5171875 0.8828125 0.525 0.8765625 0.5265625 0.8609375 0.5171875 0.853125 0.5078125 0.8515625 0.5234375 0.8546875 0.5375 0.865625 0.56875 0.8765625 0.584375 0.88125 0.5953125 0.8984375 0.6125 0.9046875 0.6265625 0.909375 0.6453125 0.9140625 0.6515625 0.9203125 0.653125 0.925 0.6578125 0.9296875 0.6546875 0.9359375 0.659375 0.946875 0.6609375 0.9515625 0.659375 0.9578125 0.6515625 0.9703125 0.65 0.984375 0.6515625 0.996875 0.65625 0.996875 0.4390625 0.959375 0.4 0.9390625 0.3890625 0.9265625 0.3875 0.909375 0.39375 0.89375 0.4109375 0.88125 0.41875 0.8890625 0.44375
5 0.796875 0.4484375 0.796875 0.4546875 0.8 0.4578125 0.8046875 0.4578125 0.8125 0.46875 0.8140625 0.5109375 0.8171875 0.5234375 0.815625 0.525 0.8171875 0.553125 0.8234375 0.55 0.85 0.5140625 0.8484375 0.5015625 0.8390625 0.49375 0.8234375 0.4546875 0.825 0.421875 0.815625 0.421875 0.8078125 0.4265625 0.8015625 0.434375 0.796875 0.4484375
1 0.8578125 0.7890625 0.8578125 0.803125 0.8609375 0.8078125 0.8640625 0.809375 0.871875 0.8078125 0.8796875 0.803125 0.8828125 0.7921875 0.884375 0.775 0.8890625 0.765625 0.878125 0.74375 0.875 0.7421875 0.8546875 0.7609375 0.8484375 0.775 0.85 0.7828125 0.8578125 0.7890625
1 0.5671875 0.5953125 0.5734375 0.603125 0.5796875 0.6078125 0.5875 0.6078125 0.5890625 0.6046875 0.5890625 0.6 0.6 0.5609375 0.6 0.5515625 0.5890625 0.5390625 0.584375 0.5421875 0.578125 0.5515625 0.5671875 0.5765625 0.5671875 0.5953125
0 0.5265625 0.834375 0.53125 0.828125 0.5375 0.840625 0.55625 0.8375 0.5578125 0.8078125 0.5484375 0.8203125 0.5375 0.8203125 0.5234375 0.7984375 0.515625 0.8125 0.5015625 0.8125 0.49375 0.81875 0.4953125 0.83125 0.503125 0.8390625 0.515625 0.83125 0.5265625 0.834375
0 0.6515625 0.9203125 0.6734375 0.9234375 0.6890625 0.90625 0.6859375 0.8875 0.6828125 0.884375 0.6671875 0.8875 0.6515625 0.884375 0.6359375 0.8921875 0.634375 0.903125 0.6359375 0.9109375 0.646875 0.915625 0.6515625 0.9203125
0 0.203125 0.8640625 0.1828125 0.8625 0.1796875 0.8921875 0.184375 0.8953125 0.2046875 0.89375 0.203125 0.8640625
0 0.19375 0.8953125 0.1796875 0.8953125 0.1640625 0.8890625 0.146875 0.9046875 0.146875 0.9171875 0.1953125 0.9140625 0.196875 0.90625 0.19375 0.8953125