2 0.275 0.16875 0.2734375 0.1734375 0.2796875 0.1859375 0.2953125 0.190625 0.303125 0.184375 0.315625 0.1890625 0.321875 0.1703125 0.3171875 0.165625 0.275 0.16875
5 0.246875 0.521875 0.253125 0.4984375 0.25625 0.446875 0.259375 0.434375 0.2609375 0.26875 0.2640625 0.234375 0.2515625 0.2421875 0.23125 0.2671875 0.234375 0.31875 0.2375 0.33125 0.2359375 0.365625 0.240625 0.4296875 0.2375 0.5703125 0.2421875 0.5921875 0.2453125 0.5875 0.246875 0.521875
5 0.371875 0.5703125 0.375 0.559375 0.371875 0.5453125 0.3734375 0.5375 0.371875 0.4515625 0.365625 0.4421875 0.3640625 0.421875 0.3609375 0.4140625 0.359375 0.3625 0.3609375 0.3421875 0.3578125 0.325 0.3578125 0.2875 0.3515625 0.2390625 0.3484375 0.234375 0.3203125 0.225 0.31875 0.2265625 0.325 0.234375 0.3296875 0.246875 0.3359375 0.278125 0.3484375 0.425 0.3515625 0.54375 0.35625 0.559375 0.35625 0.5734375 0.359375 0.5765625 0.371875 0.5703125
0 0.1234375 0.978125 0.1359375 0.990625 0.146875 0.996875 0.18125 0.996875 0.18125 0.9890625 0.1671875 0.9765625 0.15625 0.95625 0.1390625 0.959375 0.128125 0.9578125 0.1234375 0.978125
0 0.1828125 0.959375 0.171875 0.9640625 0.1671875 0.9703125 0.1734375 0.98125 0.190625 0.9890625 0.225 0.9890625 0.2296875 0.9875 0.234375 0.98125 0.234375 0.9703125 0.2296875 0.965625 0.2046875 0.959375 0.1921875 0.9484375 0.1828125 0.959375
0 0.25 0.9796875 0.2703125 0.9796875 0.2828125 0.971875 0.2890625 0.971875 0.2953125 0.96875 0.29375 0.95 0.2625 0.9390625 0.246875 0.9625 0.246875 0.9765625 0.25 0.9796875
0 0.421875 0.965625 0.425 0.959375 0.4234375 0.95 0.4171875 0.9421875 0.3984375 0.934375 0.38125 0.9421875 0.3671875 0.94375 0.3640625 0.9640625 0.3703125 0.9703125 0.3890625 0.975 0.4015625 0.9640625 0.415625 0.9671875 0.421875 0.965625
1 0.56875 0.565625 0.5578125 0.5140625 0.5484375 0.5140625 0.540625 0.51875 0.540625 0.5265625 0.5359375 0.5375 0.5375 0.5625 0.55 0.578125 0.5578125 0.565625 0.5625 0.56875 0.5671875 0.56875 0.56875 0.565625
1 0.653125 0.5109375 0.64375 0.5046875 0.6375 0.5140625 0.6296875 0.546875 0.6328125 0.5546875 0.6390625 0.5515625 0.6421875 0.5546875 0.64375 0.575 0.646875 0.58125 0.6515625 0.58125 0.65625 0.5734375 0.653125 0.5109375
1 0.840625 0.7828125 0.8359375 0.796875 0.834375 0.8265625 0.8375 0.8484375 0.846875 0.8578125 0.8578125 0.8484375 0.8625 0.821875 0.8578125 0.803125 0.8578125 0.7859375 0.8484375 0.7875 0.840625 0.7828125
1 0.809375 0.775 0.80625 0.80625 0.8078125 0.83125 0.8125 0.8296875 0.81875 0.803125 0.8265625 0.796875 0.8265625 0.771875 0.815625 0.771875 0.809375 0.775
5 0.5625 0.5359375 0.565625 0.5421875 0.5859375 0.540625 0.5984375 0.5296875 0.6015625 0.5296875 0.6171875 0.5421875 0.628125 0.54375 0.634375 0.5265625 0.6359375 0.515625 0.64375 0.496875 0.646875 0.4796875 0.646875 0.4609375 0.65625 0.421875 0.6546875 0.3078125 0.65 0.2921875 0.6328125 0.2875 0.6296875 0.2984375 0.6296875 0.3109375 0.6265625 0.31875 0.6265625 0.3359375 0.621875 0.359375 0.6203125 0.390625 0.6109375 0.4140625 0.60625 0.41875 0.603125 0.4140625 0.6046875 0.409375 0.603125 0.4078125 0.603125 0.3890625 0.5921875 0.309375 0.5875 0.2921875 0.5859375 0.275 0.58125 0.2734375 0.5640625 0.284375 0.55625 0.2921875 0.55625 0.325 0.5609375 0.3578125 0.559375 0.396875 0.55625 0.41875 0.55625 0.471875 0.5609375 0.5078125 0.559375 0.51875 0.5625 0.5359375
5 0.8421875 0.565625 0.840625 0.575 0.84375 0.5765625 0.8515625 0.5578125 0.865625 0.5453125 0.8765625 0.5265625 0.8828125 0.5203125 0.8953125 0.5234375 0.90625 0.53125 0.9109375 0.5546875 0.909375 0.571875 0.9 0.60625 0.884375 0.621875 0.8828125 0.6265625 0.8828125 0.6390625 0.884375 0.640625 0.8828125 0.6453125 0.8859375 0.65 0.8953125 0.6375 0.9140625 0.6015625 0.921875 0.5921875 0.93125 0.584375 0.95 0.5765625 0.9625 0.5671875 0.975 0.553125 0.9859375 0.5328125 0.9875 0.5234375 0.98125 0.5125 0.9734375 0.5046875 0.9640625 0.5 0.9625 0.496875 0.9453125 0.4875 0.9359375 0.484375 0.921875 0.484375 0.91875 0.4828125 0.8890625 0.4890625 0.8734375 0.496875 0.8359375 0.5375 0.834375 0.546875 0.840625 0.55625 0.840625 0.5640625 0.8421875 0.565625