5 0.5984375 0.425 0.596875 0.5140625 0.6 0.528125 0.634375 0.5265625 0.640625 0.5015625 0.64375 0.46875 0.6390625 0.4421875 0.634375 0.43125 0.6359375 0.4234375 0.634375 0.4015625 0.640625 0.3953125 0.64375 0.3765625 0.6390625 0.3640625 0.628125 0.353125 0.60625 0.365625 0.5921875 0.39375 0.5921875 0.4078125 0.5984375 0.425
5 0.4546875 0.4546875 0.45625 0.496875 0.459375 0.5015625 0.4765625 0.4984375 0.4984375 0.5 0.5046875 0.4875 0.5015625 0.4078125 0.4984375 0.3984375 0.49375 0.3953125 0.4765625 0.3953125 0.465625 0.3984375 0.459375 0.4125 0.4546875 0.4546875
0 0.446875 0.73125 0.453125 0.7109375 0.4421875 0.6984375 0.4296875 0.696875 0.4265625 0.7 0.4265625 0.7078125 0.44375 0.73125 0.446875 0.73125
0 0.5234375 0.7578125 0.5296875 0.75625 0.5359375 0.7390625 0.5359375 0.7171875 0.5234375 0.7109375 0.5046875 0.7109375 0.503125 0.7234375 0.4953125 0.7375 0.515625 0.7546875 0.5234375 0.7578125
0 0.5765625 0.778125 0.59375 0.78125 0.5953125 0.7515625 0.5828125 0.746875 0.571875 0.759375 0.5640625 0.7625 0.5625 0.76875 0.5765625 0.778125
0 0.6078125 0.765625 0.6203125 0.7734375 0.6453125 0.7703125 0.65 0.7640625 0.6484375 0.74375 0.6296875 0.740625 0.6171875 0.75625 0.6078125 0.7609375 0.6078125 0.765625
0 0.6109375 0.7484375 0.6265625 0.7390625 0.6234375 0.715625 0.6078125 0.71875 0.6015625 0.7421875 0.6046875 0.7484375 0.6109375 0.7484375
0 0.5046875 0.7109375 0.4875 0.7046875 0.4734375 0.7265625 0.49375 0.7359375 0.5015625 0.7296875 0.5046875 0.7109375
3 0.5796875 0.36875 0.5859375 0.3765625 0.5890625 0.3734375 0.5875 0.353125 0.575 0.3375 0.553125 0.34375 0.5578125 0.3828125 0.5703125 0.36875 0.5796875 0.36875
3 0.60625 0.30625 0.615625 0.3078125 0.6203125 0.3125 0.6203125 0.3171875 0.6234375 0.3140625 0.625 0.303125 0.6203125 0.278125 0.6078125 0.2765625 0.59375 0.2828125 0.5890625 0.3203125 0.60625 0.30625
2 0.5734375 0.384375 0.5828125 0.375 0.58125 0.3703125 0.565625 0.3703125 0.5578125 0.3859375 0.565625 0.38125 0.5734375 0.384375
3 0.4640625 0.371875 0.4890625 0.3671875 0.49375 0.3625 0.49375 0.346875 0.48125 0.3296875 0.471875 0.3296875 0.4625 0.3375 0.4609375 0.3671875 0.4640625 0.371875