3 0.330110496875 0.30694444375 0.35773480625 0.31944444375000003 0.3701657453125 0.309722221875 0.3756906078125 0.3083333328125 0.3784530390625 0.302777778125 0.3770718234375 0.27777777812500004 0.3729281765625 0.26527777812500003 0.3660221 0.25833333281250004 0.35911602187499997 0.25555555625 0.33977900625 0.25555555625 0.33287292812499997 0.25833333281250004 0.3176795578125 0.259722221875 0.30801105 0.2625 0.30524861875 0.26805555625 0.30524861875 0.2791666671875 0.31629834218749997 0.2958333328125 0.330110496875 0.30694444375
3 0.645027625 0.03194444375 0.6256906078125 0.0416666671875 0.6201657453125 0.047222221875 0.6187845296875001 0.0513888890625 0.6201657453125 0.0861111109375 0.6229281765625 0.0888888890625 0.6298342546875 0.0888888890625 0.6395027625 0.09305555625 0.66022099375 0.0875 0.693370165625 0.059722221875 0.690607734375 0.047222221875 0.6850828734375 0.04305555625 0.67127071875 0.0416666671875 0.66022099375 0.03194444375 0.645027625 0.03194444375
3 0.8439226515625 0.06944444375 0.8784530390624999 0.072222221875 0.9019337015625 0.0666666671875 0.9046961328125 0.061111110937500004 0.9046961328125 0.052777778124999994 0.8977900546875001 0.022222221875 0.882596684375 0.019444443750000002 0.8604972375 0.019444443750000002 0.8508287296875 0.0236111109375 0.8494475140625 0.03194444375 0.8411602203124999 0.04444444375 0.8411602203124999 0.061111110937500004 0.8439226515625 0.06944444375
5 0.6464088390625 0.15555555625 0.6505524859375 0.17916666718750002 0.6477900546875001 0.215277778125 0.6546961328124999 0.215277778125 0.661602209375 0.21944444375 0.7182320437499999 0.21805555625 0.7361878453124999 0.20416666718749998 0.7306629828125 0.1833333328125 0.7306629828125 0.1458333328125 0.719613259375 0.12222222187500001 0.7182320437499999 0.10555555624999999 0.716850828125 0.10833333281249999 0.7058011046875 0.10833333281249999 0.7030386734375 0.10555555624999999 0.690607734375 0.10555555624999999 0.6809392265625 0.1 0.6698895031250001 0.1111111109375 0.661602209375 0.11388888906250001 0.6505524859375 0.1263888890625 0.6464088390625 0.15555555625
5 0.8480662984375 0.125 0.8784530390624999 0.14861111093749999 0.8839779 0.15555555625 0.8812154703124999 0.172222221875 0.8715469609375001 0.177777778125 0.859116021875 0.17916666718750002 0.8577348062500001 0.18055555625 0.859116021875 0.1888888890625 0.882596684375 0.20833333281250002 0.890883978125 0.21111111093749999 0.9033149171874999 0.21111111093749999 0.9088397796875001 0.2166666671875 0.91574585625 0.2166666671875 0.9198895031250001 0.2138888890625 0.9281767953125 0.1861111109375 0.9254143640624999 0.1763888890625 0.9240331484375 0.125 0.9254143640624999 0.0986111109375 0.9198895031250001 0.0916666671875 0.9143646406249999 0.0888888890625 0.8991712703125 0.0861111109375 0.8729281765625 0.10138888906250001 0.8604972375 0.1125 0.8480662984375 0.1166666671875 0.8480662984375 0.125
1 0.5801104968749999 0.1166666671875 0.5801104968749999 0.12361111093749999 0.5842541437500001 0.127777778125 0.6022099453124999 0.134722221875 0.609116021875 0.1166666671875 0.60773480625 0.09305555625 0.5953038671875001 0.0916666671875 0.5773480656250001 0.09444444375 0.5662983421875001 0.1041666671875 0.5662983421875001 0.109722221875 0.5773480656250001 0.11388888906250001 0.5801104968749999 0.1166666671875
1 0.6312154703124999 0.2541666671875 0.638121546875 0.2541666671875 0.645027625 0.2486111109375 0.6395027625 0.21805555625 0.6284530390625 0.222222221875 0.6243093921875 0.23055555625 0.6256906078125 0.24722222187499998 0.6312154703124999 0.2541666671875
1 0.356353590625 0.4888888890625 0.361878453125 0.4888888890625 0.388121546875 0.475 0.38674033125 0.45277777812500003 0.3743093921875 0.45277777812500003 0.35911602187499997 0.44444444375 0.3522099453125 0.4458333328125 0.3480662984375 0.46388888906250003 0.3480662984375 0.47361111093749997 0.3522099453125 0.48472222187499997 0.356353590625 0.4888888890625
0 0.8356353593750001 0.44444444375 0.83977900625 0.4388888890625 0.83977900625 0.42222222187499997 0.8356353593750001 0.415277778125 0.8176795578125 0.415277778125 0.806629834375 0.41111111093749997 0.7969613265625 0.41111111093749997 0.7734806625 0.41805555625 0.7638121546875001 0.425 0.7638121546875001 0.43333333281249997 0.779005525 0.440277778125 0.8314917124999999 0.4458333328125 0.8356353593750001 0.44444444375
0 0.9240331484375 0.4375 0.9295580109375001 0.4291666671875 0.9295580109375001 0.41805555625 0.922651934375 0.40694444374999994 0.8701657453125 0.40416666718750005 0.861878453125 0.40833333281249995 0.859116021875 0.41805555625 0.854972375 0.4125 0.8535911609375001 0.415277778125 0.854972375 0.42083333281249996 0.8895027625 0.425 0.912983425 0.4375 0.9240331484375 0.4375
0 0.19889502812499998 0.5791666671875 0.21823204375 0.5763888890625 0.23066298281250003 0.577777778125 0.2417127078125 0.5666666671875 0.25 0.565277778125 0.25276243125 0.559722221875 0.25138121562500004 0.5555555562500001 0.2444751375 0.5583333328125 0.2389502765625 0.55694444375 0.225138121875 0.5458333328125 0.20027624375 0.5458333328125 0.1864640890625 0.540277778125 0.1781767953125 0.540277778125 0.17265193437499998 0.55 0.1740331484375 0.5666666671875 0.17679557968749998 0.5694444437499999 0.19198895 0.5722222218749999 0.19889502812499998 0.5791666671875
0 0.6533149171875 0.46666666718750005 0.6685082875 0.46666666718750005 0.6740331484375 0.459722221875 0.6767955796875 0.44444444375 0.67127071875 0.4361111109375 0.6546961328124999 0.4388888890625 0.64226519375 0.43055555625 0.606353590625 0.4291666671875 0.5994475140625 0.4388888890625 0.5994475140625 0.4486111109375 0.60773480625 0.45694444375 0.6160221 0.4611111109375 0.6533149171875 0.46666666718750005
0 0.696132596875 0.42222222187499997 0.6850828734375 0.427777778125 0.6823204421875 0.43194444374999996 0.6823204421875 0.4361111109375 0.6850828734375 0.440277778125 0.68922651875 0.440277778125 0.7071823203125 0.4458333328125 0.7182320437499999 0.4458333328125 0.7417127078125 0.45694444375 0.7527624312500001 0.45694444375 0.7610497234375 0.4513888890625 0.7596685078125 0.4361111109375 0.7555248625 0.4263888890625 0.748618784375 0.41944444374999995 0.696132596875 0.42222222187499997