5 0.2234375 0.8522727265625001 0.2328125 0.84943181875 0.2484375 0.8295454546875 0.2484375 0.8153409093749999 0.2390625 0.7755681812499999 0.23125 0.7585227265625 0.225 0.7528409093749999 0.2125 0.7784090906250001 0.2125 0.7897727265625 0.21875 0.7897727265625 0.228125 0.8011363640625 0.228125 0.8096590906250001 0.2171875 0.8352272734374999 0.2203125 0.84943181875 0.2234375 0.8522727265625001
5 0.253125 0.6335227265625 0.2421875 0.625 0.2375 0.6335227265625 0.234375 0.6335227265625 0.2328125 0.6420454546875 0.2390625 0.6875 0.2421875 0.6931818187500001 0.25625 0.6960227265625 0.259375 0.6903409093749999 0.253125 0.6335227265625
3 0.2359375 0.6022727265625 0.228125 0.6107954546875 0.23125 0.6306818187500001 0.240625 0.6221590906250001 0.2359375 0.6022727265625
5 0.578125 0.40056818125 0.571875 0.43181818125 0.5859375 0.4375 0.5875 0.403409090625 0.578125 0.40056818125
5 0.678125 0.403409090625 0.675 0.42897727343750003 0.6859375 0.45454545468749996 0.6875 0.43181818125 0.678125 0.403409090625
1 0.2609375 0.71875 0.253125 0.6988636359375 0.253125 0.7130681812499999 0.2609375 0.71875
0 0.6703125 0.5056818187500001 0.6734375 0.48863636406250005 0.66875 0.49147727343750003 0.6703125 0.5056818187500001
0 0.6890625 0.5 0.6828125 0.5028409093749999 0.69375 0.5056818187500001 0.6890625 0.5
0 0.2671875 0.7670454546875 0.2578125 0.7727272734375 0.2640625 0.7755681812499999 0.2671875 0.7670454546875
0 0.2625 0.7727272734375 0.2578125 0.7613636359375 0.25625 0.7727272734375 0.2625 0.7727272734375
0 0.2578125 0.9232954546875 0.2609375 0.8977272734374999 0.253125 0.9034090906250001 0.2578125 0.9232954546875
0 0.25625 0.9232954546875 0.2375 0.9289772734374999 0.253125 0.9375 0.25625 0.9232954546875
3 0.2203125 0.7556818187500001 0.2 0.75 0.2078125 0.7670454546875 0.2203125 0.7556818187500001