3 0.51484375 0.34305555625 0.521875 0.33055555625 0.521875 0.3236111109375 0.51953125 0.31944444375000003 0.51015625 0.3111111109375 0.50546875 0.3125 0.5 0.322222221875 0.49921875 0.33194444375 0.50078125 0.3416666671875 0.5046875 0.34722222187499996 0.51484375 0.34305555625
3 0.684375 0.2625 0.7 0.26944444375 0.70234375 0.26527777812500003 0.70078125 0.24583333281250003 0.69765625 0.24305555625 0.68828125 0.24583333281250003 0.6828125 0.25694444375000003 0.684375 0.2625
0 0.3609375 0.540277778125 0.35 0.54305555625 0.34609375 0.547222221875 0.34609375 0.5583333328125 0.3484375 0.5611111109375 0.3703125 0.5527777781250001 0.371875 0.5458333328125 0.3609375 0.540277778125
0 0.2953125 0.5722222218749999 0.290625 0.5791666671875 0.290625 0.5875 0.30234375 0.584722221875 0.30078125 0.5638888890625 0.296875 0.5625 0.2953125 0.5722222218749999
0 0.42265625 0.7041666671875 0.41328125 0.7083333328125 0.409375 0.715277778125 0.4109375 0.7263888890625 0.4140625 0.7291666671875 0.4359375 0.727777778125 0.44375 0.722222221875 0.44375 0.709722221875 0.44140625 0.7041666671875 0.43515625 0.70694444375 0.42265625 0.7041666671875
0 0.49609375 0.6958333328124999 0.50390625 0.690277778125 0.5046875 0.6763888890625 0.5015625 0.66805555625 0.4953125 0.665277778125 0.4875 0.66944444375 0.47890625 0.6708333328125 0.4765625 0.675 0.47578125 0.684722221875 0.4796875 0.6916666671875 0.49609375 0.6958333328124999
0 0.6859375 0.4458333328125 0.678125 0.440277778125 0.66953125 0.440277778125 0.67109375 0.4513888890625 0.6875 0.4513888890625 0.6859375 0.4458333328125
0 0.66875 0.4375 0.6703125 0.41805555625 0.66796875 0.415277778125 0.6640625 0.42083333281249996 0.6625 0.43055555625 0.66875 0.4375
1 0.859375 0.3361111109375 0.8515625 0.33888888906250003 0.859375 0.34861111093749997 0.859375 0.3361111109375
1 0.83984375 0.34305555625 0.8375 0.3291666671875 0.83671875 0.34027777812500004 0.83984375 0.34305555625
0 0.8453125 0.41796875 0.0125 0.0109375
3 0.84921875 0.2416666671875 0.8453125 0.25694444375000003 0.85703125 0.2625 0.85859375 0.2486111109375 0.84921875 0.2416666671875
0 0.56015625 0.5388888890625 0.5609375 0.5166666671875 0.55859375 0.5125 0.55546875 0.5125 0.54375 0.5208333328125 0.5421875 0.5305555562500001 0.5484375 0.5375 0.55 0.5486111109375 0.55703125 0.5486111109375 0.55859375 0.5458333328125 0.56015625 0.5388888890625