3 0.107812 0.711111 0.899219 0.294444
5 0.376563 0.783333 0.619531 0.213889
5 0.336719 0.812500 0.657813 0.183333
3 0.343750 0.831944 0.657813 0.177778
0 0.201562 0.337500 0.803125 0.669444
0 0.410156 0.422222 0.582812 0.576389
0 0.345313 0.687500 0.654687 0.320833
0 0.346875 0.677778 0.653125 0.312500
0 0.366406 0.675000 0.625781 0.329167
0 0.375000 0.663889 0.617188 0.326389
1 0.378125 0.530556 0.621875 0.458333
0 0.116406 0.552778 0.887500 0.448611
0 0.296094 0.369444 0.711719 0.633333
0 0.168750 0.343056 0.821094 0.658333
