3 0.715278 0.905469 0.277778 0.903125
5 0.737500 0.630469 0.259722 0.632031
5 0.755556 0.664844 0.241667 0.667969
3 0.831944 0.656250 0.177778 0.657813
0 0.327778 0.821094 0.663889 0.820312
0 0.406944 0.607812 0.588889 0.607812
0 0.687500 0.654687 0.320833 0.654687
0 0.687500 0.653125 0.308333 0.650000
0 0.666667 0.635938 0.325000 0.633594
0 0.662500 0.618750 0.336111 0.625000
1 0.541667 0.621875 0.454167 0.615625
0 0.551389 0.887500 0.445833 0.891406
0 0.372222 0.715625 0.612500 0.717969
0 0.343056 0.831250 0.658333 0.821094
