3 0.90546875 0.28472222187499996 0.903125 0.27777777812500004 0.89921875 0.2736111109375 0.89296875 0.28194444375 0.8921875 0.2888888890625 0.89921875 0.29444444375 0.9046875 0.29444444375 0.90546875 0.28472222187499996
5 0.63046875 0.2625 0.63203125 0.259722221875 0.63203125 0.24583333281250003 0.628125 0.22638888906250001 0.6234375 0.2166666671875 0.61953125 0.2138888890625 0.6140625 0.2166666671875 0.61171875 0.225 0.6140625 0.259722221875 0.61796875 0.2625 0.63046875 0.2625
5 0.66484375 0.24444444375000002 0.66796875 0.2416666671875 0.6703125 0.23472222187499997 0.66953125 0.20277777812500003 0.66328125 0.1875 0.6578125 0.1833333328125 0.65078125 0.197222221875 0.65 0.23055555625 0.65390625 0.24305555625 0.66484375 0.24444444375000002
3 0.65625 0.16805555625 0.6578125 0.177777778125 0.66796875 0.1763888890625 0.66328125 0.16388888906250001 0.65625 0.16805555625
0 0.82109375 0.672222221875 0.8203125 0.6638888890625 0.81015625 0.6513888890625 0.7984375 0.6555555562500001 0.7984375 0.6625 0.803125 0.66944444375 0.8109375 0.675 0.82109375 0.672222221875
0 0.6078125 0.5930555562500001 0.6078125 0.5888888890625 0.60625 0.5861111109375 0.5921875 0.5763888890625 0.58984375 0.577777778125 0.5828125 0.5763888890625 0.58125 0.58055555625 0.58203125 0.5888888890625 0.58984375 0.5958333328125 0.6046875 0.597222221875 0.6078125 0.5930555562500001
0 0.6546875 0.3125 0.6546875 0.32083333281250004 0.66484375 0.322222221875 0.6609375 0.3111111109375 0.6546875 0.3125
0 0.653125 0.3125 0.65 0.3083333328125 0.64609375 0.31805555625 0.64921875 0.32777777812500003 0.653125 0.322222221875 0.653125 0.3125
0 0.6359375 0.3333333328125 0.63359375 0.325 0.62578125 0.3291666671875 0.6359375 0.3333333328125
0 0.61875 0.3375 0.625 0.3361111109375 0.6171875 0.3263888890625 0.61875 0.3375
1 0.621875 0.4583333328125 0.615625 0.45416666718750004 0.61328125 0.46944444374999994 0.61796875 0.4791666671875 0.621875 0.46944444374999994 0.621875 0.4583333328125
0 0.8875 0.4486111109375 0.89140625 0.4458333328125 0.8875 0.4375 0.88046875 0.440277778125 0.88359375 0.447222221875 0.8875 0.4486111109375
0 0.715625 0.627777778125 0.71796875 0.6125 0.70703125 0.609722221875 0.703125 0.61944444375 0.70390625 0.63055555625 0.71171875 0.6333333328124999 0.715625 0.627777778125
0 0.83125 0.6569444437499999 0.82109375 0.6583333328125 0.8203125 0.6736111109375 0.83046875 0.675 0.83125 0.6569444437499999