3 0.711111 0.892188 0.294444 0.899219
5 0.783333 0.623437 0.213889 0.619531
5 0.812500 0.663281 0.183333 0.657813
3 0.831944 0.656250 0.177778 0.657813
0 0.337500 0.798438 0.669444 0.803125
0 0.422222 0.589844 0.576389 0.582812
0 0.687500 0.654687 0.320833 0.654687
0 0.677778 0.653125 0.312500 0.653125
0 0.675000 0.633594 0.329167 0.625781
0 0.663889 0.625000 0.326389 0.617188
1 0.530556 0.621875 0.458333 0.621875
0 0.552778 0.883594 0.448611 0.887500
0 0.369444 0.703906 0.633333 0.711719
0 0.343056 0.831250 0.658333 0.821094
