0 0.5625 0.7583333328124999 0.565625 0.7513888890625 0.565625 0.7458333328125 0.56328125 0.7416666671875001 0.5484375 0.73194444375 0.54375 0.7333333328125 0.54140625 0.7375 0.53828125 0.7388888890625 0.5359375 0.74444444375 0.53828125 0.7513888890625 0.55078125 0.7597222218749999 0.56015625 0.7597222218749999 0.5625 0.7583333328124999
0 0.48125 0.6736111109375 0.48515625 0.675 0.49453125 0.6972222218749999 0.5 0.6972222218749999 0.50078125 0.6916666671875 0.49609375 0.675 0.49609375 0.66944444375 0.48671875 0.6513888890625 0.48515625 0.6416666671875 0.48203125 0.6375 0.47578125 0.640277778125 0.47421875 0.64305555625 0.47421875 0.652777778125 0.4765625 0.6666666671875 0.48125 0.6736111109375
1 0.553125 0.6152777781250001 0.56328125 0.6166666671875001 0.5671875 0.60694444375 0.56484375 0.590277778125 0.56171875 0.584722221875 0.55625 0.58055555625 0.546875 0.58194444375 0.5453125 0.5861111109375 0.5453125 0.5930555562500001 0.54765625 0.6083333328125 0.553125 0.6152777781250001
5 0.509375 0.4291666671875 0.509375 0.4375 0.50546875 0.459722221875 0.50390625 0.48472222187499997 0.503125 0.4861111109375 0.503125 0.4986111109375 0.50234375 0.5 0.503125 0.5069444437499999 0.50234375 0.5125 0.50234375 0.5513888890625 0.50546875 0.5625 0.5109375 0.5666666671875 0.528125 0.565277778125 0.53203125 0.5625 0.528125 0.5458333328125 0.5265625 0.515277778125 0.52578125 0.5138888890625 0.525 0.4875 0.521875 0.47222222187499996 0.521875 0.4486111109375 0.5234375 0.44305555625000004 0.5234375 0.4388888890625 0.5265625 0.43055555625 0.53203125 0.42083333281249996 0.53984375 0.41944444374999995 0.54296875 0.42222222187499997 0.5484375 0.4375 0.55 0.46666666718750005 0.5484375 0.47222222187499996 0.546875 0.490277778125 0.54453125 0.5 0.54375 0.5125 0.54921875 0.54444444375 0.55078125 0.547222221875 0.55234375 0.547222221875 0.55546875 0.5375 0.55546875 0.525 0.5578125 0.5097222218749999 0.5578125 0.49583333281249997 0.55859375 0.49444444374999996 0.55859375 0.46666666718750005 0.55625 0.45555555625000005 0.5546875 0.4375 0.54765625 0.40694444374999994 0.5328125 0.38333333281250004 0.528125 0.38333333281250004 0.525 0.3861111109375 0.515625 0.40277777812500004 0.509375 0.4291666671875
3 0.69296875 0.3541666671875 0.696875 0.34305555625 0.69453125 0.3236111109375 0.68984375 0.31805555625 0.67890625 0.31805555625 0.671875 0.33194444375 0.6734375 0.3513888890625 0.68046875 0.35 0.69296875 0.3541666671875
5 0.59453125 0.40833333281249995 0.59296875 0.41111111093749997 0.59375 0.41944444374999995 0.5875 0.44166666718750003 0.5859375 0.4583333328125 0.5828125 0.46944444374999994 0.5859375 0.47222222187499996 0.59296875 0.47083333281249995 0.6015625 0.47361111093749997 0.60625 0.4791666671875 0.615625 0.4791666671875 0.62265625 0.4763888890625 0.62421875 0.47361111093749997 0.62421875 0.4611111109375 0.62890625 0.44166666718750003 0.6296875 0.4291666671875 0.63125 0.4236111109375 0.63125 0.4166666671875 0.62890625 0.40972222187499996 0.6296875 0.40555555625000006 0.621875 0.3986111109375 0.6171875 0.40416666718750005 0.60703125 0.40277777812500004 0.59453125 0.40833333281249995
5 0.665625 0.23472222187499997 0.66484375 0.19444444375 0.6625 0.1916666671875 0.65 0.19444444375 0.64609375 0.21805555625 0.64609375 0.23472222187499997 0.6640625 0.2388888890625 0.665625 0.23472222187499997
5 0.5875 0.252777778125 0.59140625 0.25 0.59453125 0.2375 0.5921875 0.21805555625 0.58671875 0.20694444375 0.575 0.20416666718749998 0.57109375 0.2166666671875 0.571875 0.23611111093749998 0.57421875 0.2513888890625 0.5875 0.252777778125
3 0.66015625 0.16388888906250001 0.653125 0.1625 0.6484375 0.16805555625 0.65078125 0.17916666718750002 0.66171875 0.1833333328125 0.66328125 0.172222221875 0.66015625 0.16388888906250001
5 0.85625 0.56805555625 0.8515625 0.577777778125 0.846875 0.5944444437499999 0.84609375 0.60694444375 0.85390625 0.6138888890625 0.86328125 0.6138888890625 0.8640625 0.6152777781250001 0.8703125 0.6138888890625 0.87265625 0.609722221875 0.87578125 0.6083333328125 0.87734375 0.6152777781250001 0.8828125 0.6180555562500001 0.88984375 0.6180555562500001 0.8921875 0.6111111109375 0.89375 0.5916666671875 0.89296875 0.56805555625 0.88828125 0.54305555625 0.88203125 0.5236111109375 0.8765625 0.5125 0.87265625 0.5083333328124999 0.8703125 0.5083333328124999 0.86796875 0.5125 0.86640625 0.534722221875 0.85859375 0.5555555562500001 0.85625 0.56805555625
0 0.8296875 0.7791666671875 0.83203125 0.75555555625 0.821875 0.7541666671875 0.8140625 0.7708333328125 0.8140625 0.7791666671875 0.8296875 0.7791666671875
0 0.85859375 0.7333333328125 0.8484375 0.7263888890625 0.83828125 0.7416666671875001 0.83984375 0.7513888890625 0.85625 0.7513888890625 0.86015625 0.7458333328125 0.85859375 0.7333333328125
0 0.72578125 0.577777778125 0.728125 0.5888888890625 0.7375 0.5875 0.73515625 0.5694444437499999 0.72578125 0.577777778125
0 0.75078125 0.5791666671875 0.746875 0.5694444437499999 0.74375 0.5694444437499999 0.74140625 0.58194444375 0.7421875 0.5888888890625 0.75078125 0.5930555562500001 0.75078125 0.5791666671875
0 0.81015625 0.4583333328125 0.815625 0.4583333328125 0.809375 0.44444444375 0.81015625 0.4583333328125
0 0.825 0.4611111109375 0.8359375 0.4611111109375 0.82421875 0.45694444375 0.825 0.4611111109375
0 0.840625 0.49444444374999996 0.8484375 0.4916666671875 0.83984375 0.4861111109375 0.840625 0.49444444374999996
0 0.4015625 0.55 0.40390625 0.5583333328125 0.40859375 0.5583333328125 0.4109375 0.5555555562500001 0.4234375 0.5555555562500001 0.4265625 0.547222221875 0.425 0.5416666671875 0.4140625 0.5361111109375 0.403125 0.54305555625 0.4015625 0.55
0 0.3828125 0.5527777781250001 0.38984375 0.5513888890625 0.396875 0.5416666671875 0.39375 0.5388888890625 0.38125 0.54444444375 0.38125 0.55 0.3828125 0.5527777781250001
0 0.44765625 0.5944444437499999 0.44765625 0.5833333328125 0.4359375 0.5861111109375 0.44765625 0.5944444437499999
0 0.6578125 0.622222221875 0.65546875 0.6319444437499999 0.66328125 0.6347222218749999 0.6734375 0.63055555625 0.67421875 0.6263888890625 0.6578125 0.622222221875
0 0.7 0.5791666671875 0.6890625 0.5638888890625 0.684375 0.56805555625 0.684375 0.5722222218749999 0.6921875 0.58194444375 0.69921875 0.58194444375 0.7 0.5791666671875
0 0.66171875 0.3111111109375 0.66015625 0.32083333281250004 0.665625 0.325 0.66640625 0.31805555625 0.66171875 0.3111111109375
0 0.6546875 0.31944444375000003 0.653125 0.309722221875 0.6453125 0.315277778125 0.6546875 0.31944444375000003
0 0.578125 0.33055555625 0.5875 0.32777777812500003 0.57734375 0.322222221875 0.578125 0.33055555625
0 0.590625 0.309722221875 0.58671875 0.32083333281250004 0.5921875 0.325 0.5953125 0.3138888890625 0.590625 0.309722221875