1 0.459375 0.46805555625000006 0.46484375 0.46944444374999994 0.46796875 0.46527777812500004 0.4671875 0.4486111109375 0.45703125 0.45 0.45625 0.4611111109375 0.459375 0.46805555625000006
5 0.64375 0.23611111093749998 0.66015625 0.240277778125 0.6625 0.23472222187499997 0.66171875 0.19305555624999998 0.64921875 0.1875 0.6453125 0.19305555624999998 0.64375 0.23611111093749998
5 0.91796875 0.41805555625 0.921875 0.41111111093749997 0.92578125 0.397222221875 0.928125 0.38194444375000003 0.93125 0.372222221875 0.93203125 0.3625 0.93125 0.352777778125 0.92734375 0.3416666671875 0.92109375 0.34305555625 0.9140625 0.3583333328125 0.9078125 0.41111111093749997 0.9078125 0.42222222187499997 0.909375 0.4263888890625 0.91171875 0.427777778125 0.91640625 0.4263888890625 0.91796875 0.41805555625
5 0.62734375 0.2236111109375 0.6234375 0.2166666671875 0.6140625 0.215277778125 0.61171875 0.2208333328125 0.61171875 0.240277778125 0.615625 0.25833333281250004 0.61875 0.2625 0.63046875 0.2625 0.63203125 0.259722221875 0.63203125 0.24444444375000002 0.62734375 0.2236111109375
3 0.65 0.165277778125 0.64765625 0.18194444375000002 0.6578125 0.184722221875 0.65703125 0.1666666671875 0.65 0.165277778125
3 0.871875 0.27638888906250003 0.87265625 0.28472222187499996 0.88671875 0.2791666671875 0.88359375 0.2666666671875 0.871875 0.27638888906250003
0 0.46796875 0.5583333328125 0.46796875 0.5638888890625 0.46953125 0.5666666671875 0.48046875 0.5763888890625 0.4875 0.5763888890625 0.490625 0.5722222218749999 0.48984375 0.565277778125 0.48203125 0.5555555562500001 0.46796875 0.5583333328125
0 0.86875 0.4486111109375 0.8734375 0.4486111109375 0.875 0.4458333328125 0.871875 0.43194444374999996 0.8609375 0.43194444374999996 0.8625 0.44305555625000004 0.86875 0.4486111109375
0 0.9046875 0.45555555625000005 0.896875 0.4583333328125 0.90703125 0.46527777812500004 0.9046875 0.45555555625000005
0 0.7984375 0.6555555562500001 0.8 0.6666666671875 0.81015625 0.675 0.81875 0.675 0.8203125 0.6708333328125 0.81875 0.6625 0.81015625 0.652777778125 0.80078125 0.652777778125 0.7984375 0.6555555562500001
0 0.82421875 0.6611111109375 0.8234375 0.672222221875 0.83125 0.675 0.83203125 0.6611111109375 0.82421875 0.6611111109375
0 0.6890625 0.64444444375 0.69921875 0.647222221875 0.7046875 0.6416666671875 0.703125 0.6291666671875 0.69921875 0.625 0.6921875 0.6236111109375 0.68671875 0.6333333328124999 0.6890625 0.64444444375