0 0.758333 0.437500 0.751389 0.565625
0 0.673611 0.518750 0.675000 0.485156
1 0.615278 0.446875 0.616667 0.563281
5 0.429167 0.490625 0.437500 0.509375
3 0.354167 0.307031 0.343056 0.696875
5 0.408333 0.405469 0.411111 0.592969
5 0.234722 0.334375 0.194444 0.664844
5 0.252778 0.412500 0.250000 0.591406
3 0.163889 0.339844 0.162500 0.653125
5 0.568056 0.143750 0.577778 0.851562
0 0.779167 0.170312 0.755556 0.832031
0 0.733333 0.141406 0.726389 0.848437
0 0.577778 0.274219 0.588889 0.728125
0 0.579167 0.249219 0.569444 0.746875
0 0.458333 0.189844 0.458333 0.815625
0 0.461111 0.175000 0.461111 0.835938
0 0.494444 0.159375 0.491667 0.848437
0 0.550000 0.598437 0.558333 0.403906
0 0.552778 0.617188 0.551389 0.389844
0 0.594444 0.552344 0.583333 0.447656
0 0.622222 0.342187 0.631944 0.655469
0 0.579167 0.300000 0.563889 0.689063
0 0.311111 0.338281 0.320833 0.660156
0 0.319444 0.345313 0.309722 0.653125
0 0.330556 0.421875 0.327778 0.587500
0 0.309722 0.409375 0.320833 0.586719
