0 0.241667 0.562500 0.751389 0.565625
0 0.326389 0.481250 0.675000 0.485156
1 0.384722 0.553125 0.616667 0.563281
5 0.570833 0.509375 0.437500 0.509375
3 0.645833 0.692969 0.343056 0.696875
5 0.591667 0.594531 0.411111 0.592969
5 0.765278 0.665625 0.194444 0.664844
5 0.747222 0.587500 0.250000 0.591406
3 0.836111 0.660156 0.162500 0.653125
5 0.431944 0.856250 0.577778 0.851562
0 0.220833 0.829688 0.755556 0.832031
0 0.266667 0.858594 0.726389 0.848437
0 0.422222 0.725781 0.588889 0.728125
0 0.420833 0.750781 0.569444 0.746875
0 0.541667 0.810156 0.458333 0.815625
0 0.538889 0.825000 0.461111 0.835938
0 0.505556 0.840625 0.491667 0.848437
0 0.450000 0.401562 0.558333 0.403906
0 0.447222 0.382812 0.551389 0.389844
0 0.405556 0.447656 0.583333 0.447656
0 0.377778 0.657813 0.631944 0.655469
0 0.420833 0.700000 0.563889 0.689063
0 0.688889 0.661719 0.320833 0.660156
0 0.680556 0.654687 0.309722 0.653125
0 0.669444 0.578125 0.327778 0.587500
0 0.690278 0.590625 0.320833 0.586719
