3 0.094531 0.715278 0.903125 0.277778
5 0.369531 0.737500 0.632031 0.259722
5 0.335156 0.755556 0.667969 0.241667
3 0.343750 0.831944 0.657813 0.177778
0 0.178906 0.327778 0.820312 0.663889
0 0.392188 0.406944 0.607812 0.588889
0 0.345313 0.687500 0.654687 0.320833
0 0.346875 0.687500 0.650000 0.308333
0 0.364062 0.666667 0.633594 0.325000
0 0.381250 0.662500 0.625000 0.336111
1 0.378125 0.541667 0.615625 0.454167
0 0.112500 0.551389 0.891406 0.445833
0 0.284375 0.372222 0.717969 0.612500
0 0.168750 0.343056 0.821094 0.658333
