0 0.731944 0.451562 0.733333 0.543750
0 0.691667 0.499219 0.675000 0.496094
1 0.584722 0.438281 0.580556 0.556250
5 0.486111 0.496875 0.498611 0.503125
3 0.318056 0.321094 0.331944 0.671875
5 0.458333 0.414062 0.469444 0.582812
5 0.218056 0.353906 0.234722 0.646094
5 0.206944 0.413281 0.204167 0.575000
3 0.183333 0.338281 0.172222 0.663281
5 0.613889 0.146094 0.613889 0.863281
0 0.779167 0.185937 0.779167 0.829688
0 0.751389 0.143750 0.745833 0.860156
0 0.577778 0.274219 0.588889 0.728125
0 0.588889 0.257812 0.593056 0.750781
0 0.458333 0.184375 0.444444 0.809375
0 0.461111 0.164062 0.456944 0.824219
0 0.491667 0.151563 0.486111 0.839844
0 0.555556 0.576562 0.547222 0.426563
0 0.544444 0.618750 0.550000 0.381250
0 0.583333 0.552344 0.586111 0.435937
0 0.626389 0.325781 0.622222 0.657813
0 0.581944 0.307813 0.581944 0.699219
0 0.311111 0.338281 0.320833 0.660156
0 0.309722 0.346875 0.315278 0.645312
0 0.327778 0.412500 0.322222 0.577344
0 0.309722 0.409375 0.320833 0.586719
