3 0.288889 0.107812 0.294444 0.899219
5 0.216667 0.376563 0.213889 0.619531
5 0.187500 0.336719 0.183333 0.657813
3 0.168056 0.343750 0.177778 0.657813
0 0.662500 0.201562 0.669444 0.803125
0 0.577778 0.410156 0.576389 0.582812
0 0.312500 0.345313 0.320833 0.654687
0 0.322222 0.346875 0.312500 0.653125
0 0.325000 0.366406 0.329167 0.625781
0 0.336111 0.375000 0.326389 0.617188
1 0.469444 0.378125 0.458333 0.621875
0 0.447222 0.116406 0.448611 0.887500
0 0.630556 0.296094 0.633333 0.711719
0 0.656944 0.168750 0.658333 0.821094
