0 0.437500 0.241667 0.565625 0.751389
0 0.518750 0.326389 0.485156 0.675000
1 0.446875 0.384722 0.563281 0.616667
5 0.490625 0.570833 0.509375 0.437500
3 0.307031 0.645833 0.696875 0.343056
5 0.405469 0.591667 0.592969 0.411111
5 0.334375 0.765278 0.664844 0.194444
5 0.412500 0.747222 0.591406 0.250000
3 0.339844 0.836111 0.653125 0.162500
5 0.143750 0.431944 0.851562 0.577778
0 0.170312 0.220833 0.832031 0.755556
0 0.141406 0.266667 0.848437 0.726389
0 0.274219 0.422222 0.728125 0.588889
0 0.249219 0.420833 0.746875 0.569444
0 0.189844 0.541667 0.815625 0.458333
0 0.175000 0.538889 0.835938 0.461111
0 0.159375 0.505556 0.848437 0.491667
0 0.598437 0.450000 0.403906 0.558333
0 0.617188 0.447222 0.389844 0.551389
0 0.552344 0.405556 0.447656 0.583333
0 0.342187 0.377778 0.655469 0.631944
0 0.300000 0.420833 0.689063 0.563889
0 0.338281 0.688889 0.660156 0.320833
0 0.345313 0.680556 0.653125 0.309722
0 0.421875 0.669444 0.587500 0.327778
0 0.409375 0.690278 0.586719 0.320833
