3 0.284722 0.094531 0.277778 0.903125
5 0.262500 0.369531 0.259722 0.632031
5 0.244444 0.335156 0.241667 0.667969
3 0.168056 0.343750 0.177778 0.657813
0 0.672222 0.178906 0.663889 0.820312
0 0.593056 0.392188 0.588889 0.607812
0 0.312500 0.345313 0.320833 0.654687
0 0.312500 0.346875 0.308333 0.650000
0 0.333333 0.364062 0.325000 0.633594
0 0.337500 0.381250 0.336111 0.625000
1 0.458333 0.378125 0.454167 0.615625
0 0.448611 0.112500 0.445833 0.891406
0 0.627778 0.284375 0.612500 0.717969
0 0.656944 0.168750 0.658333 0.821094
