0 0.268056 0.548438 0.733333 0.543750
0 0.308333 0.500781 0.675000 0.496094
1 0.415278 0.561719 0.580556 0.556250
5 0.513889 0.503125 0.498611 0.503125
3 0.681944 0.678906 0.331944 0.671875
5 0.541667 0.585938 0.469444 0.582812
5 0.781944 0.646094 0.234722 0.646094
5 0.793056 0.586719 0.204167 0.575000
3 0.816667 0.661719 0.172222 0.663281
5 0.386111 0.853906 0.613889 0.863281
0 0.220833 0.814063 0.779167 0.829688
0 0.248611 0.856250 0.745833 0.860156
0 0.422222 0.725781 0.588889 0.728125
0 0.411111 0.742188 0.593056 0.750781
0 0.541667 0.815625 0.444444 0.809375
0 0.538889 0.835938 0.456944 0.824219
0 0.508333 0.848437 0.486111 0.839844
0 0.444444 0.423438 0.547222 0.426563
0 0.455556 0.381250 0.550000 0.381250
0 0.416667 0.447656 0.586111 0.435937
0 0.373611 0.674219 0.622222 0.657813
0 0.418056 0.692187 0.581944 0.699219
0 0.688889 0.661719 0.320833 0.660156
0 0.690278 0.653125 0.315278 0.645312
0 0.672222 0.587500 0.322222 0.577344
0 0.690278 0.590625 0.320833 0.586719
