0 0.451562 0.268056 0.543750 0.733333
0 0.499219 0.308333 0.496094 0.675000
1 0.438281 0.415278 0.556250 0.580556
5 0.496875 0.513889 0.503125 0.498611
3 0.321094 0.681944 0.671875 0.331944
5 0.414062 0.541667 0.582812 0.469444
5 0.353906 0.781944 0.646094 0.234722
5 0.413281 0.793056 0.575000 0.204167
3 0.338281 0.816667 0.663281 0.172222
5 0.146094 0.386111 0.863281 0.613889
0 0.185937 0.220833 0.829688 0.779167
0 0.143750 0.248611 0.860156 0.745833
0 0.274219 0.422222 0.728125 0.588889
0 0.257812 0.411111 0.750781 0.593056
0 0.184375 0.541667 0.809375 0.444444
0 0.164062 0.538889 0.824219 0.456944
0 0.151563 0.508333 0.839844 0.486111
0 0.576562 0.444444 0.426563 0.547222
0 0.618750 0.455556 0.381250 0.550000
0 0.552344 0.416667 0.435937 0.586111
0 0.325781 0.373611 0.657813 0.622222
0 0.307813 0.418056 0.699219 0.581944
0 0.338281 0.688889 0.660156 0.320833
0 0.346875 0.690278 0.645312 0.315278
0 0.412500 0.672222 0.577344 0.322222
0 0.409375 0.690278 0.586719 0.320833
