3 0.070312 0.921875 0.073438 0.078125
3 0.179688 0.620313 0.184375 0.376563
3 0.140625 0.404687 0.145313 0.590625
3 0.107813 0.223437 0.117188 0.776563
2 0.237500 0.217187 0.243750 0.789062
2 0.210938 0.401563 0.207813 0.618750
1 0.581250 0.621875 0.579688 0.387500
1 0.567187 0.543750 0.564063 0.470313
1 0.504687 0.421875 0.501563 0.607812
1 0.482812 0.434375 0.462500 0.571875
5 0.325000 0.168750 0.329688 0.831250
5 0.365625 0.382812 0.364063 0.614062
5 0.345313 0.582812 0.343750 0.412500
5 0.346875 0.940625 0.345313 0.050000
