3 0.121875 0.2421875 0.121875 0.28125 0.1234375 0.284375 0.13125 0.275 0.1421875 0.26875 0.175 0.2609375 0.2046875 0.259375 0.209375 0.2609375 0.21875 0.2703125 0.2125 0.2390625 0.2046875 0.2125 0.1921875 0.1921875 0.18125 0.1828125 0.16875 0.178125 0.15625 0.1796875 0.146875 0.184375 0.134375 0.1984375 0.1296875 0.2078125 0.1234375 0.2296875 0.1234375 0.240625 0.121875 0.2421875
3 0.2921875 0.23125 0.3046875 0.228125 0.3375 0.2359375 0.3734375 0.2390625 0.3703125 0.1921875 0.365625 0.175 0.359375 0.1609375 0.3453125 0.1453125 0.3390625 0.1421875 0.3203125 0.14375 0.309375 0.153125 0.2984375 0.1765625 0.2953125 0.1921875 0.2953125 0.203125 0.29375 0.2046875 0.29375 0.215625 0.2921875 0.2171875 0.2921875 0.23125
3 0.4734375 0.2015625 0.4953125 0.196875 0.50625 0.196875 0.5078125 0.1953125 0.5203125 0.1953125 0.525 0.196875 0.53125 0.203125 0.5328125 0.1953125 0.5234375 0.15 0.5125 0.1296875 0.503125 0.121875 0.4953125 0.11875 0.48125 0.1203125 0.465625 0.1359375 0.4578125 0.1546875 0.4578125 0.1640625 0.4546875 0.175 0.453125 0.2109375 0.4734375 0.2015625
3 0.5953125 0.23125 0.6046875 0.234375 0.63125 0.2375 0.6484375 0.24375 0.646875 0.2 0.64375 0.1859375 0.634375 0.1640625 0.6234375 0.1515625 0.6171875 0.1484375 0.6 0.1484375 0.59375 0.1515625 0.5828125 0.1640625 0.575 0.18125 0.571875 0.196875 0.571875 0.209375 0.5671875 0.23125 0.56875 0.2328125 0.5796875 0.2296875 0.5953125 0.23125
3 0.7984375 0.1859375 0.8140625 0.1875 0.8234375 0.19375 0.81875 0.1359375 0.8140625 0.1203125 0.8078125 0.1078125 0.8 0.0984375 0.7890625 0.09375 0.7765625 0.09375 0.765625 0.0984375 0.7546875 0.109375 0.74375 0.1296875 0.7390625 0.1453125 0.7359375 0.1703125 0.73125 0.1875 0.7421875 0.1828125 0.796875 0.184375 0.7984375 0.1859375
3 0.8640625 0.2984375 0.8671875 0.3 0.8875 0.2859375 0.921875 0.278125 0.921875 0.25625 0.915625 0.240625 0.909375 0.2328125 0.903125 0.2296875 0.8859375 0.2296875 0.871875 0.240625 0.86875 0.246875 0.86875 0.259375 0.8640625 0.275 0.8625 0.2921875 0.8640625 0.2984375
3 0.1171875 0.359375 0.11875 0.3546875 0.1140625 0.3453125 0.1046875 0.3453125 0.1015625 0.3640625 0.1171875 0.359375
3 0.109375 0.378125 0.1078125 0.36875 0.10625 0.3765625 0.109375 0.378125
3 0.078125 0.359375 0.06875 0.346875 0.0671875 0.359375 0.078125 0.359375
3 0.0796875 0.3765625 0.078125 0.3640625 0.0765625 0.375 0.0796875 0.3765625
3 0.065625 0.3609375 0.0578125 0.3453125 0.053125 0.3640625 0.065625 0.3609375
3 0 0.3645833328125 0.0078125 0.375 0.009375 0.3625 0 0.3625 0 0.3645833328125
3 0.04375 0.3734375 0.0375 0.3640625 0.0359375 0.371875 0.04375 0.3734375
2 0.5203125 0.2375 0.515625 0.2296875 0.5046875 0.2296875 0.49375 0.234375 0.48125 0.2296875 0.46875 0.23125 0.4640625 0.2390625 0.465625 0.253125 0.4734375 0.2609375 0.4828125 0.2609375 0.4921875 0.24375 0.5015625 0.259375 0.5078125 0.2609375 0.51875 0.25625 0.5203125 0.2375
2 0.6375 0.2625 0.6203125 0.2625 0.6125 0.2671875 0.596875 0.2625 0.5859375 0.2640625 0.58125 0.26875 0.58125 0.2765625 0.5890625 0.2859375 0.6 0.2859375 0.6109375 0.275 0.6203125 0.284375 0.6328125 0.284375 0.640625 0.278125 0.6375 0.2625
2 0.76875 0.24375 0.78125 0.23125 0.7890625 0.2421875 0.7984375 0.2421875 0.80625 0.2390625 0.8109375 0.221875 0.80625 0.215625 0.7890625 0.215625 0.7828125 0.2203125 0.759375 0.2171875 0.7484375 0.221875 0.7484375 0.234375 0.75625 0.24375 0.76875 0.24375