5 0.846875 0.501563 0.160938 0.498437
5 0.718750 0.531250 0.289062 0.476562
5 0.582812 0.606250 0.423438 0.415625
3 0.775000 0.745313 0.234375 0.257812
3 0.634375 0.817187 0.350000 0.164062
3 0.571875 0.800000 0.432812 0.201563
3 0.518750 0.806250 0.512500 0.179688
1 0.464063 0.757812 0.532813 0.231250
1 0.390625 0.746875 0.598437 0.251563
1 0.720313 0.515625 0.285938 0.481250
0 0.751563 0.092187 0.234375 0.900000
0 0.703125 0.110938 0.290625 0.885938
0 0.695312 0.112500 0.310937 0.889062
0 0.484375 0.093750 0.515625 0.892188
4 0.835938 0.748437 0.159375 0.278125
4 0.682813 0.748437 0.310937 0.268750
4 0.585938 0.795312 0.420312 0.206250
