3 0.326562 0.543750 0.671875 0.476562
3 0.478125 0.467187 0.523438 0.523438
3 0.593750 0.270312 0.414062 0.754687
3 0.729688 0.498437 0.281250 0.520312
2 0.478125 0.464063 0.510938 0.537500
5 0.770312 0.481250 0.225000 0.523438
1 0.704688 0.300000 0.295312 0.675000
0 0.718750 0.143750 0.265625 0.870313
0 0.760938 0.140625 0.242188 0.853125
5 0.539062 0.290625 0.460938 0.714063
5 0.517188 0.339063 0.487500 0.665625
5 0.271875 0.425000 0.723437 0.578125
1 0.381250 0.260938 0.620313 0.757812
1 0.510938 0.089063 0.492188 0.906250
0 0.306250 0.048438 0.701562 0.954688
0 0.376563 0.103125 0.626563 0.870313
3 0.950000 0.670312 0.046875 0.307812
