3 0.159375 0.459375 0.1484375 0.48125 0.1484375 0.4875 0.1421875 0.4921875 0.1609375 0.4921875 0.1828125 0.5015625 0.2078125 0.503125 0.2109375 0.5015625 0.209375 0.4734375 0.2046875 0.4625 0.1953125 0.4515625 0.1890625 0.4484375 0.1734375 0.4484375 0.159375 0.459375
3 0.3109375 0.4671875 0.3125 0.471875 0.35 0.471875 0.3515625 0.465625 0.3453125 0.446875 0.334375 0.4390625 0.3234375 0.440625 0.315625 0.4515625 0.3109375 0.4671875
3 0.5375 0.5078125 0.5296875 0.5171875 0.528125 0.5296875 0.5546875 0.53125 0.5515625 0.5125 0.5375 0.5078125
3 0.578125 0.546875 0.5828125 0.5515625 0.6078125 0.55 0.6125 0.5390625 0.60625 0.525 0.6015625 0.521875 0.5890625 0.5234375 0.578125 0.5421875 0.578125 0.546875
3 0.7109375 0.5171875 0.7 0.51875 0.6984375 0.5328125 0.70625 0.528125 0.715625 0.5296875 0.7109375 0.5171875
2 0.15 0.496875 0.1515625 0.5078125 0.165625 0.496875 0.153125 0.49375 0.15 0.496875
5 0.2265625 0.659375 0.2375 0.646875 0.240625 0.625 0.246875 0.6203125 0.2515625 0.609375 0.253125 0.5828125 0.2421875 0.5640625 0.2375 0.553125 0.2375 0.5484375 0.2328125 0.54375 0.23125 0.5390625 0.221875 0.5359375 0.2 0.5359375 0.1875 0.5421875 0.1796875 0.55625 0.175 0.58125 0.175 0.6171875 0.1796875 0.6328125 0.1796875 0.6390625 0.190625 0.65625 0.196875 0.6609375 0.2125 0.6640625 0.2265625 0.659375
5 0.321875 0.6109375 0.321875 0.6203125 0.3125 0.6328125 0.3046875 0.634375 0.303125 0.6375 0.3046875 0.665625 0.328125 0.6671875 0.359375 0.6625 0.36875 0.659375 0.3703125 0.65625 0.36875 0.58125 0.3765625 0.553125 0.3765625 0.528125 0.3625 0.5109375 0.3515625 0.5046875 0.328125 0.509375 0.3234375 0.5078125 0.3140625 0.515625 0.3234375 0.540625 0.3234375 0.5703125 0.31875 0.58125 0.3078125 0.5875 0.3078125 0.59375 0.3125 0.603125 0.321875 0.6109375
3 0.684375 0.546875 0.6796875 0.5375 0.671875 0.5375 0.6625 0.559375 0.665625 0.565625 0.678125 0.5671875 0.684375 0.546875
0 0.653125 0.7765625 0.6640625 0.7828125 0.6703125 0.7765625 0.6671875 0.7484375 0.6640625 0.746875 0.6546875 0.75 0.65 0.7671875 0.653125 0.7765625
0 0.5765625 0.7515625 0.584375 0.753125 0.578125 0.7296875 0.5765625 0.7515625
0 0.5578125 0.7703125 0.5578125 0.75625 0.5515625 0.746875 0.546875 0.759375 0.5578125 0.7703125
0 0.58125 0.7984375 0.58125 0.7859375 0.571875 0.7859375 0.58125 0.7984375
0 0.61640625 0.7296875 0.0078125 0.015625
0 0.6953125 0.7234375 0.696875 0.715625 0.6921875 0.709375 0.684375 0.709375 0.678125 0.725 0.684375 0.7328125 0.6953125 0.7234375
0 0.69375 0.7109375 0.6875 0.73125 0.6984375 0.7375 0.7109375 0.7359375 0.7140625 0.7296875 0.69375 0.7109375
0 0.253125 0.9484375 0.2296875 0.95 0.228125 0.9515625 0.2296875 0.9625 0.225 0.9796875 0.2265625 0.9859375 0.234375 0.9921875 0.25 0.996875 0.2640625 0.9796875 0.265625 0.975 0.2640625 0.9671875 0.253125 0.9484375
0 0.3265625 0.90625 0.3265625 0.8796875 0.284375 0.88125 0.2828125 0.896875 0.2875 0.9015625 0.3140625 0.909375 0.3265625 0.90625