3 0.760938 0.839063 0.239063 0.171875
3 0.537500 0.821875 0.456250 0.179688
3 0.426562 0.917188 0.565625 0.115625
3 0.109375 0.781250 0.890625 0.231250
3 0.046875 0.782813 0.950000 0.257812
2 0.017188 0.626563 0.996875 0.373437
2 0.087500 0.668750 0.926562 0.343750
2 0.354688 0.792188 0.637500 0.207813
2 0.570312 0.623437 0.426563 0.379688
2 0.695312 0.703125 0.315625 0.276562
1 0.998437 0.857812 0.007812 0.164062
1 0.864062 0.337500 0.121875 0.667188
5 0.798438 0.226562 0.201563 0.781250
5 0.750000 0.670312 0.254688 0.334375
5 0.943750 0.734375 0.056250 0.276562
5 0.690625 0.315625 0.298438 0.703125
5 0.700000 0.568750 0.298438 0.457813
5 0.614062 0.406250 0.354687 0.650000
5 0.490625 0.357812 0.509375 0.635938
5 0.440625 0.309375 0.559375 0.714063
5 0.312500 0.610938 0.700000 0.403125
5 0.429688 0.593750 0.548438 0.478125
5 0.076562 0.451562 0.918750 0.557813
5 0.159375 0.464063 0.835938 0.537500
1 0.153125 0.703125 0.846875 0.306250
