5 0.381250 0.846875 0.393750 0.157812
5 0.364063 0.518750 0.378125 0.476562
5 0.378125 0.375000 0.378125 0.621875
5 0.325000 0.276563 0.325000 0.718750
5 0.506250 0.629687 0.504687 0.362500
2 0.268750 0.410937 0.276562 0.595313
3 0.243750 0.765625 0.235937 0.235937
3 0.303125 0.629687 0.292187 0.373437
3 0.287500 0.556250 0.289062 0.471875
3 0.290625 0.570312 0.285938 0.434375
3 0.243750 0.417188 0.265625 0.585938
3 0.203125 0.303125 0.207813 0.700000
0 0.906250 0.760938 0.904687 0.245312
0 0.890625 0.839063 0.901563 0.178125
0 0.857812 0.573438 0.865625 0.429688
0 0.796875 0.510938 0.762500 0.487500
0 0.795312 0.612500 0.792188 0.390625
0 0.760938 0.367188 0.729688 0.632812
0 0.759375 0.345313 0.759375 0.664062
0 0.753125 0.276563 0.739062 0.729688
1 0.526563 0.303125 0.517188 0.698438
1 0.343750 0.226562 0.331250 0.768750
1 0.525000 0.425000 0.515625 0.584375
1 0.425000 0.618750 0.437500 0.382812
1 0.595313 0.465625 0.578125 0.551562
1 0.425000 0.650000 0.446875 0.345313
