3 0.876563 0.312500 0.100000 0.303125
3 0.882812 0.450000 0.115625 0.440625
3 0.654687 0.343750 0.343750 0.346875
3 0.832812 0.579688 0.143750 0.581250
3 0.712500 0.695312 0.284375 0.698438
3 0.781250 0.781250 0.234375 0.781250
3 0.835938 0.064062 0.173437 0.075000
3 0.781250 0.101562 0.225000 0.096875
3 0.853125 0.148438 0.132812 0.143750
3 0.853125 0.184375 0.139063 0.182812
3 0.851562 0.214062 0.137500 0.207813
3 0.837500 0.470313 0.153125 0.464062
3 0.842187 0.492188 0.146875 0.484375
5 0.785937 0.046875 0.220312 0.057813
5 0.673438 0.128125 0.325000 0.132812
5 0.850000 0.131250 0.162500 0.126562
5 0.817187 0.203125 0.159375 0.193750
5 0.714063 0.185938 0.310937 0.162500
5 0.756250 0.242188 0.239063 0.240625
5 0.729688 0.390625 0.284375 0.414062
5 0.739062 0.540625 0.265625 0.550000
5 0.653125 0.712500 0.362500 0.712500
5 0.739062 0.871875 0.226562 0.845313
5 0.837500 0.468750 0.167187 0.459375
5 0.832812 0.478125 0.207813 0.476562
1 0.712500 0.389062 0.282813 0.382812
1 0.703125 0.431250 0.310937 0.435937
1 0.762500 0.535937 0.245312 0.532813
1 0.740625 0.610938 0.246875 0.614062
1 0.517188 0.270313 0.484375 0.279687
1 0.684375 0.114062 0.325000 0.103125
1 0.656250 0.114062 0.328125 0.125000
0 0.653125 0.070312 0.350000 0.054688
0 0.662500 0.081250 0.342187 0.070312
0 0.282813 0.217188 0.721875 0.228125
0 0.337500 0.276562 0.648438 0.284375
0 0.501563 0.290625 0.500000 0.285938
0 0.540625 0.400000 0.478125 0.409375
0 0.531250 0.437500 0.451562 0.432812
1 0.500000 0.303125 0.475000 0.301563
2 0.837500 0.450000 0.159375 0.443750
1 0.778125 0.476562 0.214062 0.479687
1 0.778125 0.501563 0.214062 0.500000
0 0.726562 0.479687 0.260937 0.478125
0 0.729688 0.487500 0.012500 0.003125
2 0.827344 0.572656 0.007812 0.014063
0 0.610938 0.548438 0.390625 0.540625
0 0.607812 0.562500 0.390625 0.556250
1 0.439063 0.675000 0.523438 0.679688
1 0.426562 0.826562 0.575000 0.825000
0 0.242188 0.725000 0.735938 0.725000
0 0.171875 0.712500 0.829688 0.726562
0 0.675000 0.131250 0.339062 0.132812
0 0.757812 0.145313 0.235937 0.148438
0 0.759375 0.145313 0.237500 0.150000
1 0.819531 0.133594 0.004687 0.004687
1 0.814063 0.156250 0.179688 0.156250
1 0.812500 0.167187 0.175000 0.164062
1 0.792188 0.198437 0.206250 0.192188
1 0.825000 0.209375 0.171875 0.206250
1 0.818750 0.210938 0.173437 0.214062
5 0.828125 0.214062 0.150000 0.204687
