3 0.651563 0.179688 0.350000 0.165625
3 0.603125 0.246875 0.396875 0.281250
3 0.626563 0.284375 0.396875 0.284375
3 0.664062 0.356250 0.339062 0.350000
3 0.643750 0.468750 0.348438 0.462500
3 0.620313 0.540625 0.365625 0.535937
3 0.629687 0.615625 0.351562 0.609375
1 0.515625 0.100000 0.507812 0.085938
1 0.342187 0.201563 0.645312 0.207813
1 0.351562 0.217188 0.653125 0.226562
1 0.346875 0.315625 0.635938 0.315625
1 0.409375 0.393750 0.620313 0.395313
1 0.373437 0.460938 0.653125 0.459375
1 0.379687 0.568750 0.635938 0.564063
1 0.376563 0.664062 0.620313 0.653125
5 0.387500 0.195312 0.596875 0.195312
5 0.389062 0.231250 0.614062 0.260937
5 0.473437 0.321875 0.590625 0.323437
5 0.556250 0.442188 0.440625 0.443750
5 0.532813 0.510938 0.446875 0.500000
5 0.384375 0.637500 0.618750 0.640625
2 0.607812 0.195312 0.389062 0.160938
2 0.609375 0.615625 0.382812 0.615625
0 0.170312 0.153125 0.882812 0.153125
0 0.131250 0.220312 0.842187 0.220312
0 0.189063 0.359375 0.803125 0.356250
0 0.179688 0.364063 0.821875 0.385937
0 0.164062 0.429688 0.846875 0.429688
0 0.129687 0.467187 0.890625 0.470313
0 0.096875 0.539062 0.903125 0.551562
0 0.128125 0.615625 0.876563 0.604688
0 0.084375 0.625000 0.912500 0.610938
