3 0.260937 0.484375 0.256250 0.515625
3 0.256250 0.332812 0.237500 0.667188
3 0.192188 0.095313 0.184375 0.901563
3 0.371875 0.359375 0.384375 0.650000
2 0.254688 0.501563 0.267188 0.501563
2 0.256250 0.348437 0.268750 0.650000
1 0.493750 0.118750 0.482812 0.887500
1 0.443750 0.128125 0.440625 0.867188
0 0.864062 0.107812 0.873437 0.895312
0 0.793750 0.137500 0.775000 0.870313
0 0.793750 0.270312 0.835938 0.729688
0 0.825000 0.314063 0.832812 0.689063
0 0.771875 0.339063 0.770312 0.648438
0 0.759375 0.387500 0.785937 0.612500
