3 0.912500 0.509375 0.114062 0.507812
3 0.821875 0.351562 0.189062 0.351562
3 0.718750 0.148438 0.293750 0.154688
1 0.393750 0.537500 0.621875 0.526563
1 0.393750 0.376563 0.617188 0.384375
1 0.576562 0.376563 0.440625 0.393750
1 0.520312 0.259375 0.495312 0.262500
1 0.604688 0.257812 0.376563 0.267188
0 0.110938 0.648438 0.901563 0.642188
0 0.375000 0.084375 0.639062 0.090625
0 0.135938 0.571875 0.864062 0.596875
5 0.798438 0.512500 0.206250 0.514062
5 0.659375 0.082812 0.348438 0.081250
5 0.912500 0.396875 0.098437 0.385937
4 0.898438 0.492188 0.110937 0.489063
4 0.587500 0.375000 0.415625 0.370312
4 0.814063 0.351562 0.210938 0.348438
4 0.709375 0.148438 0.295312 0.146875
