3 0.543750 0.673438 0.476562 0.671875
3 0.467187 0.521875 0.523438 0.523438
3 0.270312 0.406250 0.754687 0.414062
3 0.498437 0.270313 0.520312 0.281250
2 0.464063 0.521875 0.537500 0.510938
5 0.481250 0.229687 0.523438 0.225000
1 0.300000 0.295312 0.675000 0.295312
0 0.143750 0.281250 0.870313 0.265625
0 0.140625 0.239063 0.853125 0.242188
5 0.290625 0.460938 0.714063 0.460938
5 0.339063 0.482812 0.665625 0.487500
5 0.425000 0.728125 0.578125 0.723437
1 0.260938 0.618750 0.757812 0.620313
1 0.089063 0.489063 0.906250 0.492188
0 0.048438 0.693750 0.954688 0.701562
0 0.103125 0.623437 0.870313 0.626563
3 0.670312 0.050000 0.307812 0.046875
