3 0.328125 0.785937 0.337500 0.210938
3 0.290625 0.595313 0.304688 0.404687
3 0.253125 0.453125 0.264062 0.540625
2 0.362500 0.746875 0.362500 0.246875
2 0.384375 0.546875 0.379688 0.465625
2 0.354687 0.446875 0.353125 0.542188
1 0.903125 0.415625 0.926562 0.585938
1 0.906250 0.451562 0.917188 0.557813
5 0.648438 0.843750 0.653125 0.145313
5 0.445312 0.795312 0.450000 0.207813
5 0.793750 0.632812 0.801562 0.370312
5 0.484375 0.631250 0.537500 0.367188
5 0.489063 0.539062 0.535937 0.450000
5 0.546875 0.312500 0.562500 0.679688
5 0.514062 0.420312 0.518750 0.579688
