2 0.899219 0.902344 0.001563 0.010937
5 0.890625 0.782813 0.093750 0.196875
0 0.928125 0.556250 0.089063 0.442188
0 0.907813 0.560937 0.092188 0.428125
0 0.373437 0.092187 0.695312 0.909375
0 0.528125 0.204688 0.464062 0.790625
5 0.482812 0.815625 0.518750 0.218750
5 0.192187 0.732812 0.821875 0.267188
5 0.087500 0.810937 0.907813 0.178125
0 0.206250 0.546875 0.796875 0.456250
0 0.171875 0.540625 0.843750 0.453125
0 0.120313 0.529687 0.896875 0.476562
0 0.118750 0.540625 0.878125 0.456250
1 0.153125 0.728125 0.839063 0.271875
1 0.206250 0.740625 0.798438 0.248438
2 0.126563 0.846875 0.893750 0.153125
