2 0.097656 0.899219 0.010937 0.001563
5 0.254688 0.964063 0.259375 0.040625
0 0.443750 0.928125 0.442188 0.089063
0 0.439063 0.907813 0.428125 0.092188
0 0.867188 0.376563 0.870313 0.615625
0 0.776563 0.603125 0.790625 0.420312
5 0.104688 0.450000 0.109375 0.550000
5 0.156250 0.195312 0.162500 0.792188
5 0.296875 0.137500 0.296875 0.889062
0 0.456250 0.203125 0.450000 0.817187
0 0.440625 0.156250 0.440625 0.829688
0 0.460938 0.117188 0.470313 0.879687
0 0.473438 0.121875 0.459375 0.881250
1 0.289062 0.151563 0.271875 0.846875
1 0.259375 0.206250 0.248438 0.798438
2 0.153125 0.126563 0.153125 0.893750
