3 0.348438 0.820312 0.350000 0.165625
3 0.396875 0.753125 0.396875 0.281250
3 0.373437 0.715625 0.396875 0.284375
3 0.335938 0.643750 0.339062 0.350000
3 0.356250 0.531250 0.348438 0.462500
3 0.379688 0.459375 0.365625 0.535937
3 0.370312 0.384375 0.351562 0.609375
1 0.484375 0.900000 0.507812 0.085938
1 0.657813 0.798438 0.645312 0.207813
1 0.648438 0.782813 0.653125 0.226562
1 0.653125 0.684375 0.635938 0.315625
1 0.590625 0.606250 0.620313 0.395313
1 0.626563 0.539062 0.653125 0.459375
1 0.620313 0.431250 0.635938 0.564063
1 0.623437 0.335938 0.620313 0.653125
5 0.612500 0.804688 0.596875 0.195312
5 0.610938 0.768750 0.614062 0.260937
5 0.526563 0.678125 0.590625 0.323437
5 0.443750 0.557813 0.440625 0.443750
5 0.467187 0.489062 0.446875 0.500000
5 0.615625 0.362500 0.618750 0.640625
2 0.392188 0.804688 0.389062 0.160938
2 0.390625 0.384375 0.382812 0.615625
0 0.829688 0.846875 0.882812 0.153125
0 0.868750 0.779687 0.842187 0.220312
0 0.810937 0.640625 0.803125 0.356250
0 0.820312 0.635938 0.821875 0.385937
0 0.835938 0.570312 0.846875 0.429688
0 0.870313 0.532813 0.890625 0.470313
0 0.903125 0.460938 0.903125 0.551562
0 0.871875 0.384375 0.876563 0.604688
0 0.915625 0.375000 0.912500 0.610938
