3 0.482812 0.810937 0.518750 0.200000
3 0.646875 0.746875 0.368750 0.281250
3 0.806250 0.671875 0.195312 0.334375
1 0.462500 0.335938 0.540625 0.668750
1 0.587500 0.379687 0.446875 0.581250
1 0.589063 0.567187 0.412500 0.431250
1 0.693750 0.514062 0.309375 0.478125
1 0.785937 0.623437 0.200000 0.382812
0 0.356250 0.059375 0.685937 0.942187
0 0.889062 0.342187 0.140625 0.657813
0 0.360938 0.134375 0.656250 0.864062
5 0.459375 0.748437 0.564063 0.259375
5 0.946875 0.596875 0.039062 0.460938
5 0.629687 0.860938 0.370312 0.143750
4 0.520312 0.871875 0.481250 0.135937
4 0.604688 0.582812 0.387500 0.406250
4 0.646875 0.754687 0.359375 0.267188
4 0.881250 0.706250 0.104688 0.303125
