3 0.123438 0.687500 0.100000 0.303125
3 0.117188 0.550000 0.115625 0.440625
3 0.345313 0.656250 0.343750 0.346875
3 0.167187 0.420312 0.143750 0.581250
3 0.287500 0.304688 0.284375 0.698438
3 0.218750 0.218750 0.234375 0.781250
3 0.164062 0.935937 0.173437 0.075000
3 0.218750 0.898438 0.225000 0.096875
3 0.146875 0.851562 0.132812 0.143750
3 0.146875 0.815625 0.139063 0.182812
3 0.148438 0.785937 0.137500 0.207813
3 0.162500 0.529687 0.153125 0.464062
3 0.157812 0.507812 0.146875 0.484375
5 0.214062 0.953125 0.220312 0.057813
5 0.326562 0.871875 0.325000 0.132812
5 0.150000 0.868750 0.162500 0.126562
5 0.182812 0.796875 0.159375 0.193750
5 0.285938 0.814063 0.310937 0.162500
5 0.243750 0.757812 0.239063 0.240625
5 0.270313 0.609375 0.284375 0.414062
5 0.260937 0.459375 0.265625 0.550000
5 0.346875 0.287500 0.362500 0.712500
5 0.260937 0.128125 0.226562 0.845313
5 0.162500 0.531250 0.167187 0.459375
5 0.167187 0.521875 0.207813 0.476562
1 0.287500 0.610938 0.282813 0.382812
1 0.296875 0.568750 0.310937 0.435937
1 0.237500 0.464063 0.245312 0.532813
1 0.259375 0.389062 0.246875 0.614062
1 0.482812 0.729688 0.484375 0.279687
1 0.315625 0.885938 0.325000 0.103125
1 0.343750 0.885938 0.328125 0.125000
0 0.346875 0.929688 0.350000 0.054688
0 0.337500 0.918750 0.342187 0.070312
0 0.717187 0.782813 0.721875 0.228125
0 0.662500 0.723437 0.648438 0.284375
0 0.498437 0.709375 0.500000 0.285938
0 0.459375 0.600000 0.478125 0.409375
0 0.468750 0.562500 0.451562 0.432812
1 0.500000 0.696875 0.475000 0.301563
2 0.162500 0.550000 0.159375 0.443750
1 0.221875 0.523438 0.214062 0.479687
1 0.221875 0.498437 0.214062 0.500000
0 0.273438 0.520312 0.260937 0.478125
0 0.270313 0.512500 0.012500 0.003125
2 0.172656 0.427344 0.007812 0.014063
0 0.389062 0.451562 0.390625 0.540625
0 0.392188 0.437500 0.390625 0.556250
1 0.560937 0.325000 0.523438 0.679688
1 0.573438 0.173438 0.575000 0.825000
0 0.757812 0.275000 0.735938 0.725000
0 0.828125 0.287500 0.829688 0.726562
0 0.325000 0.868750 0.339062 0.132812
0 0.242188 0.854688 0.235937 0.148438
0 0.240625 0.854688 0.237500 0.150000
1 0.180469 0.866406 0.004687 0.004687
1 0.185938 0.843750 0.179688 0.156250
1 0.187500 0.832812 0.175000 0.164062
1 0.207813 0.801562 0.206250 0.192188
1 0.175000 0.790625 0.171875 0.206250
1 0.181250 0.789062 0.173437 0.214062
5 0.171875 0.785937 0.150000 0.204687
