3 0.38125 0.5171875 0.3734375 0.503125 0.3640625 0.51875 0.38125 0.5171875
3 0.584375 0.55 0.56875 0.546875 0.5625 0.5671875 0.5859375 0.5640625 0.584375 0.55
5 0.3578125 0.5953125 0.3796875 0.6 0.384375 0.5953125 0.38125 0.5828125 0.3796875 0.55 0.3671875 0.5296875 0.3625 0.5296875 0.353125 0.54375 0.3515625 0.5875 0.353125 0.5921875 0.3578125 0.5953125
5 0.584375 0.590625 0.59375 0.5875 0.6 0.59375 0.603125 0.621875 0.596875 0.628125 0.578125 0.6265625 0.578125 0.6390625 0.5828125 0.6546875 0.58125 0.665625 0.590625 0.671875 0.6 0.671875 0.621875 0.6609375 0.621875 0.6515625 0.60625 0.6 0.5921875 0.578125 0.5859375 0.578125 0.5765625 0.59375 0.578125 0.6125 0.584375 0.609375 0.584375 0.590625
0 0.5609375 0.7671875 0.5703125 0.76875 0.5765625 0.7625 0.5796875 0.7203125 0.565625 0.715625 0.5609375 0.75 0.553125 0.75625 0.553125 0.7609375 0.5609375 0.7671875
0 0.6546875 0.7859375 0.6609375 0.7859375 0.6671875 0.765625 0.6390625 0.7359375 0.6296875 0.746875 0.6296875 0.753125 0.65 0.775 0.6546875 0.7859375
2 0.3765625 0.528125 0.3828125 0.5265625 0.3734375 0.5203125 0.3765625 0.528125
1 0.375 0.6203125 0.378125 0.6 0.371875 0.596875 0.375 0.6203125
1 0.390625 0.596875 0.3859375 0.6046875 0.396875 0.6109375 0.3984375 0.6 0.390625 0.596875
0 0.3734375 0.678125 0.3734375 0.703125 0.3921875 0.7 0.3921875 0.6796875 0.3734375 0.678125
0 0.3671875 0.675 0.359375 0.6671875 0.359375 0.69375 0.3625 0.7046875 0.36875 0.7046875 0.3671875 0.675
1 0.565625 0.6046875 0.5640625 0.61875 0.5734375 0.6234375 0.5765625 0.6078125 0.565625 0.6046875
1 0.5625 0.625 0.55 0.6296875 0.55 0.6484375 0.5640625 0.640625 0.5625 0.625