3 0.776563 0.642188 0.250000 0.359375
3 0.590625 0.640625 0.434375 0.362500
3 0.465625 0.695312 0.532813 0.326562
2 0.740625 0.610938 0.279687 0.390625
2 0.539062 0.635938 0.410938 0.362500
2 0.443750 0.625000 0.562500 0.375000
1 0.393750 0.075000 0.626563 0.912500
1 0.431250 0.092187 0.565625 0.831250
5 0.856250 0.254687 0.148438 0.748437
5 0.796875 0.501563 0.207813 0.520312
5 0.582812 0.220313 0.431250 0.798438
5 0.620313 0.401563 0.421875 0.596875
5 0.560937 0.418750 0.435937 0.587500
5 0.326562 0.351562 0.676562 0.675000
5 0.425000 0.501563 0.575000 0.481250
