5 0.500000 0.601562 0.525000 0.373437
5 0.359375 0.490625 0.360938 0.496875
5 0.281250 0.678125 0.285938 0.317188
5 0.381250 0.289062 0.373437 0.701562
5 0.392188 0.056250 0.400000 0.960938
3 0.234375 0.729688 0.251563 0.270313
3 0.357812 0.601562 0.364063 0.407813
3 0.246875 0.615625 0.253125 0.393750
3 0.256250 0.521875 0.265625 0.478125
3 0.296875 0.264062 0.292187 0.762500
3 0.314063 0.117188 0.329688 0.882812
3 0.275000 0.040625 0.278125 0.960938
3 0.317188 0.059375 0.318750 0.945312
1 0.554688 0.693750 0.546875 0.315625
1 0.406250 0.684375 0.407813 0.307812
1 0.521875 0.515625 0.521875 0.493750
1 0.354687 0.409375 0.368750 0.564063
1 0.534375 0.285937 0.523438 0.715625
2 0.296875 0.518750 0.301563 0.484375
