3 0.418750 0.673438 0.409375 0.318750
3 0.467187 0.815625 0.451562 0.178125
0 0.767188 0.695312 0.748437 0.317188
0 0.756250 0.679688 0.768750 0.323437
0 0.759375 0.800000 0.760938 0.187500
0 0.795312 0.820312 0.781250 0.170313
3 0.404687 0.321875 0.395313 0.662500
3 0.442188 0.245313 0.414062 0.754687
2 0.448437 0.268750 0.453125 0.750000
2 0.442188 0.339063 0.435937 0.678125
1 0.593750 0.362500 0.570312 0.639062
1 0.598437 0.226562 0.614062 0.775000
0 0.734375 0.265625 0.745313 0.737500
0 0.725000 0.326562 0.701562 0.667188
