3 0.456250 0.800000 0.464062 0.198437
2 0.484375 0.715625 0.476562 0.284375
2 0.609375 0.623437 0.607812 0.418750
2 0.489063 0.501563 0.476562 0.507812
2 0.470313 0.293750 0.473438 0.709375
3 0.382812 0.292188 0.396875 0.700000
3 0.414062 0.518750 0.429688 0.476562
3 0.589063 0.645312 0.587500 0.364063
5 0.571875 0.848437 0.564063 0.165625
5 0.701562 0.660937 0.725000 0.339062
5 0.609375 0.479688 0.660937 0.504687
5 0.854688 0.164062 0.867188 0.826562
5 0.571875 0.221875 0.600000 0.768750
1 0.954688 0.306250 0.959375 0.698438
1 0.926562 0.420312 0.971875 0.578125
1 0.982812 0.878125 0.996875 0.125000
1 0.967187 0.646875 0.970313 0.331250
