2 0.10078125 0.09765625 0.0015625 0.0109375
5 0.1015625 0.2515625 0.109375 0.24375 0.109375 0.2171875 0.09375 0.196875 0.0875 0.184375 0.0828125 0.1640625 0.0828125 0.1421875 0.0859375 0.128125 0.0921875 0.115625 0.08125 0.10625 0.075 0.1046875 0.0625 0.10625 0.0421875 0.125 0.0359375 0.153125 0.0359375 0.2546875 0.040625 0.259375 0.078125 0.2578125 0.0890625 0.253125 0.1015625 0.2515625
0 0.0515625 0.4296875 0.05 0.4359375 0.071875 0.44375 0.0890625 0.4421875 0.0921875 0.4328125 0.071875 0.4265625 0.0515625 0.4296875
0 0.0921875 0.428125 0.084375 0.425 0.0921875 0.4390625 0.0921875 0.428125
0 0.5890625 0.890625 0.590625 0.9015625 0.6265625 0.9078125 0.6953125 0.909375 0.6984375 0.8890625 0.69375 0.865625 0.69375 0.846875 0.66875 0.8546875 0.6359375 0.85 0.634375 0.8578125 0.6234375 0.8671875 0.615625 0.8703125 0.5984375 0.871875 0.5953125 0.875 0.5890625 0.890625
0 0.465625 0.81875 0.471875 0.8046875 0.471875 0.7953125 0.4640625 0.790625 0.45 0.7765625 0.4265625 0.734375 0.4125 0.74375 0.409375 0.74375 0.3890625 0.7328125 0.3828125 0.734375 0.378125 0.7390625 0.375 0.7453125 0.375 0.7546875 0.3828125 0.765625 0.396875 0.7765625 0.4203125 0.790625 0.446875 0.8140625 0.4578125 0.81875 0.465625 0.81875
5 0.5296875 0.140625 0.5234375 0.171875 0.5171875 0.184375 0.51875 0.21875 0.515625 0.225 0.515625 0.246875 0.5109375 0.2625 0.5046875 0.3078125 0.50625 0.328125 0.5046875 0.35625 0.50625 0.3625 0.515625 0.371875 0.53125 0.3734375 0.5359375 0.378125 0.5390625 0.4234375 0.5375 0.453125 0.5421875 0.471875 0.55 0.475 0.5578125 0.471875 0.5609375 0.4671875 0.5734375 0.459375 0.5765625 0.4625 0.578125 0.471875 0.5859375 0.4796875 0.596875 0.484375 0.6046875 0.484375 0.6140625 0.471875 0.6171875 0.459375 0.621875 0.453125 0.640625 0.4375 0.6625 0.4265625 0.675 0.409375 0.678125 0.3515625 0.675 0.3359375 0.678125 0.3125 0.678125 0.278125 0.6703125 0.2234375 0.665625 0.2078125 0.6515625 0.128125 0.6453125 0.115625 0.6359375 0.1046875 0.6171875 0.0875 0.6015625 0.078125 0.59375 0.0625 0.5859375 0.0609375 0.5703125 0.0734375 0.5640625 0.0890625 0.5578125 0.09375 0.55 0.1046875 0.55 0.109375 0.5390625 0.1234375 0.5359375 0.1328125 0.5296875 0.140625
5 0.796875 0.240625 0.8 0.2625 0.8078125 0.2671875 0.821875 0.2671875 0.834375 0.2625 0.846875 0.2671875 0.853125 0.259375 0.8546875 0.2265625 0.85 0.171875 0.846875 0.1640625 0.828125 0.1484375 0.821875 0.1609375 0.815625 0.165625 0.809375 0.1640625 0.8046875 0.15625 0.7921875 0.1625 0.7859375 0.178125 0.784375 0.2359375 0.796875 0.240625
5 0.9171875 0.2921875 0.915625 0.2046875 0.9125 0.1890625 0.9078125 0.178125 0.89375 0.1625 0.8875 0.1703125 0.8734375 0.18125 0.8640625 0.2109375 0.8625 0.296875 0.8890625 0.296875 0.909375 0.3015625 0.915625 0.2984375 0.9171875 0.2921875
0 0.8046875 0.425 0.7953125 0.440625 0.79375 0.453125 0.796875 0.45625 0.8171875 0.45 0.81875 0.428125 0.815625 0.4234375 0.8046875 0.425
0 0.84375 0.440625 0.8296875 0.440625 0.828125 0.459375 0.84375 0.453125 0.84375 0.440625
0 0.90625 0.4625 0.8828125 0.4609375 0.8796875 0.4703125 0.896875 0.4765625 0.9078125 0.4734375 0.90625 0.4625
0 0.8609375 0.471875 0.878125 0.4734375 0.88125 0.459375 0.878125 0.45625 0.8640625 0.4625 0.8609375 0.471875
1 0.8390625 0.296875 0.8484375 0.2890625 0.846875 0.271875 0.8390625 0.271875 0.8375 0.2765625 0.8390625 0.296875
1 0.7984375 0.2484375 0.7890625 0.2390625 0.79375 0.259375 0.7984375 0.2484375
2 0.89375 0.153125 0.871875 0.14375 0.8734375 0.153125 0.89375 0.153125