3 0.3265625 0.41875 0.31875 0.409375 0.309375 0.4078125 0.3 0.4203125 0.2984375 0.4359375 0.3265625 0.434375 0.3265625 0.41875
3 0.184375 0.4671875 0.178125 0.4515625 0.171875 0.446875 0.165625 0.446875 0.15625 0.459375 0.15625 0.475 0.1828125 0.475 0.184375 0.4671875
0 0.3046875 0.7671875 0.3171875 0.7484375 0.315625 0.7390625 0.29375 0.74375 0.2921875 0.7515625 0.29375 0.765625 0.3046875 0.7671875
0 0.3203125 0.75625 0.3234375 0.76875 0.340625 0.765625 0.3328125 0.7515625 0.3203125 0.75625
0 0.2 0.759375 0.1875 0.7609375 0.19375 0.784375 0.2046875 0.78125 0.2 0.759375
0 0.1796875 0.7953125 0.1703125 0.78125 0.15625 0.7875 0.1796875 0.7953125
3 0.678125 0.4046875 0.6625 0.3953125 0.6546875 0.4234375 0.6609375 0.43125 0.6765625 0.4296875 0.678125 0.4046875
3 0.7546875 0.4421875 0.7546875 0.4140625 0.740625 0.4046875 0.73125 0.4125 0.7296875 0.4375 0.7359375 0.4421875 0.7546875 0.4421875
2 0.73125 0.4484375 0.75 0.453125 0.7546875 0.4453125 0.7328125 0.4421875 0.73125 0.4484375
2 0.6609375 0.4421875 0.678125 0.4359375 0.6578125 0.4328125 0.6609375 0.4421875
1 0.6375 0.59375 0.6390625 0.5703125 0.63125 0.5703125 0.6375 0.59375
1 0.7734375 0.5984375 0.775 0.6140625 0.7859375 0.596875 0.7734375 0.5984375
0 0.734375 0.734375 0.7375 0.7453125 0.7546875 0.7390625 0.75 0.7296875 0.734375 0.734375
0 0.6734375 0.725 0.6671875 0.7015625 0.653125 0.7015625 0.6515625 0.7234375 0.6765625 0.734375 0.678125 0.7296875 0.6734375 0.725