5 0.426563 0.850000 0.437500 0.151562
5 0.403125 0.534375 0.393750 0.456250
5 0.356250 0.392188 0.335938 0.603125
5 0.257812 0.307813 0.273438 0.676562
5 0.546875 0.614062 0.553125 0.403125
2 0.260937 0.376563 0.257812 0.621875
3 0.192188 0.778125 0.187500 0.212500
3 0.292187 0.598437 0.306250 0.409375
3 0.229687 0.523438 0.218750 0.467187
3 0.242188 0.565625 0.229687 0.440625
3 0.251563 0.375000 0.254688 0.628125
3 0.196875 0.260938 0.187500 0.743750
0 0.856250 0.742188 0.853125 0.250000
0 0.867188 0.806250 0.864062 0.189062
0 0.823438 0.543750 0.820312 0.448437
0 0.810937 0.534375 0.815625 0.481250
0 0.798438 0.646875 0.800000 0.368750
0 0.764062 0.382812 0.760938 0.632812
0 0.701562 0.332812 0.704688 0.648438
0 0.737500 0.295312 0.748437 0.704688
1 0.475000 0.323438 0.510938 0.676562
1 0.335938 0.253125 0.351562 0.753125
1 0.485938 0.435937 0.490625 0.559375
1 0.418750 0.598437 0.434375 0.401562
1 0.518750 0.471875 0.570312 0.523438
1 0.395313 0.637500 0.392188 0.353125
