5 0.3078125 0.403125 0.3234375 0.39375 0.3578125 0.3859375 0.3625 0.390625 0.371875 0.41875 0.371875 0.4328125 0.365625 0.4484375 0.3578125 0.4578125 0.340625 0.46875 0.3375 0.475 0.3375 0.48125 0.3296875 0.496875 0.325 0.5 0.31875 0.5 0.315625 0.503125 0.3140625 0.5125 0.3265625 0.51875 0.3328125 0.525 0.340625 0.5375 0.353125 0.5453125 0.359375 0.54375 0.3890625 0.5125 0.403125 0.5046875 0.4140625 0.5046875 0.4171875 0.5015625 0.4234375 0.5 0.4328125 0.490625 0.45 0.484375 0.4625 0.4703125 0.4609375 0.4546875 0.4265625 0.415625 0.4109375 0.4078125 0.403125 0.3984375 0.3890625 0.3875 0.3546875 0.3671875 0.334375 0.3640625 0.3203125 0.35625 0.30625 0.3515625 0.296875 0.35 0.2921875 0.353125 0.290625 0.3640625 0.2921875 0.371875 0.2953125 0.3765625 0.2953125 0.3890625 0.290625 0.4078125 0.290625 0.41875 0.29375 0.41875 0.3078125 0.403125
3 0.190625 0.35625 0.19375 0.3765625 0.1953125 0.378125 0.1875 0.3984375 0.1875 0.40625 0.19375 0.41875 0.2015625 0.4234375 0.20625 0.4234375 0.2078125 0.425 0.2203125 0.4234375 0.271875 0.36875 0.2859375 0.359375 0.2890625 0.3546875 0.290625 0.3328125 0.2859375 0.3234375 0.2828125 0.3203125 0.2734375 0.3 0.2625 0.2875 0.2484375 0.278125 0.2359375 0.278125 0.215625 0.2875 0.203125 0.3015625 0.1921875 0.3265625 0.190625 0.340625 0.1890625 0.3421875 0.1890625 0.3546875 0.190625 0.35625
3 0.3984375 0.1328125 0.40625 0.1296875 0.4015625 0.11875 0.3890625 0.1140625 0.38125 0.1171875 0.375 0.134375 0.3765625 0.1515625 0.3859375 0.1640625 0.390625 0.1578125 0.390625 0.1484375 0.39375 0.1375 0.3984375 0.1328125
5 0.43125 0.2046875 0.440625 0.2078125 0.446875 0.2046875 0.4828125 0.16875 0.4890625 0.165625 0.4875 0.1609375 0.475 0.1484375 0.4546875 0.1328125 0.428125 0.1234375 0.4125 0.1328125 0.409375 0.1375 0.4078125 0.15 0.409375 0.1703125 0.4140625 0.1828125 0.425 0.18125 0.428125 0.184375 0.43125 0.2046875
1 0.4 0.2890625 0.4109375 0.2828125 0.4109375 0.259375 0.4046875 0.2578125 0.4 0.2625 0.4 0.2890625
0 0.4140625 0.35625 0.4296875 0.3671875 0.4484375 0.36875 0.45 0.3578125 0.4421875 0.35625 0.43125 0.346875 0.415625 0.3484375 0.4140625 0.35625
0 0.5375 0.34375 0.5375 0.33125 0.5328125 0.325 0.51875 0.334375 0.5265625 0.35 0.5375 0.34375
0 0.45 0.8953125 0.4328125 0.8828125 0.4234375 0.884375 0.415625 0.88125 0.409375 0.8875 0.409375 0.8921875 0.40625 0.8953125 0.409375 0.9015625 0.4546875 0.925 0.4640625 0.925 0.478125 0.9203125 0.484375 0.909375 0.4796875 0.8921875 0.471875 0.8953125 0.45 0.8953125
0 0.3515625 0.8484375 0.34375 0.840625 0.3390625 0.83125 0.328125 0.81875 0.3234375 0.8171875 0.3140625 0.81875 0.3 0.815625 0.2859375 0.8328125 0.290625 0.8453125 0.3265625 0.878125 0.35 0.890625 0.3546875 0.8890625 0.359375 0.88125 0.3609375 0.853125 0.3515625 0.8484375
1 0.096875 0.709375 0.1015625 0.7171875 0.1046875 0.71875 0.13125 0.7171875 0.159375 0.6875 0.1609375 0.6828125 0.171875 0.6734375 0.171875 0.6703125 0.1546875 0.65 0.1515625 0.65 0.1484375 0.65625 0.1421875 0.6625 0.1203125 0.6703125 0.1078125 0.678125 0.1 0.6953125 0.0984375 0.7078125 0.096875 0.709375
1 0.1703125 0.5875 0.1765625 0.5859375 0.1796875 0.5765625 0.1796875 0.5578125 0.171875 0.5484375 0.1640625 0.5234375 0.1515625 0.509375 0.1421875 0.5125 0.1328125 0.546875 0.13125 0.5828125 0.134375 0.5890625 0.1421875 0.59375 0.146875 0.5921875 0.1515625 0.5828125 0.1703125 0.5875
2 0.2703125 0.425 0.28125 0.428125 0.2921875 0.3875 0.2921875 0.3765625 0.2890625 0.3640625 0.284375 0.3625 0.271875 0.3703125 0.2265625 0.41875 0.225 0.4265625 0.24375 0.4296875 0.2578125 0.4203125 0.2640625 0.4265625 0.2703125 0.425