3 0.723021 0.000000 0.282813 0.021875
3 0.710938 0.320312 0.292187 0.326562
3 0.709375 0.529687 0.287500 0.531250
3 0.746875 0.718750 0.265625 0.729688
3 0.865625 0.854688 0.157812 0.856250
5 0.464063 0.090625 0.542188 0.085938
5 0.455903 0.000000 0.546875 0.012500
5 0.485938 0.257812 0.515625 0.265625
5 0.625000 0.476562 0.385937 0.470313
5 0.650000 0.664062 0.381250 0.662500
0 0.138565 0.000000 0.839063 0.032813
0 0.195312 0.098437 0.804688 0.089063
0 0.214063 0.306250 0.789062 0.287500
0 0.148438 0.318750 0.846875 0.332813
0 0.198438 0.498437 0.796875 0.514062
0 0.181250 0.564063 0.789062 0.567187
0 0.167188 0.650000 0.832812 0.667188
0 0.140625 0.725000 0.846875 0.737500
0 0.145312 0.907813 0.839063 0.895312
0 0.132812 0.978125 0.862500 0.976562
1 0.357812 0.035937 0.643750 0.043750
1 0.360938 0.290625 0.632812 0.290625
1 0.384375 0.510938 0.606250 0.521875
1 0.429688 0.679688 0.565625 0.685937
1 0.385938 0.826562 0.615625 0.831250
4 0.781250 0.885938 0.234375 0.890625
4 0.248437 0.943750 0.710938 0.942187
2 0.825000 0.878125 0.170313 0.881250
4 0.664062 0.684375 0.339062 0.673438
4 0.653125 0.484375 0.354687 0.481250
4 0.639062 0.250000 0.446875 0.248438
4 0.140625 0.067187 0.865625 0.068750
4 0.140938 0.000000 0.857812 0.006250
4 0.492578 0.000000 0.515625 0.004687
