5 0.850000 0.573438 0.151562 0.437500
5 0.534375 0.596875 0.456250 0.393750
5 0.392188 0.643750 0.603125 0.335938
5 0.307813 0.742188 0.676562 0.273438
5 0.614062 0.453125 0.403125 0.553125
2 0.376563 0.739062 0.621875 0.257812
3 0.778125 0.807813 0.212500 0.187500
3 0.598437 0.707812 0.409375 0.306250
3 0.523438 0.770312 0.467187 0.218750
3 0.565625 0.757812 0.440625 0.229687
3 0.375000 0.748437 0.628125 0.254688
3 0.260938 0.803125 0.743750 0.187500
0 0.742188 0.143750 0.250000 0.853125
0 0.806250 0.132812 0.189062 0.864062
0 0.543750 0.176562 0.448437 0.820312
0 0.534375 0.189063 0.481250 0.815625
0 0.646875 0.201562 0.368750 0.800000
0 0.382812 0.235938 0.632812 0.760938
0 0.332812 0.298438 0.648438 0.704688
0 0.295312 0.262500 0.704688 0.748437
1 0.323438 0.525000 0.676562 0.510938
1 0.253125 0.664062 0.753125 0.351562
1 0.435937 0.514062 0.559375 0.490625
1 0.598437 0.581250 0.401562 0.434375
1 0.471875 0.481250 0.523438 0.570312
1 0.637500 0.604688 0.353125 0.392188
