5 0.501563 0.153125 0.498437 0.160938
5 0.531250 0.281250 0.476562 0.289062
5 0.606250 0.417187 0.415625 0.423438
3 0.745313 0.225000 0.257812 0.234375
3 0.817187 0.365625 0.164062 0.350000
3 0.800000 0.428125 0.201563 0.432812
3 0.806250 0.481250 0.179688 0.512500
1 0.757812 0.535937 0.231250 0.532813
1 0.746875 0.609375 0.251563 0.598437
1 0.515625 0.279687 0.481250 0.285938
0 0.092187 0.248438 0.900000 0.234375
0 0.110938 0.296875 0.885938 0.290625
0 0.112500 0.304688 0.889062 0.310937
0 0.093750 0.515625 0.892188 0.515625
4 0.748437 0.164062 0.278125 0.159375
4 0.748437 0.317188 0.268750 0.310937
4 0.795312 0.414062 0.206250 0.420312
