3 0.276979 1.000000 0.282813 0.021875
3 0.284375 0.737500 0.289062 0.271875
3 0.290625 0.526563 0.293750 0.476562
3 0.256250 0.331250 0.248438 0.678125
3 0.100000 0.132812 0.110937 0.860938
5 0.465625 0.898438 0.495312 0.101562
5 0.544097 1.000000 0.546875 0.012500
5 0.384375 0.750000 0.450000 0.248438
5 0.343750 0.504687 0.351562 0.490625
5 0.350000 0.315625 0.337500 0.685937
0 0.861435 1.000000 0.839063 0.032813
0 0.870313 0.918750 0.860938 0.106250
0 0.821875 0.692187 0.809375 0.317188
0 0.825000 0.690625 0.834375 0.306250
0 0.779687 0.523438 0.785937 0.454688
0 0.823438 0.485938 0.835938 0.509375
0 0.812500 0.348437 0.817187 0.635938
0 0.854688 0.321875 0.864062 0.678125
0 0.859375 0.129687 0.864062 0.885938
0 0.907813 0.060937 0.904687 0.943750
1 0.635938 0.981250 0.643750 0.020313
1 0.601562 0.739062 0.600000 0.265625
1 0.587500 0.546875 0.596875 0.453125
1 0.564063 0.381250 0.568750 0.623437
1 0.534375 0.170312 0.543750 0.829688
4 0.129688 0.143750 0.156250 0.856250
4 0.762500 0.079688 0.821875 0.920312
2 0.171875 0.140625 0.176563 0.860938
4 0.303125 0.326562 0.310937 0.676562
4 0.289062 0.526563 0.296875 0.476562
4 0.289062 0.729688 0.312500 0.270313
4 0.787500 0.926562 0.795312 0.076563
4 0.859062 1.000000 0.857812 0.006250
4 0.507422 1.000000 0.515625 0.004687
