3 0.785937 0.671875 0.210938 0.337500
3 0.595313 0.709375 0.404687 0.304688
3 0.453125 0.746875 0.540625 0.264062
2 0.746875 0.637500 0.246875 0.362500
2 0.546875 0.615625 0.465625 0.379688
2 0.446875 0.645312 0.542188 0.353125
1 0.415625 0.096875 0.585938 0.926562
1 0.451562 0.093750 0.557813 0.917188
5 0.843750 0.351562 0.145313 0.653125
5 0.795312 0.554688 0.207813 0.450000
5 0.632812 0.206250 0.370312 0.801562
5 0.631250 0.515625 0.367188 0.537500
5 0.539062 0.510938 0.450000 0.535937
5 0.312500 0.453125 0.679688 0.562500
5 0.420312 0.485938 0.579688 0.518750
