3 0.564063 0.298438 0.434375 0.326562
3 0.540625 0.156250 0.475000 0.156250
0 0.248437 0.292187 0.765625 0.293750
0 0.243750 0.320312 0.768750 0.323437
0 0.240625 0.200000 0.760938 0.187500
0 0.218750 0.170313 0.787500 0.156250
3 0.570312 0.676562 0.404687 0.678125
3 0.562500 0.729688 0.442188 0.735938
2 0.551562 0.731250 0.453125 0.750000
2 0.564063 0.678125 0.432812 0.657813
1 0.429688 0.639062 0.570312 0.631250
1 0.385938 0.775000 0.596875 0.785937
0 0.265625 0.734375 0.745313 0.737500
0 0.265625 0.676562 0.729688 0.678125
