3 0.303125 0.521875 0.718750 0.476562
3 0.500000 0.493750 0.493750 0.520312
3 0.564063 0.240625 0.431250 0.750000
3 0.715625 0.460938 0.290625 0.528125
2 0.478125 0.464063 0.510938 0.537500
5 0.801562 0.437500 0.182812 0.593750
1 0.717187 0.295312 0.295312 0.700000
0 0.695312 0.132812 0.312500 0.854688
0 0.773438 0.153125 0.221875 0.843750
5 0.526563 0.290625 0.484375 0.703125
5 0.476562 0.343750 0.531250 0.651563
5 0.293750 0.443750 0.701562 0.551562
1 0.345313 0.257812 0.660937 0.728125
1 0.526563 0.114062 0.470313 0.929688
0 0.293750 0.073438 0.706250 0.915625
0 0.392188 0.146875 0.593750 0.851562
3 0.976562 0.687500 0.021875 0.332813
