3 0.870313 0.275000 0.129688 0.285938
3 0.831250 0.448437 0.170313 0.456250
3 0.685937 0.337500 0.334375 0.342187
3 0.856250 0.581250 0.132812 0.565625
3 0.723437 0.618750 0.284375 0.639062
3 0.756250 0.807813 0.221875 0.810937
3 0.818750 0.085938 0.171875 0.085938
3 0.754687 0.100000 0.237500 0.118750
3 0.857812 0.137500 0.146875 0.148438
3 0.860938 0.182812 0.132812 0.176563
3 0.853125 0.206250 0.148438 0.214062
3 0.839063 0.462500 0.162500 0.470313
3 0.845313 0.482812 0.157812 0.492188
5 0.795312 0.017188 0.217188 0.015625
5 0.690625 0.117188 0.312500 0.115625
5 0.815625 0.143750 0.179688 0.154688
5 0.801562 0.168750 0.204687 0.173437
5 0.739062 0.229687 0.268750 0.210938
5 0.742188 0.237500 0.256250 0.240625
5 0.778125 0.401562 0.235937 0.392188
5 0.795312 0.537500 0.212500 0.540625
5 0.709375 0.700000 0.292187 0.698438
5 0.731250 0.853125 0.284375 0.868750
5 0.828125 0.473438 0.162500 0.468750
5 0.832812 0.478125 0.207813 0.476562
1 0.717187 0.382812 0.282813 0.373437
1 0.670312 0.445312 0.312500 0.448437
1 0.762500 0.535937 0.245312 0.532813
1 0.753125 0.614062 0.234375 0.604688
1 0.521875 0.284375 0.450000 0.278125
1 0.684375 0.114062 0.325000 0.103125
1 0.671875 0.118750 0.343750 0.114062
0 0.653125 0.070312 0.350000 0.054688
0 0.662500 0.081250 0.342187 0.070312
0 0.295312 0.220312 0.698438 0.207813
0 0.360938 0.282813 0.635938 0.279687
0 0.478125 0.328125 0.517188 0.326562
0 0.540625 0.400000 0.478125 0.409375
0 0.548438 0.432812 0.451562 0.425000
1 0.525000 0.301563 0.460938 0.284375
2 0.828125 0.450000 0.162500 0.450000
1 0.784375 0.475000 0.221875 0.476562
1 0.778125 0.498437 0.221875 0.501563
0 0.725000 0.475000 0.273438 0.479687
0 0.729688 0.487500 0.012500 0.003125
2 0.827344 0.572656 0.007812 0.014063
0 0.610938 0.548438 0.390625 0.540625
0 0.593750 0.559375 0.392188 0.562500
1 0.410937 0.648438 0.589063 0.662500
1 0.398438 0.846875 0.596875 0.851562
0 0.262500 0.671875 0.751563 0.676562
0 0.206250 0.701562 0.803125 0.696875
0 0.664062 0.146875 0.326562 0.151562
0 0.759375 0.140625 0.242188 0.145313
0 0.764062 0.148438 0.240625 0.145313
1 0.819531 0.133594 0.004687 0.004687
1 0.817187 0.151562 0.185938 0.156250
1 0.818750 0.160938 0.187500 0.167187
1 0.779687 0.196875 0.207813 0.198437
1 0.820312 0.206250 0.175000 0.209375
1 0.823438 0.209375 0.181250 0.210938
5 0.829688 0.203125 0.171875 0.214062
