3 0.868750 0.631250 0.139063 0.381250
5 1.000000 0.459297 0.029687 0.571875
3 0.748437 0.384375 0.251563 0.637500
2 0.742188 0.345313 0.265625 0.651563
5 0.581250 0.639062 0.401562 0.373437
3 0.526563 0.725000 0.473438 0.282813
3 0.426562 0.634375 0.581250 0.400000
5 0.420312 0.489062 0.590625 0.525000
1 0.326562 0.395312 0.668750 0.614062
1 0.232812 0.698438 0.762500 0.326562
5 0.160937 0.801562 0.839063 0.218750
5 0.285937 0.846875 0.720313 0.164062
3 0.385938 0.865625 0.606250 0.157812
2 0.335938 0.781250 0.664062 0.223438
