3 0.109375 0.16875 0.11875 0.1796875 0.1453125 0.1828125 0.1671875 0.18125 0.1890625 0.171875 0.1953125 0.171875 0.2015625 0.165625 0.19375 0.140625 0.19375 0.1296875 0.196875 0.1203125 0.1859375 0.103125 0.1703125 0.096875 0.1640625 0.090625 0.153125 0.090625 0.1234375 0.1109375 0.115625 0.1296875 0.1140625 0.1484375 0.1078125 0.1609375 0.109375 0.16875
3 0.525 0.3125 0.5640625 0.3125 0.5765625 0.309375 0.5953125 0.3 0.5984375 0.2890625 0.5921875 0.2796875 0.590625 0.26875 0.5921875 0.2546875 0.5796875 0.240625 0.5578125 0.2296875 0.55 0.2296875 0.5265625 0.2453125 0.5171875 0.2640625 0.5171875 0.278125 0.5140625 0.290625 0.515625 0.3015625 0.525 0.3125
3 0.7875 0.278125 0.796875 0.2875 0.8171875 0.2921875 0.8421875 0.29375 0.859375 0.2890625 0.865625 0.2859375 0.8734375 0.278125 0.8734375 0.2703125 0.8703125 0.265625 0.8703125 0.2296875 0.8359375 0.2015625 0.828125 0.203125 0.8109375 0.2109375 0.79375 0.228125 0.79375 0.2359375 0.790625 0.2421875 0.7890625 0.253125 0.7828125 0.2671875 0.7875 0.278125
2 0.175 0.20625 0.190625 0.2015625 0.1953125 0.1890625 0.1953125 0.18125 0.190625 0.1765625 0.184375 0.1765625 0.1703125 0.1828125 0.15625 0.184375 0.11875 0.1828125 0.121875 0.1984375 0.1296875 0.2046875 0.175 0.20625
2 0.5859375 0.33125 0.59375 0.309375 0.5921875 0.3046875 0.5875 0.3046875 0.5703125 0.3125 0.5234375 0.3125 0.528125 0.328125 0.540625 0.3328125 0.55 0.3296875 0.5859375 0.33125
2 0.859375 0.3203125 0.8703125 0.2984375 0.8703125 0.29375 0.8671875 0.2890625 0.8609375 0.2890625 0.85625 0.2921875 0.8421875 0.2953125 0.81875 0.29375 0.79375 0.2890625 0.7953125 0.3015625 0.803125 0.3171875 0.80625 0.31875 0.8234375 0.315625 0.8359375 0.3171875 0.8390625 0.3203125 0.8546875 0.3171875 0.859375 0.3203125
1 0.1484375 0.4625 0.1390625 0.453125 0.128125 0.446875 0.121875 0.4390625 0.1140625 0.4359375 0.0953125 0.4375 0.0859375 0.446875 0.08125 0.465625 0.103125 0.49375 0.1171875 0.4953125 0.1359375 0.484375 0.1484375 0.4734375 0.15 0.4703125 0.1484375 0.4625
1 0.2296875 0.5 0.2484375 0.49375 0.2546875 0.4875 0.259375 0.4734375 0.259375 0.4625 0.2546875 0.453125 0.2453125 0.4453125 0.240625 0.446875 0.23125 0.4640625 0.1953125 0.471875 0.19375 0.4796875 0.203125 0.490625 0.2109375 0.496875 0.21875 0.5 0.2296875 0.5
1 0.465625 0.628125 0.465625 0.6171875 0.459375 0.6109375 0.459375 0.5984375 0.45 0.59375 0.4421875 0.59375 0.425 0.609375 0.421875 0.6390625 0.4453125 0.6359375 0.453125 0.6421875 0.45625 0.65 0.4609375 0.64375 0.4578125 0.6359375 0.465625 0.628125
1 0.6546875 0.6734375 0.6671875 0.6671875 0.6765625 0.6578125 0.6796875 0.64375 0.6796875 0.621875 0.6828125 0.6125 0.675 0.603125 0.653125 0.590625 0.6484375 0.5953125 0.6484375 0.6046875 0.6390625 0.6203125 0.6328125 0.6421875 0.6328125 0.6578125 0.6390625 0.675 0.6421875 0.6765625 0.6546875 0.6734375
1 0.9875 0.6421875 0.9875 0.6328125 0.9453125 0.634375 0.9375 0.65625 0.940625 0.6703125 0.946875 0.671875 0.9546875 0.665625 0.96875 0.6640625 0.9765625 0.659375 0.9875 0.6421875
1 0.7140625 0.66875 0.721875 0.675 0.7296875 0.671875 0.7375 0.6765625 0.7375 0.640625 0.7296875 0.634375 0.7140625 0.634375 0.7140625 0.66875
0 0.509375 0.90625 0.5046875 0.915625 0.5015625 0.93125 0.503125 0.94375 0.5125 0.953125 0.5265625 0.9515625 0.528125 0.9328125 0.525 0.9140625 0.509375 0.90625
0 0.5375 0.9609375 0.5375 0.971875 0.5421875 0.975 0.5671875 0.975 0.5859375 0.9703125 0.5859375 0.959375 0.5640625 0.9421875 0.546875 0.94375 0.5375 0.9609375
0 0.7921875 0.95625 0.775 0.965625 0.771875 0.9796875 0.7734375 0.9890625 0.8125 0.9921875 0.81875 0.9859375 0.8234375 0.9734375 0.821875 0.9671875 0.8078125 0.95625 0.7921875 0.95625
0 0.8796875 0.9421875 0.865625 0.9375 0.840625 0.9390625 0.8359375 0.95625 0.8359375 0.96875 0.8390625 0.975 0.86875 0.9765625 0.88125 0.9703125 0.884375 0.9640625 0.884375 0.95625 0.8796875 0.9421875