5 0.573438 0.920312 0.571875 0.093750
5 0.545312 1.000000 0.545312 0.004687
5 0.537500 0.689063 0.562500 0.300000
5 0.512500 0.742188 0.514062 0.264062
5 0.382812 0.528125 0.407813 0.465625
5 0.337500 0.325000 0.346875 0.665625
5 0.456250 0.070312 0.457813 0.932813
5 0.320312 0.140625 0.351562 0.851562
3 0.120313 0.140625 0.134375 0.854688
3 0.262500 0.270312 0.250000 0.729688
3 0.284375 0.468750 0.276562 0.529687
3 0.264062 0.675000 0.251563 0.318750
3 0.277031 1.000000 0.281250 0.014063
1 0.631250 0.962500 0.626563 0.042188
1 0.592187 0.715625 0.565625 0.292187
1 0.540625 0.507812 0.535937 0.489063
1 0.506250 0.339063 0.518750 0.645312
1 0.550000 0.165625 0.600000 0.826562
0 0.823438 0.892188 0.820312 0.101562
0 0.859970 1.000000 0.840625 0.031250
0 0.846875 0.667188 0.829688 0.351562
0 0.812500 0.745313 0.806250 0.289062
0 0.832812 0.448438 0.818750 0.564063
0 0.771875 0.510938 0.771875 0.471875
0 0.860938 0.275000 0.848437 0.737500
0 0.834375 0.337500 0.829688 0.678125
0 0.895312 0.137500 0.898438 0.864062
0 0.834375 0.120313 0.821875 0.867188
