3 0.785937 0.718750 0.195312 0.281250
3 0.704688 0.810937 0.296875 0.178125
3 0.675000 0.812500 0.318750 0.171875
3 0.581250 0.779687 0.439063 0.218750
3 0.479688 0.790625 0.521875 0.206250
3 0.454688 0.704688 0.554688 0.281250
5 0.460938 0.521875 0.539062 0.473438
5 0.439063 0.543750 0.570312 0.435937
5 0.239062 0.700000 0.756250 0.293750
5 0.137500 0.737500 0.871875 0.250000
5 0.043750 0.768750 0.953125 0.242188
5 0.560937 0.678125 0.445312 0.309375
5 0.709375 0.682813 0.275000 0.298438
5 0.670312 0.732812 0.320312 0.256250
5 0.895312 0.543750 0.103125 0.475000
1 0.781250 0.332812 0.221875 0.664062
1 0.934375 0.728125 0.059375 0.267188
1 0.673438 0.657813 0.328125 0.331250
1 0.595313 0.651563 0.398438 0.328125
1 0.540625 0.692187 0.451562 0.320312
2 0.456250 0.701562 0.528125 0.301563
2 0.579688 0.778125 0.437500 0.225000
2 0.485938 0.779687 0.518750 0.210938
0 0.676562 0.554688 0.334375 0.445312
0 0.901563 0.129687 0.096875 0.862500
0 0.481250 0.259375 0.526563 0.735938
0 0.448438 0.253125 0.557813 0.750000
0 0.184375 0.596875 0.825000 0.398438
0 0.165625 0.617188 0.831250 0.404687
1 0.231250 0.693750 0.767188 0.287500
1 0.231250 0.659375 0.776563 0.331250
1 0.190625 0.725000 0.812500 0.289062
1 0.132812 0.689063 0.870313 0.300000
1 0.093750 0.773438 0.914062 0.231250
1 0.051562 0.660937 0.951562 0.321875
2 0.718750 0.801562 0.293750 0.195312
2 0.675000 0.800000 0.323437 0.195312
2 0.234375 0.778125 0.760938 0.215625
2 0.054688 0.760938 0.956250 0.234375
5 0.498437 0.751563 0.498437 0.229687
3 0.234375 0.782813 0.768750 0.212500
3 0.129687 0.810937 0.873437 0.185938
3 0.045312 0.771875 0.962500 0.218750
0 0.832812 0.092187 0.215625 0.909375
0 0.579688 0.526563 0.406250 0.471875
0 0.606250 0.517188 0.390625 0.473438
0 0.506250 0.531250 0.478125 0.465625
1 0.582812 0.631250 0.440625 0.373437
1 0.453125 0.503125 0.557813 0.496875
