3 0.600000 0.742188 0.590625 0.257812
3 0.640625 0.720313 0.626563 0.279687
3 0.612500 0.393750 0.600000 0.634375
3 0.671875 0.262500 0.662500 0.765625
3 0.653125 0.200000 0.654687 0.787500
3 0.629687 0.937500 0.623437 0.059375
0 0.912305 1.000000 0.909375 0.023438
0 0.946875 0.879687 0.943750 0.150000
0 0.928125 0.914062 0.931250 0.067187
0 0.985938 0.817187 0.984375 0.193750
0 0.987500 0.814063 0.982812 0.184375
0 0.970313 0.739062 0.970313 0.293750
0 0.937500 0.746875 0.934375 0.239063
0 0.914062 0.232812 0.914062 0.795312
0 0.903125 0.204688 0.900000 0.776563
0 0.890625 0.200000 0.896875 0.817187
1 0.775000 0.168750 0.785937 0.828125
1 0.778125 0.259375 0.773438 0.750000
2 0.659375 0.950000 0.664062 0.054688
2 0.609375 0.779687 0.614062 0.221875
