5 0.426562 0.079687 0.571875 0.093750
5 0.454688 0.000000 0.545312 0.004687
5 0.462500 0.310937 0.562500 0.300000
5 0.487500 0.257812 0.514062 0.264062
5 0.617188 0.471875 0.407813 0.465625
5 0.662500 0.675000 0.346875 0.665625
5 0.543750 0.929688 0.457813 0.932813
5 0.679688 0.859375 0.351562 0.851562
3 0.879687 0.859375 0.134375 0.854688
3 0.737500 0.729688 0.250000 0.729688
3 0.715625 0.531250 0.276562 0.529687
3 0.735938 0.325000 0.251563 0.318750
3 0.722969 0.000000 0.281250 0.014063
1 0.368750 0.037500 0.626563 0.042188
1 0.407813 0.284375 0.565625 0.292187
1 0.459375 0.492188 0.535937 0.489063
1 0.493750 0.660937 0.518750 0.645312
1 0.450000 0.834375 0.600000 0.826562
0 0.176562 0.107813 0.820312 0.101562
0 0.140030 0.000000 0.840625 0.031250
0 0.153125 0.332813 0.829688 0.351562
0 0.187500 0.254688 0.806250 0.289062
0 0.167188 0.551562 0.818750 0.564063
0 0.228125 0.489063 0.771875 0.471875
0 0.139062 0.725000 0.848437 0.737500
0 0.165625 0.662500 0.829688 0.678125
0 0.104688 0.862500 0.898438 0.864062
0 0.165625 0.879687 0.821875 0.867188
