3 0.612500 0.687500 0.392188 0.314063
3 0.356250 0.687500 0.640625 0.292187
3 0.290625 0.617188 0.717187 0.390625
2 0.362500 0.684375 0.606250 0.312500
5 0.406250 0.628125 0.589063 0.393750
5 0.734375 0.634375 0.250000 0.393750
5 0.214063 0.620313 0.796875 0.409375
1 0.231250 0.398438 0.771875 0.578125
1 0.329688 0.500000 0.673438 0.525000
1 0.432813 0.503125 0.560937 0.517188
1 0.681250 0.420312 0.342187 0.601562
1 0.826562 0.612500 0.168750 0.382812
0 0.089063 0.218750 0.885938 0.770312
0 0.187500 0.235938 0.798438 0.765625
0 0.375000 0.289062 0.646875 0.710938
0 0.450000 0.309375 0.557813 0.700000
0 0.654687 0.225000 0.400000 0.773438
0 0.735938 0.221875 0.262500 0.765625
