3 0.834375 0.629687 0.165625 0.351562
5 1.000000 0.459297 0.029687 0.571875
3 0.703125 0.382812 0.295312 0.607812
2 0.726562 0.375000 0.256250 0.635938
5 0.623437 0.593750 0.368750 0.420312
3 0.501563 0.718750 0.515625 0.285938
3 0.375000 0.617188 0.612500 0.353125
5 0.350000 0.409375 0.651563 0.589063
1 0.315625 0.392188 0.701562 0.598437
1 0.226562 0.639062 0.773438 0.367188
5 0.157813 0.757812 0.842187 0.268750
5 0.271875 0.789062 0.725000 0.217188
3 0.393750 0.801562 0.609375 0.204687
2 0.340625 0.731250 0.687500 0.267188
