3 0.625 0.4203125 0.6265625 0.4046875 0.6234375 0.39375 0.6171875 0.3859375 0.6015625 0.3828125 0.590625 0.390625 0.578125 0.4140625 0.584375 0.421875 0.5984375 0.421875 0.6078125 0.415625 0.625 0.4203125
3 0.5546875 0.3625 0.55 0.3546875 0.5453125 0.3515625 0.5328125 0.3515625 0.5234375 0.3671875 0.5515625 0.3765625 0.5546875 0.3734375 0.5546875 0.3625
3 0.375 0.4015625 0.365625 0.3890625 0.3578125 0.3859375 0.346875 0.39375 0.3453125 0.4125 0.3546875 0.4171875 0.3765625 0.4109375 0.375 0.4015625
3 0.5234375 0.40625 0.5171875 0.3984375 0.50625 0.396875 0.4953125 0.4078125 0.478125 0.4078125 0.5234375 0.4453125 0.528125 0.4453125 0.521875 0.428125 0.5234375 0.40625
3 0.80625 0.4046875 0.80625 0.3765625 0.8 0.365625 0.7921875 0.3609375 0.775 0.3609375 0.765625 0.36875 0.75625 0.3828125 0.7484375 0.3859375 0.75 0.390625 0.7890625 0.39375 0.8 0.40625 0.80625 0.4046875
0 0.5703125 0.778125 0.575 0.78125 0.584375 0.78125 0.6125 0.7703125 0.6140625 0.7640625 0.6125 0.7609375 0.5890625 0.7546875 0.571875 0.7703125 0.5703125 0.778125
0 0.60625 0.8015625 0.6203125 0.8015625 0.6328125 0.7921875 0.6390625 0.7828125 0.6375 0.76875 0.6171875 0.76875 0.6140625 0.7796875 0.6046875 0.79375 0.60625 0.8015625
0 0.7671875 0.7765625 0.7578125 0.7734375 0.7375 0.7796875 0.7421875 0.7921875 0.7640625 0.7921875 0.771875 0.7859375 0.7671875 0.7765625
0 0.8046875 0.7875 0.778125 0.784375 0.7703125 0.790625 0.7671875 0.8046875 0.7703125 0.8078125 0.790625 0.8046875 0.8046875 0.79375 0.8046875 0.7875
0 0.5484375 0.634375 0.5484375 0.65 0.5625 0.6328125 0.5484375 0.634375
2 0.4921875 0.4296875 0.503125 0.4296875 0.4921875 0.4234375 0.4921875 0.4296875