3 0.276979 1.000000 0.282813 0.021875
3 0.289062 0.679688 0.292187 0.326562
3 0.290625 0.470313 0.287500 0.531250
3 0.253125 0.281250 0.265625 0.729688
3 0.134375 0.145312 0.157812 0.856250
5 0.535937 0.909375 0.542188 0.085938
5 0.544097 1.000000 0.546875 0.012500
5 0.514062 0.742188 0.515625 0.265625
5 0.375000 0.523438 0.385937 0.470313
5 0.350000 0.335938 0.381250 0.662500
0 0.861435 1.000000 0.839063 0.032813
0 0.804688 0.901563 0.804688 0.089063
0 0.785937 0.693750 0.789062 0.287500
0 0.851562 0.681250 0.846875 0.332813
0 0.801562 0.501563 0.796875 0.514062
0 0.818750 0.435937 0.789062 0.567187
0 0.832812 0.350000 0.832812 0.667188
0 0.859375 0.275000 0.846875 0.737500
0 0.854688 0.092187 0.839063 0.895312
0 0.867188 0.021875 0.862500 0.976562
1 0.642188 0.964063 0.643750 0.043750
1 0.639062 0.709375 0.632812 0.290625
1 0.615625 0.489062 0.606250 0.521875
1 0.570312 0.320312 0.565625 0.685937
1 0.614062 0.173438 0.615625 0.831250
4 0.218750 0.114062 0.234375 0.890625
4 0.751563 0.056250 0.710938 0.942187
2 0.175000 0.121875 0.170313 0.881250
4 0.335938 0.315625 0.339062 0.673438
4 0.346875 0.515625 0.354687 0.481250
4 0.360938 0.750000 0.446875 0.248438
4 0.859375 0.932813 0.865625 0.068750
4 0.859062 1.000000 0.857812 0.006250
4 0.507422 1.000000 0.515625 0.004687
