3 0.921875 0.929688 0.078125 0.073438
3 0.620313 0.820312 0.376563 0.184375
3 0.404687 0.859375 0.590625 0.145313
3 0.223437 0.892188 0.776563 0.117188
2 0.217187 0.762500 0.789062 0.243750
2 0.401563 0.789062 0.618750 0.207813
1 0.621875 0.418750 0.387500 0.579688
1 0.543750 0.432813 0.470313 0.564063
1 0.421875 0.495313 0.607812 0.501563
1 0.434375 0.517188 0.571875 0.462500
5 0.168750 0.675000 0.831250 0.329688
5 0.382812 0.634375 0.614062 0.364063
5 0.582812 0.654687 0.412500 0.343750
5 0.940625 0.653125 0.050000 0.345313
