3 0.773438 0.634375 0.229687 0.300000
3 0.735938 0.825000 0.265625 0.187500
3 0.701562 0.804688 0.323437 0.195312
3 0.582812 0.801562 0.415625 0.215625
3 0.507812 0.793750 0.495312 0.209375
3 0.481250 0.698438 0.534375 0.300000
5 0.456250 0.503125 0.543750 0.485938
5 0.457812 0.551562 0.551562 0.460938
5 0.245313 0.675000 0.754687 0.307812
5 0.140625 0.712500 0.862500 0.278125
5 0.026563 0.746875 0.967187 0.240625
5 0.579688 0.643750 0.437500 0.343750
5 0.723437 0.676562 0.289062 0.331250
5 0.656250 0.704688 0.339062 0.268750
5 0.896875 0.590625 0.106250 0.454688
1 0.785937 0.335938 0.215625 0.667188
1 0.914062 0.698438 0.078125 0.287500
1 0.684375 0.653125 0.320312 0.346875
1 0.606250 0.629687 0.401562 0.367188
1 0.537500 0.668750 0.462500 0.310937
2 0.470313 0.689063 0.543750 0.301563
2 0.562500 0.775000 0.439063 0.218750
2 0.481250 0.789062 0.504687 0.210938
0 0.665625 0.570312 0.325000 0.431250
0 0.956250 0.123437 0.054688 0.878125
0 0.525000 0.262500 0.507812 0.742188
0 0.445312 0.257812 0.551562 0.743750
0 0.178125 0.615625 0.812500 0.393750
0 0.146875 0.601562 0.842187 0.382812
1 0.242188 0.715625 0.756250 0.295312
1 0.225000 0.689063 0.768750 0.320312
1 0.187500 0.710938 0.817187 0.264062
1 0.129687 0.700000 0.864062 0.290625
1 0.085938 0.768750 0.909375 0.214062
1 0.056250 0.681250 0.939063 0.328125
2 0.706250 0.804688 0.275000 0.192188
2 0.676562 0.804688 0.312500 0.196875
2 0.239062 0.784375 0.746875 0.218750
2 0.043750 0.765625 0.940625 0.229687
5 0.496875 0.732812 0.504687 0.253125
3 0.259375 0.787500 0.745313 0.215625
3 0.145312 0.828125 0.853125 0.178125
3 0.065625 0.785937 0.940625 0.228125
0 0.823438 0.112500 0.167187 0.900000
0 0.593750 0.528125 0.404687 0.479687
0 0.609375 0.526563 0.379688 0.478125
0 0.535937 0.528125 0.487500 0.471875
1 0.559375 0.645312 0.421875 0.359375
1 0.450000 0.537500 0.540625 0.473438
