3 0.634375 0.226562 0.300000 0.229687
3 0.825000 0.264062 0.187500 0.265625
3 0.804688 0.298438 0.195312 0.323437
3 0.801562 0.417187 0.215625 0.415625
3 0.793750 0.492188 0.209375 0.495312
3 0.698438 0.518750 0.300000 0.534375
5 0.503125 0.543750 0.485938 0.543750
5 0.551562 0.542188 0.460938 0.551562
5 0.675000 0.754687 0.307812 0.754687
5 0.712500 0.859375 0.278125 0.862500
5 0.746875 0.973437 0.240625 0.967187
5 0.643750 0.420312 0.343750 0.437500
5 0.676562 0.276562 0.331250 0.289062
5 0.704688 0.343750 0.268750 0.339062
5 0.590625 0.103125 0.454688 0.106250
1 0.335938 0.214062 0.667188 0.215625
1 0.698438 0.085938 0.287500 0.078125
1 0.653125 0.315625 0.346875 0.320312
1 0.629687 0.393750 0.367188 0.401562
1 0.668750 0.462500 0.310937 0.462500
2 0.689063 0.529687 0.301563 0.543750
2 0.775000 0.437500 0.218750 0.439063
2 0.789062 0.518750 0.210938 0.504687
0 0.570312 0.334375 0.431250 0.325000
0 0.123437 0.043750 0.878125 0.054688
0 0.262500 0.475000 0.742188 0.507812
0 0.257812 0.554688 0.743750 0.551562
0 0.615625 0.821875 0.393750 0.812500
0 0.601562 0.853125 0.382812 0.842187
1 0.715625 0.757812 0.295312 0.756250
1 0.689063 0.775000 0.320312 0.768750
1 0.710938 0.812500 0.264062 0.817187
1 0.700000 0.870313 0.290625 0.864062
1 0.768750 0.914062 0.214062 0.909375
1 0.681250 0.943750 0.328125 0.939063
2 0.804688 0.293750 0.192188 0.275000
2 0.804688 0.323437 0.196875 0.312500
2 0.784375 0.760938 0.218750 0.746875
2 0.765625 0.956250 0.229687 0.940625
5 0.732812 0.503125 0.253125 0.504687
3 0.787500 0.740625 0.215625 0.745313
3 0.828125 0.854688 0.178125 0.853125
3 0.785937 0.934375 0.228125 0.940625
0 0.112500 0.176563 0.900000 0.167187
0 0.528125 0.406250 0.479687 0.404687
0 0.526563 0.390625 0.478125 0.379688
0 0.528125 0.464062 0.471875 0.487500
1 0.645312 0.440625 0.359375 0.421875
1 0.537500 0.550000 0.473438 0.540625
