3 0.767188 0.798438 0.232813 0.214062
3 0.581250 0.732812 0.418750 0.304688
3 0.440625 0.807813 0.557813 0.193750
3 0.114062 0.742188 0.878125 0.276562
3 0.067187 0.715625 0.940625 0.289062
2 0.062500 0.670312 0.946875 0.370312
2 0.062500 0.667188 0.940625 0.325000
2 0.417188 0.782813 0.578125 0.221875
2 0.545312 0.582812 0.460938 0.412500
2 0.670312 0.701562 0.335938 0.296875
1 0.968750 0.806250 0.035937 0.193750
1 0.898438 0.290625 0.106250 0.721875
5 0.792188 0.160937 0.209375 0.842187
5 0.773438 0.645312 0.229687 0.359375
5 0.954688 0.643750 0.043750 0.381250
5 0.739062 0.253125 0.265625 0.770312
5 0.692187 0.479688 0.312500 0.532813
5 0.659375 0.276563 0.337500 0.732812
5 0.476562 0.351562 0.526563 0.643750
5 0.431250 0.262500 0.564063 0.667188
5 0.282813 0.557813 0.725000 0.454688
5 0.442187 0.420312 0.559375 0.606250
5 0.098437 0.360938 0.893750 0.635938
5 0.175000 0.354688 0.815625 0.670312
1 0.137500 0.682813 0.864062 0.300000
