5 0.468750 0.896875 0.492188 0.104688
5 0.545312 1.000000 0.545312 0.004687
5 0.462500 0.657813 0.504687 0.329688
5 0.395313 0.750000 0.451562 0.248438
5 0.354687 0.515625 0.359375 0.479687
5 0.351562 0.317187 0.346875 0.682813
5 0.404687 0.045312 0.415625 0.946875
5 0.240625 0.112500 0.265625 0.870313
3 0.087500 0.117188 0.092188 0.873437
3 0.248438 0.323438 0.245312 0.687500
3 0.290625 0.526563 0.292187 0.478125
3 0.289062 0.679688 0.292187 0.326562
3 0.277031 1.000000 0.281250 0.014063
1 0.629687 0.978125 0.635938 0.021875
1 0.600000 0.740625 0.600000 0.262500
1 0.573438 0.528125 0.575000 0.484375
1 0.542188 0.345313 0.540625 0.660937
1 0.495312 0.135938 0.518750 0.839063
0 0.868750 0.928125 0.868750 0.090625
0 0.859970 1.000000 0.840625 0.031250
0 0.831250 0.692187 0.843750 0.296875
0 0.790625 0.742188 0.800000 0.235937
0 0.831250 0.490625 0.835938 0.509375
0 0.801562 0.517188 0.801562 0.496875
0 0.851562 0.318750 0.862500 0.676562
0 0.812500 0.340625 0.817187 0.637500
0 0.856250 0.059375 0.854688 0.918750
0 0.864062 0.103125 0.857812 0.907813
