2 0.902344 0.100781 0.010937 0.001563
5 0.782813 0.109375 0.196875 0.093750
0 0.556250 0.071875 0.442188 0.089063
0 0.560937 0.092188 0.428125 0.092188
0 0.092187 0.626563 0.909375 0.695312
0 0.204688 0.471875 0.790625 0.464062
5 0.815625 0.517188 0.218750 0.518750
5 0.732812 0.807813 0.267188 0.821875
5 0.810937 0.912500 0.178125 0.907813
0 0.546875 0.793750 0.456250 0.796875
0 0.540625 0.828125 0.453125 0.843750
0 0.529687 0.879687 0.476562 0.896875
0 0.540625 0.881250 0.456250 0.878125
1 0.728125 0.846875 0.271875 0.839063
1 0.740625 0.793750 0.248438 0.798438
2 0.846875 0.873437 0.153125 0.893750
