3 0.162500 0.628125 0.160938 0.381250
3 0.162500 0.420312 0.176563 0.571875
2 0.178125 0.739062 0.178125 0.271875
2 0.242188 0.409375 0.242188 0.596875
5 0.312500 0.690625 0.325000 0.318750
5 0.285938 0.809375 0.279687 0.192188
5 0.278125 0.260938 0.285938 0.732812
1 0.542188 0.732812 0.546875 0.271875
1 0.517188 0.348437 0.514062 0.643750
1 0.542188 0.376563 0.573438 0.654687
1 0.590625 0.718750 0.582812 0.279687
0 0.903125 0.790625 0.915625 0.214062
0 0.903125 0.689063 0.906250 0.307812
0 0.776563 0.418750 0.781250 0.575000
0 0.865625 0.204688 0.848437 0.807813
