3 0.764062 0.534375 0.237500 0.467187
2 0.776563 0.515625 0.237500 0.493750
2 0.582812 0.412500 0.367188 0.589063
2 0.464063 0.531250 0.487500 0.468750
2 0.225000 0.540625 0.779687 0.457813
3 0.314063 0.540625 0.696875 0.468750
3 0.534375 0.531250 0.478125 0.470313
3 0.568750 0.439063 0.420312 0.531250
5 0.814063 0.390625 0.184375 0.676562
5 0.662500 0.201562 0.345313 0.831250
5 0.504687 0.285937 0.492188 0.709375
5 0.206250 0.109375 0.781250 0.898438
5 0.251563 0.345313 0.739062 0.682813
1 0.285937 0.020312 0.726562 0.984375
1 0.415625 0.010938 0.596875 0.989062
1 0.834375 0.053125 0.160938 0.939063
1 0.634375 0.003125 0.353125 0.967187
