3 0.820312 0.765625 0.207813 0.240625
3 0.673438 0.771875 0.331250 0.226562
3 0.629687 0.814063 0.362500 0.157812
3 0.618750 0.718750 0.373437 0.260937
3 0.578125 0.746875 0.425000 0.253125
3 0.528125 0.834375 0.464062 0.164062
3 0.500000 0.712500 0.498437 0.281250
3 0.445312 0.759375 0.546875 0.232813
3 0.406250 0.760938 0.595313 0.209375
3 0.390625 0.737500 0.621875 0.253125
3 0.429688 0.785937 0.565625 0.203125
3 0.567187 0.435937 0.431250 0.562500
3 0.468750 0.440625 0.529687 0.542188
3 0.359375 0.417188 0.643750 0.579688
3 0.290625 0.382812 0.718750 0.620313
3 0.076562 0.721875 0.939063 0.275000
3 0.125000 0.756250 0.890625 0.248438
3 0.218750 0.717187 0.785937 0.282813
3 0.256250 0.767188 0.734375 0.240625
3 0.273438 0.718750 0.728125 0.279687
3 0.300000 0.818750 0.689063 0.181250
3 0.703125 0.290625 0.304688 0.690625
2 0.796875 0.756250 0.185938 0.245312
2 0.634375 0.806250 0.354687 0.190625
2 0.550000 0.756250 0.453125 0.239063
2 0.321875 0.753125 0.682813 0.243750
2 0.054688 0.703125 0.942187 0.279687
1 0.706250 0.437500 0.296875 0.587500
0 0.829688 0.118750 0.162500 0.876563
0 0.762500 0.100000 0.210938 0.879687
0 0.698438 0.032813 0.301563 0.956250
0 0.728125 0.110938 0.275000 0.892188
0 0.676562 0.140625 0.323437 0.850000
0 0.628125 0.026563 0.371875 0.996875
0 0.512500 0.003125 0.484375 0.968750
5 0.834375 0.567187 0.164062 0.456250
5 0.710938 0.460938 0.310937 0.525000
5 0.667188 0.664062 0.332813 0.326562
5 0.664062 0.484375 0.346875 0.562500
5 0.662500 0.707812 0.346875 0.257812
5 0.554688 0.487500 0.456250 0.526563
5 0.471875 0.470313 0.531250 0.532813
5 0.390625 0.635938 0.610938 0.362500
5 0.317187 0.559375 0.676562 0.489063
5 0.228125 0.562500 0.770312 0.435937
5 0.071875 0.331250 0.945312 0.671875
5 0.131250 0.535937 0.870313 0.515625
5 0.301562 0.304688 0.685937 0.701562
5 0.401563 0.353125 0.596875 0.640625
5 0.490625 0.251563 0.503125 0.712500
5 0.584375 0.190625 0.425000 0.792188
5 0.620313 0.228125 0.385937 0.782813
