3 0.465625 0.764062 0.467187 0.237500
2 0.484375 0.776563 0.493750 0.237500
2 0.587500 0.582812 0.589063 0.367188
2 0.468750 0.464063 0.468750 0.487500
2 0.459375 0.225000 0.457813 0.779687
3 0.459375 0.314063 0.468750 0.696875
3 0.468750 0.534375 0.470313 0.478125
3 0.560937 0.568750 0.531250 0.420312
5 0.609375 0.814063 0.676562 0.184375
5 0.798438 0.662500 0.831250 0.345313
5 0.714063 0.504687 0.709375 0.492188
5 0.890625 0.206250 0.898438 0.781250
5 0.654687 0.251563 0.682813 0.739062
1 0.979688 0.285937 0.984375 0.726562
1 0.989062 0.415625 0.989062 0.596875
1 0.946875 0.834375 0.939063 0.160938
1 0.996875 0.634375 0.967187 0.353125
