3 0.929688 0.078125 0.073438 0.078125
3 0.820312 0.379688 0.184375 0.376563
3 0.859375 0.595313 0.145313 0.590625
3 0.892188 0.776563 0.117188 0.776563
2 0.762500 0.782813 0.243750 0.789062
2 0.789062 0.598437 0.207813 0.618750
1 0.418750 0.378125 0.579688 0.387500
1 0.432813 0.456250 0.564063 0.470313
1 0.495313 0.578125 0.501563 0.607812
1 0.517188 0.565625 0.462500 0.571875
5 0.675000 0.831250 0.329688 0.831250
5 0.634375 0.617188 0.364063 0.614062
5 0.654687 0.417187 0.343750 0.412500
5 0.653125 0.059375 0.345313 0.050000
