3 0.723021 0.000000 0.282813 0.021875
3 0.715625 0.262500 0.289062 0.271875
3 0.709375 0.473438 0.293750 0.476562
3 0.743750 0.668750 0.248438 0.678125
3 0.900000 0.867188 0.110937 0.860938
5 0.534375 0.101562 0.495312 0.101562
5 0.455903 0.000000 0.546875 0.012500
5 0.615625 0.250000 0.450000 0.248438
5 0.656250 0.495312 0.351562 0.490625
5 0.650000 0.684375 0.337500 0.685937
0 0.138565 0.000000 0.839063 0.032813
0 0.129687 0.081250 0.860938 0.106250
0 0.178125 0.307812 0.809375 0.317188
0 0.175000 0.309375 0.834375 0.306250
0 0.220313 0.476562 0.785937 0.454688
0 0.176562 0.514062 0.835938 0.509375
0 0.187500 0.651563 0.817187 0.635938
0 0.145312 0.678125 0.864062 0.678125
0 0.140625 0.870313 0.864062 0.885938
0 0.092187 0.939063 0.904687 0.943750
1 0.364062 0.018750 0.643750 0.020313
1 0.398438 0.260937 0.600000 0.265625
1 0.412500 0.453125 0.596875 0.453125
1 0.435937 0.618750 0.568750 0.623437
1 0.465625 0.829688 0.543750 0.829688
4 0.870313 0.856250 0.156250 0.856250
4 0.237500 0.920312 0.821875 0.920312
2 0.828125 0.859375 0.176563 0.860938
4 0.696875 0.673438 0.310937 0.676562
4 0.710938 0.473438 0.296875 0.476562
4 0.710938 0.270313 0.312500 0.270313
4 0.212500 0.073438 0.795312 0.076563
4 0.140938 0.000000 0.857812 0.006250
4 0.492578 0.000000 0.515625 0.004687
