3 0.810937 0.517188 0.200000 0.518750
3 0.746875 0.353125 0.281250 0.368750
3 0.671875 0.193750 0.334375 0.195312
1 0.335938 0.537500 0.668750 0.540625
1 0.379687 0.412500 0.581250 0.446875
1 0.567187 0.410938 0.431250 0.412500
1 0.514062 0.306250 0.478125 0.309375
1 0.623437 0.214062 0.382812 0.200000
0 0.059375 0.643750 0.942187 0.685937
0 0.342187 0.110937 0.657813 0.140625
0 0.134375 0.639062 0.864062 0.656250
5 0.748437 0.540625 0.259375 0.564063
5 0.596875 0.053125 0.460938 0.039062
5 0.860938 0.370312 0.143750 0.370312
4 0.871875 0.479687 0.135937 0.481250
4 0.582812 0.395313 0.406250 0.387500
4 0.754687 0.353125 0.267188 0.359375
4 0.706250 0.118750 0.303125 0.104688
