3 0.382812 0.820312 0.389062 0.195312
3 0.360938 0.720313 0.353125 0.271875
3 0.373437 0.715625 0.396875 0.284375
3 0.375000 0.621875 0.359375 0.379688
3 0.387500 0.567187 0.382812 0.446875
3 0.392188 0.504687 0.406250 0.496875
3 0.385937 0.432813 0.379688 0.576562
1 0.526563 0.893750 0.518750 0.110937
1 0.645312 0.792188 0.617188 0.207813
1 0.650000 0.764062 0.637500 0.235937
1 0.635938 0.684375 0.629687 0.298438
1 0.609375 0.595313 0.592187 0.406250
1 0.673438 0.523438 0.659375 0.482812
1 0.668750 0.431250 0.653125 0.587500
1 0.673438 0.353125 0.668750 0.656250
5 0.614062 0.831250 0.607812 0.178125
5 0.504687 0.768750 0.531250 0.231250
5 0.454688 0.682813 0.462500 0.321875
5 0.475000 0.548438 0.471875 0.446875
5 0.448437 0.462500 0.470313 0.525000
5 0.515625 0.368750 0.537500 0.632812
2 0.392188 0.804688 0.389062 0.160938
2 0.378125 0.392188 0.379688 0.581250
0 0.890625 0.835938 0.881250 0.168750
0 0.842187 0.779687 0.832812 0.214062
0 0.831250 0.671875 0.839063 0.334375
0 0.831250 0.603125 0.825000 0.396875
0 0.853125 0.554688 0.845313 0.471875
0 0.870313 0.490625 0.859375 0.507812
0 0.887500 0.443750 0.857812 0.553125
0 0.898438 0.414062 0.904687 0.598437
0 0.953125 0.384375 0.950000 0.625000
