5 0.237500 0.767188 0.231250 0.229687
5 0.331250 0.668750 0.343750 0.339062
5 0.335938 0.498437 0.331250 0.512500
5 0.573438 0.176562 0.570312 0.826562
3 0.462500 0.179688 0.457813 0.812500
3 0.250000 0.684375 0.245312 0.309375
0 0.693750 0.235938 0.689063 0.753125
0 0.407813 0.675000 0.440625 0.321875
0 0.392188 0.687500 0.382812 0.304688
0 0.423438 0.764062 0.417187 0.246875
0 0.323437 0.801562 0.332813 0.193750
0 0.382812 0.470313 0.417187 0.525000
0 0.378125 0.484375 0.387500 0.507812
4 0.528125 0.234375 0.531250 0.770312
1 0.573438 0.250000 0.559375 0.762500
4 0.328125 0.521875 0.326562 0.482812
4 0.304688 0.820312 0.339062 0.185938
4 0.368750 0.734375 0.381250 0.262500
