5 0.439063 0.378125 0.545312 0.384375
5 0.670312 0.464062 0.339062 0.453125
5 0.707812 0.298438 0.309375 0.298438
5 0.578125 0.723437 0.495312 0.707812
5 0.529687 0.987500 0.478125 0.992188
3 0.775000 0.284375 0.226562 0.306250
3 0.634375 0.445312 0.353125 0.451562
3 0.746875 0.431250 0.229687 0.429688
3 0.725000 0.506250 0.278125 0.526563
3 0.750000 0.759375 0.251563 0.743750
3 0.651563 0.882812 0.348438 0.887500
3 0.778125 0.996875 0.221875 0.985938
3 0.707812 0.939063 0.282813 0.925000
1 0.473437 0.275000 0.540625 0.275000
1 0.554688 0.300000 0.448437 0.306250
1 0.526563 0.489063 0.467187 0.475000
1 0.601562 0.573438 0.395313 0.579688
1 0.456250 0.706250 0.537500 0.706250
2 0.710938 0.523438 0.282813 0.517188
