3 0.759375 0.840625 0.271875 0.159375
3 0.371875 0.870313 0.623437 0.132812
2 0.732812 0.834375 0.250000 0.170313
2 0.331250 0.779687 0.642188 0.223438
5 0.659375 0.739062 0.335938 0.264062
5 0.823438 0.714063 0.179688 0.279687
5 0.235938 0.731250 0.756250 0.265625
1 0.667188 0.479688 0.323437 0.520312
1 0.271875 0.489062 0.695312 0.507812
1 0.343750 0.482812 0.646875 0.512500
1 0.734375 0.406250 0.278125 0.601562
0 0.728125 0.173438 0.260937 0.832812
0 0.671875 0.128125 0.325000 0.875000
0 0.390625 0.220313 0.607812 0.781250
0 0.259375 0.181250 0.742188 0.853125
