3 0.435937 0.228125 0.582812 0.218750
3 0.385938 0.254688 0.629687 0.246875
3 0.443750 0.621875 0.557813 0.607812
3 0.357812 0.754687 0.643750 0.742188
3 0.335938 0.807813 0.653125 0.800000
3 0.360938 0.035937 0.648438 0.057813
0 0.087695 0.000000 0.909375 0.023438
0 0.073438 0.146875 0.939063 0.118750
0 0.054688 0.062500 0.939063 0.084375
0 0.046875 0.164062 0.964063 0.162500
0 0.037500 0.151562 0.975000 0.150000
0 0.050000 0.289062 0.951562 0.260937
0 0.048438 0.253125 0.946875 0.256250
0 0.085938 0.767188 0.914062 0.795312
0 0.101562 0.751563 0.910937 0.759375
0 0.103125 0.817187 0.879687 0.806250
1 0.225000 0.831250 0.785937 0.828125
1 0.259375 0.748437 0.746875 0.734375
2 0.359375 0.037500 0.643750 0.034375
2 0.390625 0.220312 0.614062 0.221875
