3 0.160938 0.760938 0.171875 0.239063
3 0.178125 0.537500 0.179688 0.456250
3 0.082812 0.426562 0.115625 0.565625
3 0.218750 0.109375 0.231250 0.890625
3 0.217188 0.046875 0.257812 0.950000
2 0.373437 0.017188 0.373437 0.996875
2 0.331250 0.087500 0.343750 0.926562
2 0.207813 0.354688 0.207813 0.637500
2 0.376563 0.570312 0.379688 0.426563
2 0.296875 0.695312 0.276562 0.315625
1 0.142187 0.998437 0.164062 0.007812
1 0.662500 0.864062 0.667188 0.121875
5 0.773438 0.798438 0.781250 0.201563
5 0.329688 0.750000 0.334375 0.254688
5 0.265625 0.943750 0.276562 0.056250
5 0.684375 0.690625 0.703125 0.298438
5 0.431250 0.700000 0.457813 0.298438
5 0.593750 0.614062 0.650000 0.354687
5 0.642188 0.490625 0.635938 0.509375
5 0.690625 0.440625 0.714063 0.559375
5 0.389062 0.312500 0.403125 0.700000
5 0.406250 0.429688 0.478125 0.548438
5 0.548438 0.076562 0.557813 0.918750
5 0.535937 0.159375 0.537500 0.835938
1 0.296875 0.153125 0.306250 0.846875
