3 0.087500 0.490625 0.114062 0.507812
3 0.178125 0.648438 0.189062 0.351562
3 0.281250 0.851562 0.293750 0.154688
1 0.606250 0.462500 0.621875 0.526563
1 0.606250 0.623437 0.617188 0.384375
1 0.423438 0.623437 0.440625 0.393750
1 0.479687 0.740625 0.495312 0.262500
1 0.395313 0.742188 0.376563 0.267188
0 0.889062 0.351562 0.901563 0.642188
0 0.625000 0.915625 0.639062 0.090625
0 0.864062 0.428125 0.864062 0.596875
5 0.201563 0.487500 0.206250 0.514062
5 0.340625 0.917188 0.348438 0.081250
5 0.087500 0.603125 0.098437 0.385937
4 0.101562 0.507812 0.110937 0.489063
4 0.412500 0.625000 0.415625 0.370312
4 0.185938 0.648438 0.210938 0.348438
4 0.290625 0.851562 0.295312 0.146875
