3 0.490625 0.912500 0.507812 0.114062
3 0.648438 0.821875 0.351562 0.189062
3 0.851562 0.718750 0.154688 0.293750
1 0.462500 0.393750 0.526563 0.621875
1 0.623437 0.393750 0.384375 0.617188
1 0.623437 0.576562 0.393750 0.440625
1 0.740625 0.520312 0.262500 0.495312
1 0.742188 0.604688 0.267188 0.376563
0 0.351562 0.110938 0.642188 0.901563
0 0.915625 0.375000 0.090625 0.639062
0 0.428125 0.135938 0.596875 0.864062
5 0.487500 0.798438 0.514062 0.206250
5 0.917188 0.659375 0.081250 0.348438
5 0.603125 0.912500 0.385937 0.098437
4 0.507812 0.898438 0.489063 0.110937
4 0.625000 0.587500 0.370312 0.415625
4 0.648438 0.814063 0.348438 0.210938
4 0.851562 0.709375 0.146875 0.295312
