3 0.203125 0.514062 0.237500 0.504687
3 0.210938 0.365625 0.223438 0.637500
3 0.271875 0.121875 0.267188 0.884375
3 0.351562 0.334375 0.346875 0.662500
2 0.270313 0.487500 0.260937 0.512500
2 0.279687 0.340625 0.265625 0.662500
1 0.482812 0.112500 0.445312 0.885938
1 0.489063 0.140625 0.489063 0.867188
0 0.875000 0.093750 0.842187 0.909375
0 0.845313 0.151563 0.850000 0.854688
0 0.826562 0.245313 0.792188 0.751563
0 0.823438 0.295312 0.781250 0.709375
0 0.770312 0.351562 0.762500 0.643750
0 0.812500 0.375000 0.812500 0.632812
