0 0.132812 0.260937 0.862500 0.271875
0 0.121875 0.315625 0.857812 0.306250
0 0.118750 0.364063 0.879687 0.382812
0 0.117188 0.415625 0.879687 0.420312
0 0.176562 0.354687 0.809375 0.345313
0 0.160937 0.468750 0.837500 0.478125
0 0.112500 0.514062 0.871875 0.521875
0 0.154687 0.618750 0.814063 0.615625
0 0.203125 0.585938 0.826562 0.581250
0 0.168750 0.642188 0.846875 0.639062
0 0.153125 0.681250 0.876563 0.679688
0 0.160937 0.715625 0.831250 0.726562
0 0.189063 0.748437 0.821875 0.754687
0 0.145312 0.820312 0.842187 0.814063
0 0.112500 0.873437 0.876563 0.878125
0 0.168750 0.881250 0.821875 0.882812
0 0.214063 0.820312 0.828125 0.817187
5 0.523438 0.776563 0.476562 0.779687
5 0.515625 0.687500 0.496875 0.682813
5 0.507812 0.739062 0.529687 0.745313
5 0.482812 0.592187 0.515625 0.581250
5 0.498437 0.460938 0.534375 0.459375
5 0.585938 0.395313 0.435937 0.392188
5 0.448438 0.246875 0.578125 0.246875
5 0.440625 0.178125 0.539062 0.171875
1 0.482812 0.206250 0.514062 0.226562
1 0.356250 0.475000 0.639062 0.481250
1 0.321875 0.551562 0.651563 0.562500
1 0.435937 0.818750 0.576562 0.820312
1 0.387500 0.898438 0.614062 0.906250
2 0.635938 0.726562 0.368750 0.721875
3 0.631250 0.804688 0.371875 0.807813
3 0.629687 0.703125 0.364063 0.707812
3 0.637500 0.750000 0.359375 0.753125
3 0.671875 0.845313 0.342187 0.851562
3 0.601562 0.582812 0.390625 0.589063
3 0.629687 0.485938 0.371875 0.506250
3 0.617188 0.429688 0.376563 0.435937
3 0.656250 0.367188 0.337500 0.384375
3 0.621875 0.325000 0.376563 0.334375
3 0.568750 0.190625 0.421875 0.210938
3 0.557813 0.254688 0.440625 0.296875
