3 0.820312 0.651563 0.165625 0.350000
3 0.753125 0.603125 0.281250 0.396875
3 0.715625 0.626563 0.284375 0.396875
3 0.643750 0.664062 0.350000 0.339062
3 0.531250 0.643750 0.462500 0.348438
3 0.459375 0.620313 0.535937 0.365625
3 0.384375 0.629687 0.609375 0.351562
1 0.900000 0.515625 0.085938 0.507812
1 0.798438 0.342187 0.207813 0.645312
1 0.782813 0.351562 0.226562 0.653125
1 0.684375 0.346875 0.315625 0.635938
1 0.606250 0.409375 0.395313 0.620313
1 0.539062 0.373437 0.459375 0.653125
1 0.431250 0.379687 0.564063 0.635938
1 0.335938 0.376563 0.653125 0.620313
5 0.804688 0.387500 0.195312 0.596875
5 0.768750 0.389062 0.260937 0.614062
5 0.678125 0.473437 0.323437 0.590625
5 0.557813 0.556250 0.443750 0.440625
5 0.489062 0.532813 0.500000 0.446875
5 0.362500 0.384375 0.640625 0.618750
2 0.804688 0.607812 0.160938 0.389062
2 0.384375 0.609375 0.615625 0.382812
0 0.846875 0.170312 0.153125 0.882812
0 0.779687 0.131250 0.220312 0.842187
0 0.640625 0.189063 0.356250 0.803125
0 0.635938 0.179688 0.385937 0.821875
0 0.570312 0.164062 0.429688 0.846875
0 0.532813 0.129687 0.470313 0.890625
0 0.460938 0.096875 0.551562 0.903125
0 0.384375 0.128125 0.604688 0.876563
0 0.375000 0.084375 0.610938 0.912500
