3 0.6375 0.134375 0.6375 0.1453125 0.640625 0.1546875 0.65 0.1671875 0.653125 0.1671875 0.653125 0.153125 0.6578125 0.134375 0.665625 0.1171875 0.6828125 0.1078125 0.703125 0.1078125 0.7203125 0.1203125 0.71875 0.1375 0.721875 0.1640625 0.728125 0.159375 0.734375 0.15 0.7375 0.140625 0.7375 0.128125 0.7328125 0.11875 0.7265625 0.1125 0.7234375 0.10625 0.7203125 0.0875 0.7125 0.071875 0.70625 0.065625 0.6921875 0.0609375 0.6828125 0.0625 0.6734375 0.0671875 0.6640625 0.0796875 0.6578125 0.0921875 0.6546875 0.1078125 0.6421875 0.1234375 0.6375 0.134375
2 0.7015625 0.1640625 0.7171875 0.1546875 0.71875 0.1390625 0.70625 0.1265625 0.6703125 0.128125 0.659375 0.1359375 0.65625 0.1515625 0.665625 0.1609375 0.671875 0.1609375 0.6828125 0.1484375 0.7015625 0.1640625
5 0.678125 0.3390625 0.675 0.3265625 0.66875 0.246875 0.6703125 0.240625 0.6671875 0.234375 0.6609375 0.2328125 0.6515625 0.2421875 0.6328125 0.2703125 0.628125 0.3140625 0.63125 0.33125 0.6296875 0.34375 0.634375 0.353125 0.63125 0.3609375 0.6375 0.3703125 0.63125 0.375 0.6421875 0.3796875 0.646875 0.384375 0.646875 0.390625 0.6515625 0.390625 0.6546875 0.3953125 0.64375 0.4046875 0.634375 0.4046875 0.625 0.3984375 0.628125 0.40625 0.628125 0.4453125 0.6328125 0.453125 0.640625 0.4453125 0.6484375 0.4421875 0.65625 0.44375 0.66875 0.4640625 0.671875 0.4796875 0.7140625 0.478125 0.728125 0.475 0.7390625 0.46875 0.740625 0.44375 0.7359375 0.4421875 0.734375 0.425 0.7359375 0.4140625 0.740625 0.4125 0.74375 0.4046875 0.7421875 0.4015625 0.7359375 0.4015625 0.7359375 0.3875 0.7296875 0.38125 0.728125 0.3703125 0.7234375 0.3625 0.7203125 0.33125 0.7265625 0.33125 0.7296875 0.328125 0.7328125 0.33125 0.7328125 0.34375 0.734375 0.346875 0.7375 0.34375 0.7359375 0.3046875 0.7421875 0.2765625 0.75625 0.2421875 0.759375 0.21875 0.75625 0.2171875 0.7265625 0.225 0.7109375 0.225 0.7015625 0.234375 0.7 0.246875 0.690625 0.271875 0.6859375 0.340625 0.6828125 0.34375 0.678125 0.3390625
5 0.3484375 0.4203125 0.3578125 0.4234375 0.3625 0.428125 0.3671875 0.428125 0.375 0.41875 0.3765625 0.4140625 0.3734375 0.4078125 0.3734375 0.4015625 0.3703125 0.3953125 0.3625 0.3640625 0.3625 0.346875 0.3671875 0.3375 0.375 0.33125 0.38125 0.33125 0.38125 0.3234375 0.378125 0.3140625 0.375 0.3109375 0.3703125 0.3109375 0.3640625 0.3140625 0.3515625 0.325 0.3375 0.35625 0.33125 0.3765625 0.325 0.3875 0.3265625 0.4 0.3484375 0.4203125
3 0.378125 0.2890625 0.38125 0.303125 0.4015625 0.325 0.40625 0.325 0.409375 0.2984375 0.4046875 0.2859375 0.3984375 0.28125 0.39375 0.28125 0.378125 0.2890625
2 0.3796875 0.30625 0.3828125 0.3265625 0.39375 0.334375 0.4015625 0.3265625 0.3796875 0.30625
0 0.6640625 0.9640625 0.66875 0.9671875 0.678125 0.9671875 0.6921875 0.959375 0.7 0.9515625 0.7046875 0.9421875 0.7125 0.90625 0.7125 0.865625 0.709375 0.8609375 0.703125 0.8578125 0.6953125 0.85 0.6859375 0.8375 0.6703125 0.8296875 0.6671875 0.8328125 0.6625 0.859375 0.65625 0.8703125 0.6515625 0.884375 0.6484375 0.90625 0.6421875 0.9171875 0.6421875 0.940625 0.6640625 0.9640625
0 0.678125 0.734375 0.675 0.7328125 0.659375 0.7390625 0.646875 0.7390625 0.625 0.7296875 0.6171875 0.7328125 0.6109375 0.7390625 0.5953125 0.7421875 0.5890625 0.7515625 0.5859375 0.7625 0.5875 0.775 0.6 0.784375 0.609375 0.7859375 0.6265625 0.784375 0.646875 0.775 0.66875 0.7734375 0.6765625 0.76875 0.678125 0.734375
3 0.284375 0.35 0.2703125 0.3546875 0.2859375 0.3578125 0.284375 0.35
3 0.2859375 0.359375 0.2796875 0.35 0.278125 0.3578125 0.2859375 0.359375
5 0.284375 0.3703125 0.26875 0.36875 0.2828125 0.3984375 0.284375 0.3703125
5 0.2890625 0.3984375 0.2921875 0.3921875 0.2875 0.365625 0.28125 0.371875 0.28125 0.4 0.2890625 0.3984375