3 0.631250 0.131250 0.381250 0.139063
5 0.459297 0.000000 0.571875 0.029687
3 0.384375 0.251563 0.637500 0.251563
2 0.345313 0.257812 0.651563 0.265625
5 0.639062 0.418750 0.373437 0.401562
3 0.725000 0.473438 0.282813 0.473438
3 0.634375 0.573438 0.400000 0.581250
5 0.489062 0.579688 0.525000 0.590625
1 0.395312 0.673438 0.614062 0.668750
1 0.698438 0.767188 0.326562 0.762500
5 0.801562 0.839063 0.218750 0.839063
5 0.846875 0.714063 0.164062 0.720313
3 0.865625 0.614062 0.157812 0.606250
2 0.781250 0.664062 0.223438 0.664062
