2 0.902344 0.100781 0.010937 0.001563
5 0.748437 0.101562 0.243750 0.109375
0 0.570312 0.051562 0.435937 0.050000
0 0.571875 0.092188 0.425000 0.084375
0 0.109375 0.589063 0.901563 0.590625
0 0.181250 0.465625 0.804688 0.471875
5 0.859375 0.529687 0.171875 0.523438
5 0.759375 0.796875 0.262500 0.800000
5 0.707812 0.917188 0.204687 0.915625
0 0.575000 0.804688 0.440625 0.795312
0 0.559375 0.843750 0.440625 0.829688
0 0.537500 0.906250 0.460938 0.882812
0 0.528125 0.860938 0.473438 0.878125
1 0.703125 0.839063 0.289062 0.848437
1 0.751563 0.798438 0.239063 0.789062
2 0.846875 0.893750 0.143750 0.871875
