3 0.765625 0.179688 0.240625 0.207813
3 0.771875 0.326562 0.226562 0.331250
3 0.814063 0.370312 0.157812 0.362500
3 0.718750 0.381250 0.260937 0.373437
3 0.746875 0.421875 0.253125 0.425000
3 0.834375 0.471875 0.164062 0.464062
3 0.712500 0.500000 0.281250 0.498437
3 0.759375 0.554688 0.232813 0.546875
3 0.760938 0.593750 0.209375 0.595313
3 0.737500 0.609375 0.253125 0.621875
3 0.785937 0.570312 0.203125 0.565625
3 0.435937 0.432812 0.562500 0.431250
3 0.440625 0.531250 0.542188 0.529687
3 0.417188 0.640625 0.579688 0.643750
3 0.382812 0.709375 0.620313 0.718750
3 0.721875 0.923438 0.275000 0.939063
3 0.756250 0.875000 0.248438 0.890625
3 0.717187 0.781250 0.282813 0.785937
3 0.767188 0.743750 0.240625 0.734375
3 0.718750 0.726562 0.279687 0.728125
3 0.818750 0.700000 0.181250 0.689063
3 0.290625 0.296875 0.690625 0.304688
2 0.756250 0.203125 0.245312 0.185938
2 0.806250 0.365625 0.190625 0.354687
2 0.756250 0.450000 0.239063 0.453125
2 0.753125 0.678125 0.243750 0.682813
2 0.703125 0.945312 0.279687 0.942187
1 0.437500 0.293750 0.587500 0.296875
0 0.118750 0.170313 0.876563 0.162500
0 0.100000 0.237500 0.879687 0.210938
0 0.032813 0.301563 0.956250 0.301563
0 0.110938 0.271875 0.892188 0.275000
0 0.140625 0.323437 0.850000 0.323437
0 0.026563 0.371875 0.996875 0.371875
0 0.003125 0.487500 0.968750 0.484375
5 0.567187 0.165625 0.456250 0.164062
5 0.460938 0.289062 0.525000 0.310937
5 0.664062 0.332813 0.326562 0.332813
5 0.484375 0.335938 0.562500 0.346875
5 0.707812 0.337500 0.257812 0.346875
5 0.487500 0.445312 0.526563 0.456250
5 0.470313 0.528125 0.532813 0.531250
5 0.635938 0.609375 0.362500 0.610938
5 0.559375 0.682813 0.489063 0.676562
5 0.562500 0.771875 0.435937 0.770312
5 0.331250 0.928125 0.671875 0.945312
5 0.535937 0.868750 0.515625 0.870313
5 0.304688 0.698438 0.701562 0.685937
5 0.353125 0.598437 0.640625 0.596875
5 0.251563 0.509375 0.712500 0.503125
5 0.190625 0.415625 0.792188 0.425000
5 0.228125 0.379688 0.782813 0.385937
