2 0.902344 0.100781 0.010937 0.001563
5 0.745313 0.035937 0.259375 0.040625
0 0.556250 0.071875 0.442188 0.089063
0 0.560937 0.092188 0.428125 0.092188
0 0.132812 0.623437 0.870313 0.615625
0 0.223437 0.396875 0.790625 0.420312
5 0.895312 0.550000 0.109375 0.550000
5 0.843750 0.804688 0.162500 0.792188
5 0.703125 0.862500 0.296875 0.889062
0 0.543750 0.796875 0.450000 0.817187
0 0.559375 0.843750 0.440625 0.829688
0 0.539062 0.882812 0.470313 0.879687
0 0.526563 0.878125 0.459375 0.881250
1 0.710938 0.848437 0.271875 0.846875
1 0.740625 0.793750 0.248438 0.798438
2 0.846875 0.873437 0.153125 0.893750
