3 0.6203125 0.4828125 0.6328125 0.4859375 0.646875 0.4859375 0.6515625 0.4828125 0.6515625 0.471875 0.6484375 0.4625 0.6484375 0.446875 0.6453125 0.4328125 0.634375 0.4171875 0.628125 0.4140625 0.621875 0.4140625 0.609375 0.425 0.6046875 0.4328125 0.5984375 0.4703125 0.6203125 0.4828125
3 0.7234375 0.2640625 0.715625 0.3015625 0.715625 0.334375 0.7125 0.346875 0.7140625 0.3546875 0.7171875 0.340625 0.725 0.33125 0.7375 0.3234375 0.75625 0.31875 0.771875 0.31875 0.7734375 0.3171875 0.796875 0.31875 0.803125 0.321875 0.8109375 0.33125 0.8109375 0.346875 0.8125 0.346875 0.815625 0.340625 0.815625 0.3265625 0.80625 0.30625 0.8046875 0.28125 0.8015625 0.26875 0.790625 0.2484375 0.78125 0.2390625 0.775 0.2359375 0.765625 0.2234375 0.753125 0.225 0.7453125 0.2359375 0.734375 0.2453125 0.7234375 0.2640625
2 0.76875 0.3828125 0.778125 0.371875 0.7890625 0.3859375 0.8015625 0.3875 0.809375 0.375 0.809375 0.3625 0.8046875 0.3453125 0.8 0.3375 0.796875 0.3359375 0.79375 0.3375 0.778125 0.3359375 0.7484375 0.3375 0.74375 0.3359375 0.734375 0.340625 0.73125 0.3640625 0.75 0.3796875 0.7578125 0.3828125 0.76875 0.3828125
2 0.6359375 0.509375 0.64375 0.5078125 0.6484375 0.4890625 0.6125 0.484375 0.6078125 0.4890625 0.6171875 0.5046875 0.6234375 0.5078125 0.63125 0.5046875 0.6359375 0.509375
2 0.496875 0.4953125 0.5015625 0.5046875 0.5140625 0.5046875 0.5140625 0.4953125 0.496875 0.4953125
2 0.4171875 0.48125 0.425 0.484375 0.44375 0.4796875 0.440625 0.471875 0.4328125 0.4703125 0.4203125 0.4734375 0.4171875 0.48125
0 0.2859375 0.9421875 0.2875 0.934375 0.28125 0.9046875 0.2765625 0.896875 0.2671875 0.8953125 0.2625 0.9046875 0.2640625 0.925 0.2734375 0.940625 0.2859375 0.9421875
0 0.428125 0.9265625 0.4296875 0.8765625 0.4171875 0.871875 0.409375 0.9296875 0.4109375 0.934375 0.421875 0.9359375 0.428125 0.9265625
0 0.4484375 0.9296875 0.4578125 0.9296875 0.4625 0.925 0.4625 0.9171875 0.45625 0.90625 0.45 0.88125 0.4421875 0.8796875 0.4390625 0.88125 0.4359375 0.8890625 0.4359375 0.909375 0.4484375 0.9296875
0 0.4953125 0.8546875 0.50625 0.8375 0.5109375 0.8390625 0.5125 0.8359375 0.5109375 0.83125 0.5046875 0.8328125 0.4890625 0.8296875 0.4859375 0.85 0.4953125 0.8546875
0 0.51875 0.8734375 0.521875 0.8703125 0.521875 0.8578125 0.5140625 0.8359375 0.4984375 0.834375 0.4953125 0.85 0.503125 0.86875 0.5109375 0.8734375 0.51875 0.8734375