5 0.621875 0.439063 0.384375 0.545312
5 0.535937 0.670312 0.453125 0.339062
5 0.701562 0.707812 0.298438 0.309375
5 0.276563 0.578125 0.707812 0.495312
5 0.012500 0.529687 0.992188 0.478125
3 0.715625 0.775000 0.306250 0.226562
3 0.554688 0.634375 0.451562 0.353125
3 0.568750 0.746875 0.429688 0.229687
3 0.493750 0.725000 0.526563 0.278125
3 0.240625 0.750000 0.743750 0.251563
3 0.117188 0.651563 0.887500 0.348438
3 0.003125 0.778125 0.985938 0.221875
3 0.060937 0.707812 0.925000 0.282813
1 0.725000 0.473437 0.275000 0.540625
1 0.700000 0.554688 0.306250 0.448437
1 0.510938 0.526563 0.475000 0.467187
1 0.426562 0.601562 0.579688 0.395313
1 0.293750 0.456250 0.706250 0.537500
2 0.476562 0.710938 0.517188 0.282813
