3 0.912500 0.895312 0.092188 0.887500
3 0.792188 0.857812 0.210938 0.890625
3 0.856250 0.693750 0.139063 0.695312
3 0.792188 0.443750 0.210938 0.451562
3 0.826562 0.401562 0.181250 0.415625
3 0.795312 0.264062 0.210938 0.276562
3 0.876563 0.112500 0.126562 0.117188
5 0.632812 0.234375 0.401562 0.240625
5 0.721875 0.370312 0.368750 0.360938
5 0.648438 0.429688 0.387500 0.429688
5 0.764062 0.621875 0.284375 0.618750
5 0.712500 0.854688 0.385937 0.853125
2 0.776563 0.870313 0.223438 0.851562
2 0.853125 0.645312 0.156250 0.648438
2 0.812500 0.414062 0.179688 0.406250
2 0.789062 0.273438 0.207813 0.243750
1 0.550000 0.709375 0.446875 0.714063
1 0.585938 0.618750 0.376563 0.615625
1 0.573438 0.421875 0.395313 0.423438
1 0.571875 0.532813 0.401562 0.529687
1 0.570312 0.362500 0.401562 0.362500
1 0.506250 0.882812 0.487500 0.895312
0 0.365625 0.620313 0.634375 0.614062
0 0.345313 0.676562 0.653125 0.701562
0 0.360938 0.484375 0.628125 0.479687
0 0.346875 0.510938 0.639062 0.507812
0 0.223437 0.887500 0.784375 0.903125
