0 0.748437 0.134375 0.260937 0.867188
0 0.684375 0.121875 0.306250 0.857812
0 0.639062 0.134375 0.360938 0.878125
0 0.603125 0.125000 0.401562 0.882812
0 0.646875 0.165625 0.354687 0.823438
0 0.548438 0.201562 0.448437 0.820312
0 0.504687 0.145312 0.495312 0.871875
0 0.381250 0.154687 0.615625 0.814063
0 0.404687 0.168750 0.600000 0.800000
0 0.337500 0.159375 0.667188 0.814063
0 0.296875 0.121875 0.703125 0.850000
0 0.292188 0.160937 0.715625 0.839063
0 0.240625 0.232812 0.760938 0.751563
0 0.185937 0.157813 0.801562 0.848437
0 0.151563 0.150000 0.846875 0.876563
0 0.128125 0.156250 0.881250 0.831250
0 0.173438 0.171875 0.834375 0.789062
5 0.192187 0.481250 0.826562 0.520312
5 0.345313 0.556250 0.653125 0.437500
5 0.226562 0.403125 0.773438 0.564063
5 0.432813 0.542188 0.554688 0.468750
5 0.517188 0.360938 0.478125 0.643750
5 0.628125 0.529687 0.362500 0.451562
5 0.746875 0.326562 0.246875 0.671875
5 0.845313 0.376563 0.153125 0.662500
1 0.795312 0.535937 0.201563 0.512500
1 0.543750 0.395312 0.460938 0.631250
1 0.453125 0.321875 0.551562 0.678125
1 0.162500 0.451562 0.853125 0.532813
1 0.103125 0.403125 0.895312 0.607812
2 0.278125 0.631250 0.728125 0.379688
3 0.151563 0.665625 0.839063 0.321875
3 0.321875 0.689063 0.665625 0.323437
3 0.290625 0.665625 0.710938 0.360938
3 0.168750 0.703125 0.825000 0.301563
3 0.378125 0.603125 0.621875 0.385937
3 0.478125 0.656250 0.509375 0.329688
3 0.528125 0.595313 0.471875 0.382812
3 0.615625 0.710938 0.368750 0.292187
3 0.664062 0.654687 0.321875 0.357812
3 0.782813 0.620313 0.206250 0.381250
3 0.731250 0.610938 0.257812 0.404687
