3 0.104688 0.912500 0.887500 0.092188
3 0.142188 0.792188 0.890625 0.210938
3 0.306250 0.856250 0.695312 0.139063
3 0.556250 0.792188 0.451562 0.210938
3 0.598437 0.826562 0.415625 0.181250
3 0.735938 0.795312 0.276562 0.210938
3 0.887500 0.876563 0.117188 0.126562
5 0.765625 0.632812 0.240625 0.401562
5 0.629687 0.721875 0.360938 0.368750
5 0.570312 0.648438 0.429688 0.387500
5 0.378125 0.764062 0.618750 0.284375
5 0.145312 0.712500 0.853125 0.385937
2 0.129687 0.776563 0.851562 0.223438
2 0.354688 0.853125 0.648438 0.156250
2 0.585938 0.812500 0.406250 0.179688
2 0.726562 0.789062 0.243750 0.207813
1 0.290625 0.550000 0.714063 0.446875
1 0.381250 0.585938 0.615625 0.376563
1 0.578125 0.573438 0.423438 0.395313
1 0.467187 0.571875 0.529687 0.401562
1 0.637500 0.570312 0.362500 0.401562
1 0.117188 0.506250 0.895312 0.487500
0 0.379687 0.365625 0.614062 0.634375
0 0.323438 0.345313 0.701562 0.653125
0 0.515625 0.360938 0.479687 0.628125
0 0.489062 0.346875 0.507812 0.639062
0 0.112500 0.223437 0.903125 0.784375
