2 0.899219 0.902344 0.001563 0.010937
5 0.898438 0.748437 0.109375 0.243750
0 0.948438 0.570312 0.050000 0.435937
0 0.907813 0.571875 0.084375 0.425000
0 0.410937 0.109375 0.590625 0.901563
0 0.534375 0.181250 0.471875 0.804688
5 0.470313 0.859375 0.523438 0.171875
5 0.203125 0.759375 0.800000 0.262500
5 0.082812 0.707812 0.915625 0.204687
0 0.195312 0.575000 0.795312 0.440625
0 0.156250 0.559375 0.829688 0.440625
0 0.093750 0.537500 0.882812 0.460938
0 0.139062 0.528125 0.878125 0.473438
1 0.160937 0.703125 0.848437 0.289062
1 0.201562 0.751563 0.789062 0.239063
2 0.106250 0.846875 0.871875 0.143750
