3 0.514062 0.796875 0.504687 0.237500
3 0.365625 0.789062 0.637500 0.223438
3 0.121875 0.728125 0.884375 0.267188
3 0.334375 0.648438 0.662500 0.346875
2 0.487500 0.729688 0.512500 0.260937
2 0.340625 0.720313 0.662500 0.265625
1 0.112500 0.517188 0.885938 0.445312
1 0.140625 0.510938 0.867188 0.489063
0 0.093750 0.125000 0.909375 0.842187
0 0.151563 0.154687 0.854688 0.850000
0 0.245313 0.173438 0.751563 0.792188
0 0.295312 0.176562 0.709375 0.781250
0 0.351562 0.229688 0.643750 0.762500
0 0.375000 0.187500 0.632812 0.812500
