5 0.560937 0.621875 0.545312 0.384375
5 0.329688 0.535937 0.339062 0.453125
5 0.292187 0.701562 0.309375 0.298438
5 0.421875 0.276563 0.495312 0.707812
5 0.470313 0.012500 0.478125 0.992188
3 0.225000 0.715625 0.226562 0.306250
3 0.365625 0.554688 0.353125 0.451562
3 0.253125 0.568750 0.229687 0.429688
3 0.275000 0.493750 0.278125 0.526563
3 0.250000 0.240625 0.251563 0.743750
3 0.348438 0.117188 0.348438 0.887500
3 0.221875 0.003125 0.221875 0.985938
3 0.292187 0.060937 0.282813 0.925000
1 0.526563 0.725000 0.540625 0.275000
1 0.445312 0.700000 0.448437 0.306250
1 0.473438 0.510938 0.467187 0.475000
1 0.398438 0.426562 0.395313 0.579688
1 0.543750 0.293750 0.537500 0.706250
2 0.289062 0.476562 0.282813 0.517188
