3 0.850000 0.762500 0.159375 0.240625
3 0.714063 0.768750 0.289062 0.231250
3 0.664062 0.804688 0.348438 0.190625
3 0.654687 0.704688 0.364063 0.295312
3 0.614062 0.746875 0.387500 0.248438
3 0.523438 0.787500 0.484375 0.215625
3 0.537500 0.725000 0.475000 0.278125
3 0.454688 0.725000 0.560937 0.279687
3 0.437500 0.748437 0.565625 0.251563
3 0.404687 0.751563 0.596875 0.250000
3 0.459375 0.768750 0.551562 0.234375
3 0.609375 0.418750 0.398438 0.582812
3 0.521875 0.439063 0.484375 0.567187
3 0.410937 0.432813 0.596875 0.571875
3 0.331250 0.400000 0.659375 0.609375
3 0.104688 0.771875 0.895312 0.242188
3 0.150000 0.778125 0.846875 0.242188
3 0.234375 0.721875 0.762500 0.282813
3 0.250000 0.740625 0.764062 0.260937
3 0.320312 0.725000 0.676562 0.284375
3 0.326562 0.771875 0.684375 0.221875
3 0.742188 0.301562 0.264062 0.710938
2 0.796875 0.756250 0.185938 0.245312
2 0.664062 0.779687 0.343750 0.215625
2 0.539062 0.753125 0.482812 0.226562
2 0.317187 0.756250 0.695312 0.220312
2 0.106250 0.717187 0.893750 0.295312
1 0.689063 0.431250 0.312500 0.546875
0 0.854688 0.034375 0.150000 0.971875
0 0.818750 0.089063 0.190625 0.920312
0 0.754687 0.046875 0.245312 0.973437
0 0.709375 0.117188 0.279687 0.848437
0 0.704688 0.165625 0.301563 0.856250
0 0.595313 0.003125 0.398438 0.948438
0 0.529687 0.003125 0.487500 0.996875
5 0.840625 0.634375 0.160938 0.382812
5 0.740625 0.526563 0.257812 0.485938
5 0.700000 0.657813 0.312500 0.376563
5 0.671875 0.579688 0.332813 0.443750
5 0.667188 0.665625 0.339062 0.334375
5 0.582812 0.568750 0.414062 0.440625
5 0.489062 0.506250 0.517188 0.500000
5 0.376563 0.614062 0.615625 0.418750
5 0.295312 0.617188 0.701562 0.418750
5 0.204688 0.598437 0.782813 0.432812
5 0.075000 0.345313 0.921875 0.654687
5 0.140625 0.615625 0.860938 0.410938
5 0.271875 0.303125 0.718750 0.690625
5 0.368750 0.364062 0.617188 0.656250
5 0.482812 0.242188 0.515625 0.759375
5 0.579688 0.278125 0.404687 0.789062
5 0.643750 0.331250 0.360938 0.675000
