3 1.000000 0.723021 0.021875 0.282813
3 0.737500 0.715625 0.271875 0.289062
3 0.526563 0.709375 0.476562 0.293750
3 0.331250 0.743750 0.678125 0.248438
3 0.132812 0.900000 0.860938 0.110937
5 0.898438 0.534375 0.101562 0.495312
5 1.000000 0.455903 0.012500 0.546875
5 0.750000 0.615625 0.248438 0.450000
5 0.504687 0.656250 0.490625 0.351562
5 0.315625 0.650000 0.685937 0.337500
0 1.000000 0.138565 0.032813 0.839063
0 0.918750 0.129687 0.106250 0.860938
0 0.692187 0.178125 0.317188 0.809375
0 0.690625 0.175000 0.306250 0.834375
0 0.523438 0.220313 0.454688 0.785937
0 0.485938 0.176562 0.509375 0.835938
0 0.348437 0.187500 0.635938 0.817187
0 0.321875 0.145312 0.678125 0.864062
0 0.129687 0.140625 0.885938 0.864062
0 0.060937 0.092187 0.943750 0.904687
1 0.981250 0.364062 0.020313 0.643750
1 0.739062 0.398438 0.265625 0.600000
1 0.546875 0.412500 0.453125 0.596875
1 0.381250 0.435937 0.623437 0.568750
1 0.170312 0.465625 0.829688 0.543750
4 0.143750 0.870313 0.856250 0.156250
4 0.079688 0.237500 0.920312 0.821875
2 0.140625 0.828125 0.860938 0.176563
4 0.326562 0.696875 0.676562 0.310937
4 0.526563 0.710938 0.476562 0.296875
4 0.729688 0.710938 0.270313 0.312500
4 0.926562 0.212500 0.076563 0.795312
4 1.000000 0.140938 0.006250 0.857812
4 1.000000 0.492578 0.004687 0.515625
