5 0.601562 0.500000 0.373437 0.525000
5 0.490625 0.640625 0.496875 0.360938
5 0.678125 0.718750 0.317188 0.285938
5 0.289062 0.618750 0.701562 0.373437
5 0.056250 0.607812 0.960938 0.400000
3 0.729688 0.765625 0.270313 0.251563
3 0.601562 0.642188 0.407813 0.364063
3 0.615625 0.753125 0.393750 0.253125
3 0.521875 0.743750 0.478125 0.265625
3 0.264062 0.703125 0.762500 0.292187
3 0.117188 0.685937 0.882812 0.329688
3 0.040625 0.725000 0.960938 0.278125
3 0.059375 0.682813 0.945312 0.318750
1 0.693750 0.445312 0.315625 0.546875
1 0.684375 0.593750 0.307812 0.407813
1 0.515625 0.478125 0.493750 0.521875
1 0.409375 0.645312 0.564063 0.368750
1 0.285937 0.465625 0.715625 0.523438
2 0.518750 0.703125 0.484375 0.301563
