3 0.129688 0.725000 0.129688 0.285938
3 0.168750 0.551562 0.170313 0.456250
3 0.314063 0.662500 0.334375 0.342187
3 0.143750 0.418750 0.132812 0.565625
3 0.276562 0.381250 0.284375 0.639062
3 0.243750 0.192187 0.221875 0.810937
3 0.181250 0.914062 0.171875 0.085938
3 0.245312 0.900000 0.237500 0.118750
3 0.142187 0.862500 0.146875 0.148438
3 0.139063 0.817187 0.132812 0.176563
3 0.146875 0.793750 0.148438 0.214062
3 0.160938 0.537500 0.162500 0.470313
3 0.154688 0.517188 0.157812 0.492188
5 0.204687 0.982812 0.217188 0.015625
5 0.309375 0.882812 0.312500 0.115625
5 0.184375 0.856250 0.179688 0.154688
5 0.198437 0.831250 0.204687 0.173437
5 0.260937 0.770312 0.268750 0.210938
5 0.257812 0.762500 0.256250 0.240625
5 0.221875 0.598437 0.235937 0.392188
5 0.204687 0.462500 0.212500 0.540625
5 0.290625 0.300000 0.292187 0.698438
5 0.268750 0.146875 0.284375 0.868750
5 0.171875 0.526563 0.162500 0.468750
5 0.167187 0.521875 0.207813 0.476562
1 0.282813 0.617188 0.282813 0.373437
1 0.329688 0.554688 0.312500 0.448437
1 0.237500 0.464063 0.245312 0.532813
1 0.246875 0.385938 0.234375 0.604688
1 0.478125 0.715625 0.450000 0.278125
1 0.315625 0.885938 0.325000 0.103125
1 0.328125 0.881250 0.343750 0.114062
0 0.346875 0.929688 0.350000 0.054688
0 0.337500 0.918750 0.342187 0.070312
0 0.704688 0.779687 0.698438 0.207813
0 0.639062 0.717187 0.635938 0.279687
0 0.521875 0.671875 0.517188 0.326562
0 0.459375 0.600000 0.478125 0.409375
0 0.451562 0.567187 0.451562 0.425000
1 0.475000 0.698438 0.460938 0.284375
2 0.171875 0.550000 0.162500 0.450000
1 0.215625 0.525000 0.221875 0.476562
1 0.221875 0.501563 0.221875 0.501563
0 0.275000 0.525000 0.273438 0.479687
0 0.270313 0.512500 0.012500 0.003125
2 0.172656 0.427344 0.007812 0.014063
0 0.389062 0.451562 0.390625 0.540625
0 0.406250 0.440625 0.392188 0.562500
1 0.589063 0.351562 0.589063 0.662500
1 0.601562 0.153125 0.596875 0.851562
0 0.737500 0.328125 0.751563 0.676562
0 0.793750 0.298438 0.803125 0.696875
0 0.335938 0.853125 0.326562 0.151562
0 0.240625 0.859375 0.242188 0.145313
0 0.235937 0.851562 0.240625 0.145313
1 0.180469 0.866406 0.004687 0.004687
1 0.182812 0.848437 0.185938 0.156250
1 0.181250 0.839063 0.187500 0.167187
1 0.220312 0.803125 0.207813 0.198437
1 0.179688 0.793750 0.175000 0.209375
1 0.176563 0.790625 0.181250 0.210938
5 0.170313 0.796875 0.171875 0.214062
