3 0.201563 0.767188 0.214062 0.232813
3 0.267188 0.581250 0.304688 0.418750
3 0.192188 0.440625 0.193750 0.557813
3 0.257812 0.114062 0.276562 0.878125
3 0.284375 0.067187 0.289062 0.940625
2 0.329688 0.062500 0.370312 0.946875
2 0.332813 0.062500 0.325000 0.940625
2 0.217188 0.417188 0.221875 0.578125
2 0.417187 0.545312 0.412500 0.460938
2 0.298438 0.670312 0.296875 0.335938
1 0.193750 0.968750 0.193750 0.035937
1 0.709375 0.898438 0.721875 0.106250
5 0.839063 0.792188 0.842187 0.209375
5 0.354687 0.773438 0.359375 0.229687
5 0.356250 0.954688 0.381250 0.043750
5 0.746875 0.739062 0.770312 0.265625
5 0.520312 0.692187 0.532813 0.312500
5 0.723437 0.659375 0.732812 0.337500
5 0.648438 0.476562 0.643750 0.526563
5 0.737500 0.431250 0.667188 0.564063
5 0.442188 0.282813 0.454688 0.725000
5 0.579688 0.442187 0.606250 0.559375
5 0.639062 0.098437 0.635938 0.893750
5 0.645312 0.175000 0.670312 0.815625
1 0.317188 0.137500 0.300000 0.864062
