3 0.762500 0.150000 0.240625 0.159375
3 0.768750 0.285938 0.231250 0.289062
3 0.804688 0.335938 0.190625 0.348438
3 0.704688 0.345313 0.295312 0.364063
3 0.746875 0.385937 0.248438 0.387500
3 0.787500 0.476562 0.215625 0.484375
3 0.725000 0.462500 0.278125 0.475000
3 0.725000 0.545312 0.279687 0.560937
3 0.748437 0.562500 0.251563 0.565625
3 0.751563 0.595313 0.250000 0.596875
3 0.768750 0.540625 0.234375 0.551562
3 0.418750 0.390625 0.582812 0.398438
3 0.439063 0.478125 0.567187 0.484375
3 0.432813 0.589063 0.571875 0.596875
3 0.400000 0.668750 0.609375 0.659375
3 0.771875 0.895312 0.242188 0.895312
3 0.778125 0.850000 0.242188 0.846875
3 0.721875 0.765625 0.282813 0.762500
3 0.740625 0.750000 0.260937 0.764062
3 0.725000 0.679688 0.284375 0.676562
3 0.771875 0.673438 0.221875 0.684375
3 0.301562 0.257812 0.710938 0.264062
2 0.756250 0.203125 0.245312 0.185938
2 0.779687 0.335938 0.215625 0.343750
2 0.753125 0.460938 0.226562 0.482812
2 0.756250 0.682813 0.220312 0.695312
2 0.717187 0.893750 0.295312 0.893750
1 0.431250 0.310937 0.546875 0.312500
0 0.034375 0.145313 0.971875 0.150000
0 0.089063 0.181250 0.920312 0.190625
0 0.046875 0.245312 0.973437 0.245312
0 0.117188 0.290625 0.848437 0.279687
0 0.165625 0.295312 0.856250 0.301563
0 0.003125 0.404687 0.948438 0.398438
0 0.003125 0.470313 0.996875 0.487500
5 0.634375 0.159375 0.382812 0.160938
5 0.526563 0.259375 0.485938 0.257812
5 0.657813 0.300000 0.376563 0.312500
5 0.579688 0.328125 0.443750 0.332813
5 0.665625 0.332813 0.334375 0.339062
5 0.568750 0.417187 0.440625 0.414062
5 0.506250 0.510938 0.500000 0.517188
5 0.614062 0.623437 0.418750 0.615625
5 0.617188 0.704688 0.418750 0.701562
5 0.598437 0.795312 0.432812 0.782813
5 0.345313 0.925000 0.654687 0.921875
5 0.615625 0.859375 0.410938 0.860938
5 0.303125 0.728125 0.690625 0.718750
5 0.364062 0.631250 0.656250 0.617188
5 0.242188 0.517188 0.759375 0.515625
5 0.278125 0.420312 0.789062 0.404687
5 0.331250 0.356250 0.675000 0.360938
