3 0.889062 0.123438 0.129688 0.115625
3 0.735938 0.517188 0.278125 0.517188
3 0.764062 0.793750 0.242188 0.790625
2 0.815625 0.156250 0.182812 0.118750
2 0.687500 0.523438 0.328125 0.528125
2 0.684375 0.823438 0.317188 0.835938
1 0.504687 0.117188 0.484375 0.135937
1 0.520312 0.193750 0.490625 0.203125
1 0.357812 0.453125 0.650000 0.456250
1 0.357812 0.632812 0.657813 0.632812
1 0.328125 0.946875 0.665625 0.954688
1 0.323438 0.737500 0.640625 0.737500
0 0.046875 0.512500 0.951562 0.526563
0 0.029687 0.585938 0.959375 0.585938
0 0.014062 0.818750 0.973437 0.823438
0 0.023438 0.868750 0.970313 0.881250
