2 0.097656 0.899219 0.010937 0.001563
5 0.217188 0.890625 0.196875 0.093750
0 0.443750 0.928125 0.442188 0.089063
0 0.439063 0.907813 0.428125 0.092188
0 0.907813 0.373437 0.909375 0.695312
0 0.795312 0.528125 0.790625 0.464062
5 0.184375 0.482812 0.218750 0.518750
5 0.267188 0.192187 0.267188 0.821875
5 0.189062 0.087500 0.178125 0.907813
0 0.453125 0.206250 0.456250 0.796875
0 0.459375 0.171875 0.453125 0.843750
0 0.470313 0.120313 0.476562 0.896875
0 0.459375 0.118750 0.456250 0.878125
1 0.271875 0.153125 0.271875 0.839063
1 0.259375 0.206250 0.248438 0.798438
2 0.153125 0.126563 0.153125 0.893750
