5 0.781250 0.215625 0.214062 0.206250
5 0.660937 0.340625 0.287500 0.334375
5 0.670312 0.528125 0.296875 0.520312
5 0.450000 0.825000 0.545312 0.826562
3 0.540625 0.801562 0.468750 0.796875
3 0.751563 0.298438 0.267188 0.293750
0 0.307813 0.739062 0.706250 0.745313
0 0.550000 0.326562 0.446875 0.334375
0 0.612500 0.296875 0.404687 0.289062
0 0.593750 0.251563 0.367188 0.256250
0 0.631250 0.190625 0.375000 0.198437
0 0.578125 0.534375 0.393750 0.540625
0 0.590625 0.506250 0.414062 0.509375
4 0.465625 0.767188 0.543750 0.767188
1 0.453125 0.760938 0.565625 0.731250
4 0.668750 0.487500 0.339062 0.487500
4 0.650000 0.190625 0.368750 0.190625
4 0.610938 0.265625 0.409375 0.284375
