3 0.940625 0.867188 0.059375 0.159375
3 0.601562 0.796875 0.415625 0.195312
3 0.409375 0.832812 0.595313 0.171875
3 0.223437 0.814063 0.773438 0.225000
2 0.178125 0.762500 0.823438 0.221875
2 0.387500 0.815625 0.600000 0.190625
1 0.617188 0.464063 0.378125 0.537500
1 0.521875 0.470313 0.468750 0.517188
1 0.406250 0.548438 0.581250 0.450000
1 0.437500 0.562500 0.550000 0.443750
5 0.182813 0.692187 0.810937 0.315625
5 0.398438 0.685937 0.595313 0.323437
5 0.604688 0.734375 0.392188 0.267188
5 0.964063 0.587500 0.031250 0.431250
