3 0.159375 0.759375 0.159375 0.271875
3 0.129688 0.371875 0.132812 0.623437
2 0.165625 0.732812 0.170313 0.250000
2 0.220312 0.331250 0.223438 0.642188
5 0.260937 0.659375 0.264062 0.335938
5 0.285938 0.823438 0.279687 0.179688
5 0.268750 0.235938 0.265625 0.756250
1 0.520312 0.667188 0.520312 0.323437
1 0.510938 0.271875 0.507812 0.695312
1 0.517188 0.343750 0.512500 0.646875
1 0.593750 0.734375 0.601562 0.278125
0 0.826562 0.728125 0.832812 0.260937
0 0.871875 0.671875 0.875000 0.325000
0 0.779687 0.390625 0.781250 0.607812
0 0.818750 0.259375 0.853125 0.742188
