3 0.087500 0.104688 0.092188 0.887500
3 0.207813 0.142188 0.210938 0.890625
3 0.143750 0.306250 0.139063 0.695312
3 0.207813 0.556250 0.210938 0.451562
3 0.173437 0.598437 0.181250 0.415625
3 0.204687 0.735938 0.210938 0.276562
3 0.123438 0.887500 0.126562 0.117188
5 0.367188 0.765625 0.401562 0.240625
5 0.278125 0.629687 0.368750 0.360938
5 0.351562 0.570312 0.387500 0.429688
5 0.235937 0.378125 0.284375 0.618750
5 0.287500 0.145312 0.385937 0.853125
2 0.223438 0.129687 0.223438 0.851562
2 0.146875 0.354688 0.156250 0.648438
2 0.187500 0.585938 0.179688 0.406250
2 0.210938 0.726562 0.207813 0.243750
1 0.450000 0.290625 0.446875 0.714063
1 0.414062 0.381250 0.376563 0.615625
1 0.426563 0.578125 0.395313 0.423438
1 0.428125 0.467187 0.401562 0.529687
1 0.429688 0.637500 0.401562 0.362500
1 0.493750 0.117188 0.487500 0.895312
0 0.634375 0.379687 0.634375 0.614062
0 0.654687 0.323438 0.653125 0.701562
0 0.639062 0.515625 0.628125 0.479687
0 0.653125 0.489062 0.639062 0.507812
0 0.776563 0.112500 0.784375 0.903125
