3 0.189062 0.482812 0.200000 0.518750
3 0.253125 0.646875 0.281250 0.368750
3 0.328125 0.806250 0.334375 0.195312
1 0.664062 0.462500 0.668750 0.540625
1 0.620313 0.587500 0.581250 0.446875
1 0.432812 0.589063 0.431250 0.412500
1 0.485938 0.693750 0.478125 0.309375
1 0.376563 0.785937 0.382812 0.200000
0 0.940625 0.356250 0.942187 0.685937
0 0.657813 0.889062 0.657813 0.140625
0 0.865625 0.360938 0.864062 0.656250
5 0.251563 0.459375 0.259375 0.564063
5 0.403125 0.946875 0.460938 0.039062
5 0.139063 0.629687 0.143750 0.370312
4 0.128125 0.520312 0.135937 0.481250
4 0.417187 0.604688 0.406250 0.387500
4 0.245312 0.646875 0.267188 0.359375
4 0.293750 0.881250 0.303125 0.104688
