0 0.334375 0.98125 0.346875 0.9875 0.3515625 0.996875 0.38125 0.996875 0.38125 0.9859375 0.3734375 0.9703125 0.36875 0.95 0.3625 0.9390625 0.3578125 0.9390625 0.3484375 0.94375 0.3390625 0.940625 0.334375 0.9515625 0.33125 0.9671875 0.33125 0.975 0.334375 0.98125
0 0.2796875 0.996875 0.3046875 0.996875 0.2828125 0.96875 0.2796875 0.996875
1 0.3734375 0.559375 0.3765625 0.5453125 0.3734375 0.4921875 0.3609375 0.4984375 0.3625 0.565625 0.3671875 0.565625 0.3734375 0.559375
1 0.3515625 0.3234375 0.35625 0.3203125 0.365625 0.31875 0.375 0.309375 0.3828125 0.3171875 0.3875 0.3171875 0.3890625 0.3109375 0.3828125 0.2875 0.396875 0.2765625 0.3984375 0.271875 0.3953125 0.2640625 0.3875 0.265625 0.3484375 0.29375 0.3484375 0.3171875 0.3515625 0.3234375
1 0.446875 0.3015625 0.4453125 0.3171875 0.4359375 0.3375 0.4359375 0.3453125 0.440625 0.353125 0.440625 0.3578125 0.4453125 0.3625 0.4484375 0.3578125 0.4515625 0.346875 0.4609375 0.3390625 0.465625 0.33125 0.4671875 0.31875 0.471875 0.3078125 0.471875 0.2890625 0.4609375 0.265625 0.459375 0.265625 0.45625 0.271875 0.4546875 0.28125 0.446875 0.3015625
1 0.4921875 0.6375 0.5015625 0.6171875 0.5015625 0.59375 0.4984375 0.578125 0.5 0.5375 0.490625 0.5296875 0.4828125 0.56875 0.4828125 0.6234375 0.4875 0.6359375 0.4921875 0.6375
5 0.4734375 0.3078125 0.46875 0.31875 0.465625 0.3359375 0.453125 0.3484375 0.45 0.3609375 0.4453125 0.36875 0.4421875 0.4 0.4375 0.409375 0.428125 0.4203125 0.4203125 0.4359375 0.41875 0.4453125 0.4140625 0.45 0.40625 0.4515625 0.4015625 0.44375 0.4015625 0.434375 0.3984375 0.4328125 0.3984375 0.4296875 0.396875 0.4359375 0.396875 0.459375 0.4 0.475 0.4 0.565625 0.403125 0.5703125 0.4125 0.5703125 0.4328125 0.565625 0.45625 0.55625 0.4625 0.546875 0.46875 0.5203125 0.475 0.534375 0.478125 0.5515625 0.48125 0.553125 0.4875 0.5296875 0.49375 0.4828125 0.49375 0.4625 0.4984375 0.440625 0.4953125 0.3578125 0.4890625 0.3078125 0.4890625 0.28125 0.4859375 0.2703125 0.4765625 0.2609375 0.4640625 0.253125 0.4625 0.2546875 0.4640625 0.26875 0.4734375 0.2875 0.4734375 0.3078125
5 0.4078125 0.2921875 0.4125 0.3078125 0.41875 0.3546875 0.425 0.35625 0.425 0.353125 0.434375 0.3375 0.4359375 0.3296875 0.4421875 0.321875 0.44375 0.3046875 0.4359375 0.2859375 0.4328125 0.271875 0.4265625 0.2578125 0.4265625 0.253125 0.4234375 0.2484375 0.41875 0.2484375 0.4078125 0.2546875 0.4015625 0.2609375 0.4015625 0.284375 0.4078125 0.2921875
5 0.265625 0.3984375 0.2625 0.4265625 0.265625 0.45 0.2640625 0.5234375 0.265625 0.5296875 0.275 0.5375 0.29375 0.5390625 0.315625 0.5296875 0.325 0.51875 0.3328125 0.490625 0.3359375 0.4875 0.34375 0.4984375 0.3484375 0.4984375 0.353125 0.4921875 0.3546875 0.4609375 0.3484375 0.3609375 0.3453125 0.35625 0.340625 0.35625 0.303125 0.39375 0.271875 0.39375 0.265625 0.3984375
5 0.3140625 0.296875 0.3109375 0.3 0.303125 0.2921875 0.2984375 0.28125 0.2890625 0.26875 0.2859375 0.259375 0.2734375 0.253125 0.2625 0.2203125 0.259375 0.221875 0.2546875 0.23125 0.253125 0.24375 0.2453125 0.2640625 0.2453125 0.271875 0.2609375 0.28125 0.26875 0.29375 0.2875 0.309375 0.296875 0.33125 0.3140625 0.3234375 0.3171875 0.3171875 0.33125 0.309375 0.3390625 0.3015625 0.340625 0.29375 0.3359375 0.2625 0.321875 0.2390625 0.3234375 0.2265625 0.3265625 0.228125 0.3265625 0.2359375 0.328125 0.2359375 0.3265625 0.2265625 0.31875 0.2125 0.321875 0.20625 0.3203125 0.2015625 0.3140625 0.196875 0.3109375 0.1984375 0.3125 0.21875 0.3078125 0.2328125 0.3140625 0.296875
2 0.265625 0.1578125 0.2734375 0.159375 0.2796875 0.1515625 0.3 0.15 0.303125 0.15625 0.3046875 0.13125 0.2640625 0.146875 0.259375 0.1546875 0.2609375 0.165625 0.265625 0.1578125
3 0.4109375 0.1234375 0.409375 0.1828125 0.4140625 0.1953125 0.4171875 0.19375 0.415625 0.171875 0.421875 0.1625 0.4375 0.1609375 0.4515625 0.1546875 0.45625 0.15 0.4703125 0.1484375 0.4625 0.1359375 0.4578125 0.1125 0.4515625 0.0984375 0.4390625 0.0875 0.43125 0.0875 0.4234375 0.09375 0.415625 0.1078125 0.4109375 0.1234375
3 0.2484375 0.103125 0.2484375 0.1109375 0.246875 0.1125 0.2484375 0.1609375 0.253125 0.1796875 0.259375 0.175 0.25625 0.1625 0.2578125 0.1515625 0.2625 0.146875 0.271875 0.1421875 0.2875 0.1390625 0.30625 0.121875 0.3109375 0.1203125 0.303125 0.1109375 0.3 0.096875 0.2890625 0.0734375 0.278125 0.065625 0.26875 0.065625 0.2609375 0.071875 0.253125 0.0859375 0.2484375 0.103125