3 0.629687 0.165625 0.351562 0.165625
5 0.459297 0.000000 0.571875 0.029687
3 0.382812 0.296875 0.607812 0.295312
2 0.375000 0.273438 0.635938 0.256250
5 0.593750 0.376563 0.420312 0.368750
3 0.718750 0.498437 0.285938 0.515625
3 0.617188 0.625000 0.353125 0.612500
5 0.409375 0.650000 0.589063 0.651563
1 0.392188 0.684375 0.598437 0.701562
1 0.639062 0.773438 0.367188 0.773438
5 0.757812 0.842187 0.268750 0.842187
5 0.789062 0.728125 0.217188 0.725000
3 0.801562 0.606250 0.204687 0.609375
2 0.731250 0.659375 0.267188 0.687500
