0 0.739062 0.132812 0.271875 0.862500
0 0.684375 0.121875 0.306250 0.857812
0 0.635938 0.118750 0.382812 0.879687
0 0.584375 0.117188 0.420312 0.879687
0 0.645312 0.176562 0.345313 0.809375
0 0.531250 0.160937 0.478125 0.837500
0 0.485938 0.112500 0.521875 0.871875
0 0.381250 0.154687 0.615625 0.814063
0 0.414062 0.203125 0.581250 0.826562
0 0.357812 0.168750 0.639062 0.846875
0 0.318750 0.153125 0.679688 0.876563
0 0.284375 0.160937 0.726562 0.831250
0 0.251563 0.189063 0.754687 0.821875
0 0.179688 0.145312 0.814063 0.842187
0 0.126563 0.112500 0.878125 0.876563
0 0.118750 0.168750 0.882812 0.821875
0 0.179688 0.214063 0.817187 0.828125
5 0.223437 0.523438 0.779687 0.476562
5 0.312500 0.515625 0.682813 0.496875
5 0.260938 0.507812 0.745313 0.529687
5 0.407813 0.482812 0.581250 0.515625
5 0.539062 0.498437 0.459375 0.534375
5 0.604688 0.585938 0.392188 0.435937
5 0.753125 0.448438 0.246875 0.578125
5 0.821875 0.440625 0.171875 0.539062
1 0.793750 0.482812 0.226562 0.514062
1 0.525000 0.356250 0.481250 0.639062
1 0.448438 0.321875 0.562500 0.651563
1 0.181250 0.435937 0.820312 0.576562
1 0.101562 0.387500 0.906250 0.614062
2 0.273438 0.635938 0.721875 0.368750
3 0.195312 0.631250 0.807813 0.371875
3 0.296875 0.629687 0.707812 0.364063
3 0.250000 0.637500 0.753125 0.359375
3 0.154687 0.671875 0.851562 0.342187
3 0.417188 0.601562 0.589063 0.390625
3 0.514062 0.629687 0.506250 0.371875
3 0.570312 0.617188 0.435937 0.376563
3 0.632812 0.656250 0.384375 0.337500
3 0.675000 0.621875 0.334375 0.376563
3 0.809375 0.568750 0.210938 0.421875
3 0.745313 0.557813 0.296875 0.440625
