3 0.312500 0.612500 0.314063 0.392188
3 0.312500 0.356250 0.292187 0.640625
3 0.382812 0.290625 0.390625 0.717187
2 0.315625 0.362500 0.312500 0.606250
5 0.371875 0.406250 0.393750 0.589063
5 0.365625 0.734375 0.393750 0.250000
5 0.379688 0.214063 0.409375 0.796875
1 0.601562 0.231250 0.578125 0.771875
1 0.500000 0.329688 0.525000 0.673438
1 0.496875 0.432813 0.517188 0.560937
1 0.579688 0.681250 0.601562 0.342187
1 0.387500 0.826562 0.382812 0.168750
0 0.781250 0.089063 0.770312 0.885938
0 0.764062 0.187500 0.765625 0.798438
0 0.710938 0.375000 0.710938 0.646875
0 0.690625 0.450000 0.700000 0.557813
0 0.775000 0.654687 0.773438 0.400000
0 0.778125 0.735938 0.765625 0.262500
