5 0.429688 0.859375 0.496875 0.148438
5 0.359375 0.743750 0.429688 0.268750
5 0.289062 0.592187 0.307812 0.407813
3 0.217188 0.820312 0.221875 0.179688
3 0.220312 0.646875 0.215625 0.362500
3 0.171875 0.601562 0.203125 0.406250
3 0.157812 0.531250 0.167187 0.468750
1 0.292187 0.465625 0.292187 0.539062
1 0.270313 0.434375 0.284375 0.578125
1 0.523438 0.739062 0.518750 0.276562
0 0.925000 0.821875 0.928125 0.198437
0 0.915625 0.746875 0.914062 0.287500
0 0.859375 0.664062 0.862500 0.329688
0 0.900000 0.570312 0.912500 0.434375
4 0.206250 0.820312 0.209375 0.181250
4 0.185938 0.689063 0.218750 0.306250
4 0.154688 0.601562 0.175000 0.398438
