5 0.500000 0.398438 0.525000 0.373437
5 0.640625 0.509375 0.360938 0.496875
5 0.718750 0.321875 0.285938 0.317188
5 0.618750 0.710938 0.373437 0.701562
5 0.607812 0.943750 0.400000 0.960938
3 0.765625 0.270313 0.251563 0.270313
3 0.642188 0.398438 0.364063 0.407813
3 0.753125 0.384375 0.253125 0.393750
3 0.743750 0.478125 0.265625 0.478125
3 0.703125 0.735938 0.292187 0.762500
3 0.685937 0.882812 0.329688 0.882812
3 0.725000 0.959375 0.278125 0.960938
3 0.682813 0.940625 0.318750 0.945312
1 0.445312 0.306250 0.546875 0.315625
1 0.593750 0.315625 0.407813 0.307812
1 0.478125 0.484375 0.521875 0.493750
1 0.645312 0.590625 0.368750 0.564063
1 0.465625 0.714063 0.523438 0.715625
2 0.703125 0.481250 0.301563 0.484375
