3 0.642188 0.223438 0.359375 0.250000
3 0.640625 0.409375 0.362500 0.434375
3 0.695312 0.534375 0.326562 0.532813
2 0.610938 0.259375 0.390625 0.279687
2 0.635938 0.460938 0.362500 0.410938
2 0.625000 0.556250 0.375000 0.562500
1 0.075000 0.606250 0.912500 0.626563
1 0.092187 0.568750 0.831250 0.565625
5 0.254687 0.143750 0.748437 0.148438
5 0.501563 0.203125 0.520312 0.207813
5 0.220313 0.417187 0.798438 0.431250
5 0.401563 0.379688 0.596875 0.421875
5 0.418750 0.439063 0.587500 0.435937
5 0.351562 0.673438 0.675000 0.676562
5 0.501563 0.575000 0.481250 0.575000
