3 0.3234375 0.234375 0.315625 0.259375 0.315625 0.2734375 0.3125 0.284375 0.315625 0.29375 0.3203125 0.29375 0.325 0.2828125 0.3296875 0.2796875 0.3484375 0.278125 0.365625 0.2734375 0.378125 0.2734375 0.3796875 0.275 0.3875 0.2734375 0.375 0.2359375 0.35625 0.2140625 0.35 0.2125 0.3390625 0.215625 0.328125 0.2265625 0.3234375 0.234375
3 0.45625 0.253125 0.4609375 0.2546875 0.471875 0.25 0.4921875 0.25 0.503125 0.246875 0.5140625 0.246875 0.5203125 0.253125 0.5234375 0.2484375 0.521875 0.234375 0.5125 0.209375 0.4984375 0.1921875 0.48125 0.190625 0.4671875 0.2109375 0.4625 0.225 0.4609375 0.24375 0.45625 0.253125
0 0.3625 0.9421875 0.3578125 0.9578125 0.3390625 0.971875 0.340625 0.98125 0.390625 0.9703125 0.396875 0.9625 0.3953125 0.9515625 0.3921875 0.9484375 0.371875 0.946875 0.36875 0.94375 0.3625 0.9421875
0 0.4796875 0.9015625 0.45625 0.9 0.4546875 0.9375 0.478125 0.9484375 0.484375 0.9421875 0.4796875 0.9015625
0 0.5421875 0.921875 0.55625 0.9328125 0.571875 0.934375 0.578125 0.9296875 0.5796875 0.9140625 0.5578125 0.8921875 0.54375 0.8984375 0.534375 0.8984375 0.521875 0.8921875 0.51875 0.9 0.51875 0.9078125 0.5234375 0.9140625 0.5421875 0.921875
0 0.6328125 0.8265625 0.646875 0.825 0.6546875 0.8171875 0.6625 0.803125 0.6625 0.784375 0.64375 0.76875 0.6359375 0.7953125 0.6265625 0.809375 0.6265625 0.821875 0.6328125 0.8265625
0 0.6734375 0.753125 0.671875 0.7625 0.6671875 0.7734375 0.6671875 0.784375 0.66875 0.7859375 0.675 0.7859375 0.6828125 0.778125 0.6890625 0.7609375 0.7015625 0.740625 0.7 0.7265625 0.6859375 0.71875 0.6875 0.7203125 0.6859375 0.734375 0.68125 0.7390625 0.6734375 0.753125
0 0.8234375 0.7546875 0.83125 0.75 0.8375 0.725 0.8171875 0.725 0.8109375 0.7421875 0.8125 0.753125 0.8234375 0.7546875
3 0.5453125 0.290625 0.5625 0.3046875 0.565625 0.3125 0.56875 0.30625 0.565625 0.278125 0.55625 0.265625 0.5515625 0.265625 0.5359375 0.2765625 0.53125 0.2953125 0.5359375 0.290625 0.5453125 0.290625
2 0.5546875 0.3109375 0.565625 0.3171875 0.5625 0.3046875 0.54375 0.2921875 0.5328125 0.296875 0.53125 0.3125 0.5421875 0.309375 0.55 0.315625 0.5546875 0.3109375
3 0.6203125 0.3453125 0.6171875 0.3546875 0.61875 0.359375 0.625 0.3609375 0.6375 0.3546875 0.659375 0.3359375 0.6671875 0.3328125 0.66875 0.3296875 0.66875 0.321875 0.6640625 0.309375 0.6484375 0.29375 0.6390625 0.29375 0.6265625 0.303125 0.6203125 0.3265625 0.6203125 0.3453125
3 0.68125 0.33125 0.7046875 0.3328125 0.7140625 0.328125 0.715625 0.3140625 0.70625 0.2921875 0.69375 0.290625 0.6875 0.296875 0.6828125 0.30625 0.6796875 0.328125 0.68125 0.33125
3 0.7703125 0.3265625 0.7875 0.3203125 0.8015625 0.31875 0.803125 0.309375 0.8 0.3 0.790625 0.2890625 0.7796875 0.2890625 0.771875 0.3 0.76875 0.315625 0.7703125 0.3265625
3 0.821875 0.3328125 0.8375 0.3328125 0.85625 0.3375 0.8546875 0.3171875 0.846875 0.3 0.8390625 0.296875 0.8234375 0.296875 0.8125 0.315625 0.8078125 0.334375 0.8125 0.3359375 0.821875 0.3328125
2 0.709375 0.3421875 0.709375 0.3328125 0.6828125 0.334375 0.709375 0.3421875
0 0.78125 0.6859375 0.775 0.690625 0.7765625 0.7 0.7953125 0.7046875 0.796875 0.690625 0.78125 0.6859375
0 0.7796875 0.671875 0.771875 0.675 0.7703125 0.6859375 0.7796875 0.6859375 0.7796875 0.671875
0 0.91875 0.5 0.925 0.5015625 0.9203125 0.4953125 0.91875 0.5
0 0.9484375 0.50625 0.9375 0.5015625 0.928125 0.5046875 0.9484375 0.50625
0 0.5625 0.7359375 0.571875 0.721875 0.5703125 0.70625 0.5578125 0.7046875 0.546875 0.725 0.5484375 0.7359375 0.5625 0.7359375