0 0.867188 0.739062 0.862500 0.271875
0 0.878125 0.684375 0.857812 0.306250
0 0.881250 0.635938 0.879687 0.382812
0 0.882812 0.584375 0.879687 0.420312
0 0.823438 0.645312 0.809375 0.345313
0 0.839063 0.531250 0.837500 0.478125
0 0.887500 0.485938 0.871875 0.521875
0 0.845313 0.381250 0.814063 0.615625
0 0.796875 0.414062 0.826562 0.581250
0 0.831250 0.357812 0.846875 0.639062
0 0.846875 0.318750 0.876563 0.679688
0 0.839063 0.284375 0.831250 0.726562
0 0.810937 0.251563 0.821875 0.754687
0 0.854688 0.179688 0.842187 0.814063
0 0.887500 0.126563 0.876563 0.878125
0 0.831250 0.118750 0.821875 0.882812
0 0.785937 0.179688 0.828125 0.817187
5 0.476562 0.223437 0.476562 0.779687
5 0.484375 0.312500 0.496875 0.682813
5 0.492188 0.260938 0.529687 0.745313
5 0.517188 0.407813 0.515625 0.581250
5 0.501563 0.539062 0.534375 0.459375
5 0.414062 0.604688 0.435937 0.392188
5 0.551562 0.753125 0.578125 0.246875
5 0.559375 0.821875 0.539062 0.171875
1 0.517188 0.793750 0.514062 0.226562
1 0.643750 0.525000 0.639062 0.481250
1 0.678125 0.448438 0.651563 0.562500
1 0.564063 0.181250 0.576562 0.820312
1 0.612500 0.101562 0.614062 0.906250
2 0.364063 0.273438 0.368750 0.721875
3 0.368750 0.195312 0.371875 0.807813
3 0.370312 0.296875 0.364063 0.707812
3 0.362500 0.250000 0.359375 0.753125
3 0.328125 0.154687 0.342187 0.851562
3 0.398438 0.417188 0.390625 0.589063
3 0.370312 0.514062 0.371875 0.506250
3 0.382812 0.570312 0.376563 0.435937
3 0.343750 0.632812 0.337500 0.384375
3 0.378125 0.675000 0.376563 0.334375
3 0.431250 0.809375 0.421875 0.210938
3 0.442188 0.745313 0.440625 0.296875
