3 0.521875 0.696875 0.476562 0.718750
3 0.493750 0.500000 0.520312 0.493750
3 0.240625 0.435937 0.750000 0.431250
3 0.460938 0.284375 0.528125 0.290625
2 0.464063 0.521875 0.537500 0.510938
5 0.437500 0.198437 0.593750 0.182812
1 0.295312 0.282813 0.700000 0.295312
0 0.132812 0.304688 0.854688 0.312500
0 0.153125 0.226562 0.843750 0.221875
5 0.290625 0.473438 0.703125 0.484375
5 0.343750 0.523438 0.651563 0.531250
5 0.443750 0.706250 0.551562 0.701562
1 0.257812 0.654687 0.728125 0.660937
1 0.114062 0.473438 0.929688 0.470313
0 0.073438 0.706250 0.915625 0.706250
0 0.146875 0.607812 0.851562 0.593750
3 0.687500 0.023438 0.332813 0.021875
