3 0.237500 0.850000 0.240625 0.159375
3 0.231250 0.714063 0.231250 0.289062
3 0.195312 0.664062 0.190625 0.348438
3 0.295312 0.654687 0.295312 0.364063
3 0.253125 0.614062 0.248438 0.387500
3 0.212500 0.523438 0.215625 0.484375
3 0.275000 0.537500 0.278125 0.475000
3 0.275000 0.454688 0.279687 0.560937
3 0.251563 0.437500 0.251563 0.565625
3 0.248438 0.404687 0.250000 0.596875
3 0.231250 0.459375 0.234375 0.551562
3 0.581250 0.609375 0.582812 0.398438
3 0.560937 0.521875 0.567187 0.484375
3 0.567187 0.410937 0.571875 0.596875
3 0.600000 0.331250 0.609375 0.659375
3 0.228125 0.104688 0.242188 0.895312
3 0.221875 0.150000 0.242188 0.846875
3 0.278125 0.234375 0.282813 0.762500
3 0.259375 0.250000 0.260937 0.764062
3 0.275000 0.320312 0.284375 0.676562
3 0.228125 0.326562 0.221875 0.684375
3 0.698438 0.742188 0.710938 0.264062
2 0.243750 0.796875 0.245312 0.185938
2 0.220312 0.664062 0.215625 0.343750
2 0.246875 0.539062 0.226562 0.482812
2 0.243750 0.317187 0.220312 0.695312
2 0.282813 0.106250 0.295312 0.893750
1 0.568750 0.689063 0.546875 0.312500
0 0.965625 0.854688 0.971875 0.150000
0 0.910937 0.818750 0.920312 0.190625
0 0.953125 0.754687 0.973437 0.245312
0 0.882812 0.709375 0.848437 0.279687
0 0.834375 0.704688 0.856250 0.301563
0 0.996875 0.595313 0.948438 0.398438
0 0.996875 0.529687 0.996875 0.487500
5 0.365625 0.840625 0.382812 0.160938
5 0.473438 0.740625 0.485938 0.257812
5 0.342187 0.700000 0.376563 0.312500
5 0.420312 0.671875 0.443750 0.332813
5 0.334375 0.667188 0.334375 0.339062
5 0.431250 0.582812 0.440625 0.414062
5 0.493750 0.489062 0.500000 0.517188
5 0.385937 0.376563 0.418750 0.615625
5 0.382812 0.295312 0.418750 0.701562
5 0.401562 0.204688 0.432812 0.782813
5 0.654687 0.075000 0.654687 0.921875
5 0.384375 0.140625 0.410938 0.860938
5 0.696875 0.271875 0.690625 0.718750
5 0.635938 0.368750 0.656250 0.617188
5 0.757812 0.482812 0.759375 0.515625
5 0.721875 0.579688 0.789062 0.404687
5 0.668750 0.643750 0.675000 0.360938
