3 0.798438 0.232813 0.214062 0.232813
3 0.732812 0.418750 0.304688 0.418750
3 0.807813 0.559375 0.193750 0.557813
3 0.742188 0.885938 0.276562 0.878125
3 0.715625 0.932813 0.289062 0.940625
2 0.670312 0.937500 0.370312 0.946875
2 0.667188 0.937500 0.325000 0.940625
2 0.782813 0.582812 0.221875 0.578125
2 0.582812 0.454688 0.412500 0.460938
2 0.701562 0.329688 0.296875 0.335938
1 0.806250 0.031250 0.193750 0.035937
1 0.290625 0.101562 0.721875 0.106250
5 0.160937 0.207813 0.842187 0.209375
5 0.645312 0.226562 0.359375 0.229687
5 0.643750 0.045312 0.381250 0.043750
5 0.253125 0.260937 0.770312 0.265625
5 0.479688 0.307812 0.532813 0.312500
5 0.276563 0.340625 0.732812 0.337500
5 0.351562 0.523438 0.643750 0.526563
5 0.262500 0.568750 0.667188 0.564063
5 0.557813 0.717187 0.454688 0.725000
5 0.420312 0.557813 0.606250 0.559375
5 0.360938 0.901563 0.635938 0.893750
5 0.354688 0.825000 0.670312 0.815625
1 0.682813 0.862500 0.300000 0.864062
