3 0.168750 0.890625 0.179688 0.118750
3 0.312500 0.475000 0.312500 0.564063
3 0.278125 0.212500 0.287500 0.796875
2 0.206250 0.825000 0.201563 0.190625
2 0.331250 0.414062 0.309375 0.593750
2 0.320312 0.140625 0.298438 0.870313
1 0.462500 0.851562 0.453125 0.139063
1 0.500000 0.770312 0.493750 0.248438
1 0.628125 0.534375 0.617188 0.465625
1 0.673438 0.345313 0.667188 0.667188
1 0.642188 0.012500 0.632812 0.987500
1 0.668750 0.285937 0.675000 0.721875
0 0.906250 0.490625 0.915625 0.504687
0 0.960938 0.462500 0.971875 0.537500
0 0.956250 0.207812 0.965625 0.775000
0 0.942187 0.120313 0.937500 0.865625
