3 0.478125 0.303125 0.476562 0.718750
3 0.506250 0.500000 0.520312 0.493750
3 0.759375 0.564063 0.750000 0.431250
3 0.539062 0.715625 0.528125 0.290625
2 0.535937 0.478125 0.537500 0.510938
5 0.562500 0.801562 0.593750 0.182812
1 0.704688 0.717187 0.700000 0.295312
0 0.867188 0.695312 0.854688 0.312500
0 0.846875 0.773438 0.843750 0.221875
5 0.709375 0.526563 0.703125 0.484375
5 0.656250 0.476562 0.651563 0.531250
5 0.556250 0.293750 0.551562 0.701562
1 0.742188 0.345313 0.728125 0.660937
1 0.885938 0.526563 0.929688 0.470313
0 0.926562 0.293750 0.915625 0.706250
0 0.853125 0.392188 0.851562 0.593750
3 0.312500 0.976562 0.332813 0.021875
