3 0.739062 0.515625 0.256250 0.515625
3 0.743750 0.667188 0.237500 0.667188
3 0.807813 0.904687 0.184375 0.901563
3 0.628125 0.640625 0.384375 0.650000
2 0.745313 0.498437 0.267188 0.501563
2 0.743750 0.651563 0.268750 0.650000
1 0.506250 0.881250 0.482812 0.887500
1 0.556250 0.871875 0.440625 0.867188
0 0.135938 0.892188 0.873437 0.895312
0 0.206250 0.862500 0.775000 0.870313
0 0.206250 0.729688 0.835938 0.729688
0 0.175000 0.685937 0.832812 0.689063
0 0.228125 0.660937 0.770312 0.648438
0 0.240625 0.612500 0.785937 0.612500
