3 0.66875 0.7328125 0.6578125 0.7125 0.65625 0.734375 0.66875 0.7328125
2 0.659375 0.746875 0.6671875 0.734375 0.65625 0.7375 0.659375 0.746875
5 0.6703125 0.753125 0.659375 0.75625 0.6546875 0.7640625 0.65625 0.8625 0.6609375 0.8640625 0.678125 0.8625 0.6828125 0.8578125 0.68125 0.7765625 0.6703125 0.753125
1 0.66875 0.840625 0.6640625 0.8375 0.6671875 0.8515625 0.66875 0.840625
0 0.6578125 0.9609375 0.653125 0.9484375 0.6421875 0.95 0.6390625 0.95625 0.6421875 0.9625 0.6578125 0.9609375
0 0.6953125 0.9546875 0.6921875 0.934375 0.6890625 0.95 0.6953125 0.9546875
5 0.859375 0.5765625 0.853125 0.5796875 0.8484375 0.590625 0.846875 0.6078125 0.8515625 0.6125 0.859375 0.6109375 0.8609375 0.596875 0.8640625 0.5875 0.859375 0.5765625
3 0.86875 0.5765625 0.8640625 0.56875 0.8671875 0.5859375 0.86875 0.5765625
1 0.8625 0.61875 0.8625 0.609375 0.859375 0.6203125 0.8625 0.61875
3 0.9171875 0.559375 0.9125 0.5484375 0.9109375 0.5578125 0.9171875 0.559375
5 0.915625 0.5640625 0.9125 0.60625 0.9203125 0.6109375 0.9234375 0.571875 0.915625 0.5640625