3 0.840625 0.240625 0.159375 0.271875
3 0.870313 0.628125 0.132812 0.623437
2 0.834375 0.267188 0.170313 0.250000
2 0.779687 0.668750 0.223438 0.642188
5 0.739062 0.340625 0.264062 0.335938
5 0.714063 0.176563 0.279687 0.179688
5 0.731250 0.764062 0.265625 0.756250
1 0.479688 0.332813 0.520312 0.323437
1 0.489062 0.728125 0.507812 0.695312
1 0.482812 0.656250 0.512500 0.646875
1 0.406250 0.265625 0.601562 0.278125
0 0.173438 0.271875 0.832812 0.260937
0 0.128125 0.328125 0.875000 0.325000
0 0.220313 0.609375 0.781250 0.607812
0 0.181250 0.740625 0.853125 0.742188
