5 0.396875 0.189062 0.632812 0.179688
5 0.368750 0.340625 0.651563 0.348438
5 0.401563 0.432812 0.646875 0.432812
5 0.470313 0.496875 0.504687 0.484375
5 0.470313 0.567187 0.548438 0.567187
5 0.460938 0.595313 0.584375 0.589063
5 0.517188 0.717187 0.493750 0.712500
3 0.585938 0.723437 0.393750 0.718750
3 0.501563 0.643750 0.475000 0.640625
3 0.534375 0.590625 0.459375 0.584375
3 0.539062 0.509375 0.445312 0.504687
3 0.514062 0.470313 0.476562 0.471875
3 0.484375 0.376563 0.506250 0.378125
3 0.510938 0.375000 0.482812 0.382812
3 0.493750 0.198437 0.510938 0.203125
1 0.309375 0.170313 0.665625 0.167187
1 0.432813 0.264062 0.550000 0.257812
1 0.340625 0.346875 0.681250 0.340625
1 0.334375 0.398438 0.671875 0.390625
1 0.375000 0.401562 0.642188 0.403125
1 0.362500 0.431250 0.635938 0.425000
1 0.334375 0.481250 0.648438 0.487500
1 0.356250 0.526563 0.639062 0.534375
1 0.375000 0.587500 0.657813 0.589063
1 0.403125 0.565625 0.596875 0.560937
2 0.485938 0.235937 0.506250 0.231250
2 0.484375 0.348438 0.525000 0.351562
2 0.509375 0.460938 0.490625 0.443750
2 0.526563 0.484375 0.482812 0.487500
2 0.507812 0.573438 0.487500 0.590625
2 0.493750 0.618750 0.504687 0.632812
2 0.565625 0.681250 0.440625 0.687500
0 0.123437 0.232813 0.864062 0.243750
0 0.159375 0.220312 0.823438 0.225000
0 0.185937 0.343750 0.809375 0.345313
0 0.167188 0.404687 0.812500 0.398438
0 0.198438 0.471875 0.801562 0.465625
0 0.209375 0.506250 0.790625 0.514062
0 0.239062 0.495312 0.750000 0.496875
0 0.196875 0.459375 0.795312 0.459375
0 0.235938 0.376563 0.748437 0.373437
0 0.070312 0.704688 0.923438 0.717187
0 0.092187 0.721875 0.892188 0.729688
0 0.210938 0.650000 0.771875 0.640625
0 0.264062 0.589063 0.768750 0.584375
0 0.278125 0.579688 0.737500 0.573438
5 0.440625 0.385937 0.570312 0.385937
