5 0.804688 0.307813 0.215625 0.690625
5 0.667188 0.335938 0.328125 0.673438
5 0.528125 0.350000 0.471875 0.639062
5 0.510938 0.475000 0.498437 0.559375
5 0.425000 0.407813 0.582812 0.590625
5 0.410937 0.367188 0.593750 0.653125
5 0.315625 0.518750 0.682813 0.473438
3 0.317187 0.600000 0.679688 0.420312
3 0.382812 0.526563 0.609375 0.493750
3 0.431250 0.515625 0.592187 0.485938
3 0.517188 0.534375 0.484375 0.470313
3 0.548438 0.546875 0.443750 0.459375
3 0.646875 0.517188 0.348438 0.490625
3 0.631250 0.545312 0.360938 0.460938
3 0.760938 0.496875 0.234375 0.485938
1 0.840625 0.300000 0.164062 0.700000
1 0.739062 0.412500 0.264062 0.567187
1 0.653125 0.340625 0.340625 0.681250
1 0.601562 0.334375 0.390625 0.671875
1 0.596875 0.357812 0.409375 0.621875
1 0.565625 0.323438 0.431250 0.637500
1 0.528125 0.362500 0.473438 0.667188
1 0.465625 0.360938 0.532813 0.615625
1 0.410937 0.342187 0.596875 0.623437
1 0.429688 0.387500 0.565625 0.596875
2 0.768750 0.493750 0.223438 0.510938
2 0.651563 0.484375 0.351562 0.525000
2 0.556250 0.509375 0.443750 0.503125
2 0.515625 0.526563 0.487500 0.482812
2 0.409375 0.512500 0.571875 0.484375
2 0.367188 0.495313 0.614062 0.500000
2 0.318750 0.565625 0.687500 0.440625
0 0.781250 0.167188 0.217188 0.843750
0 0.798438 0.168750 0.215625 0.845313
0 0.678125 0.209375 0.328125 0.810937
0 0.614062 0.167188 0.396875 0.837500
0 0.520312 0.187500 0.471875 0.801562
0 0.493750 0.248437 0.501563 0.750000
0 0.514062 0.273438 0.479687 0.725000
0 0.557813 0.228125 0.445312 0.793750
0 0.639062 0.226562 0.375000 0.781250
0 0.289062 0.110938 0.706250 0.889062
0 0.284375 0.137500 0.712500 0.875000
0 0.360938 0.203125 0.648438 0.796875
0 0.410937 0.264062 0.584375 0.768750
0 0.420312 0.278125 0.573438 0.737500
5 0.592187 0.370313 0.409375 0.618750
