3 0.820312 0.617188 0.195312 0.389062
3 0.720313 0.639062 0.271875 0.353125
3 0.715625 0.626563 0.284375 0.396875
3 0.621875 0.625000 0.379688 0.359375
3 0.567187 0.612500 0.446875 0.382812
3 0.504687 0.607812 0.496875 0.406250
3 0.432813 0.614062 0.576562 0.379688
1 0.893750 0.473437 0.110937 0.518750
1 0.792188 0.354688 0.207813 0.617188
1 0.764062 0.350000 0.235937 0.637500
1 0.684375 0.364062 0.298438 0.629687
1 0.595313 0.390625 0.406250 0.592187
1 0.523438 0.326562 0.482812 0.659375
1 0.431250 0.331250 0.587500 0.653125
1 0.353125 0.326562 0.656250 0.668750
5 0.831250 0.385938 0.178125 0.607812
5 0.768750 0.495313 0.231250 0.531250
5 0.682813 0.545312 0.321875 0.462500
5 0.548438 0.525000 0.446875 0.471875
5 0.462500 0.551562 0.525000 0.470313
5 0.368750 0.484375 0.632812 0.537500
2 0.804688 0.607812 0.160938 0.389062
2 0.392188 0.621875 0.581250 0.379688
0 0.835938 0.109375 0.168750 0.881250
0 0.779687 0.157813 0.214062 0.832812
0 0.671875 0.168750 0.334375 0.839063
0 0.603125 0.168750 0.396875 0.825000
0 0.554688 0.146875 0.471875 0.845313
0 0.490625 0.129687 0.507812 0.859375
0 0.443750 0.112500 0.553125 0.857812
0 0.414062 0.101562 0.598437 0.904687
0 0.384375 0.046875 0.625000 0.950000
