3 0.543750 0.200000 0.464062 0.198437
2 0.515625 0.284375 0.476562 0.284375
2 0.390625 0.376563 0.607812 0.418750
2 0.510938 0.498437 0.476562 0.507812
2 0.529687 0.706250 0.473438 0.709375
3 0.617188 0.707812 0.396875 0.700000
3 0.585938 0.481250 0.429688 0.476562
3 0.410937 0.354687 0.587500 0.364063
5 0.428125 0.151562 0.564063 0.165625
5 0.298438 0.339062 0.725000 0.339062
5 0.390625 0.520312 0.660937 0.504687
5 0.145312 0.835938 0.867188 0.826562
5 0.428125 0.778125 0.600000 0.768750
1 0.045312 0.693750 0.959375 0.698438
1 0.073438 0.579688 0.971875 0.578125
1 0.017188 0.121875 0.996875 0.125000
1 0.032813 0.353125 0.970313 0.331250
