3 0.831250 0.109375 0.179688 0.118750
3 0.687500 0.525000 0.312500 0.564063
3 0.721875 0.787500 0.287500 0.796875
2 0.793750 0.175000 0.201563 0.190625
2 0.668750 0.585938 0.309375 0.593750
2 0.679688 0.859375 0.298438 0.870313
1 0.537500 0.148438 0.453125 0.139063
1 0.500000 0.229687 0.493750 0.248438
1 0.371875 0.465625 0.617188 0.465625
1 0.326562 0.654687 0.667188 0.667188
1 0.357812 0.987500 0.632812 0.987500
1 0.331250 0.714063 0.675000 0.721875
0 0.093750 0.509375 0.915625 0.504687
0 0.039062 0.537500 0.971875 0.537500
0 0.043750 0.792188 0.965625 0.775000
0 0.057813 0.879687 0.937500 0.865625
