5 0.253125 0.789062 0.254688 0.220312
5 0.351562 0.709375 0.351562 0.295312
5 0.306250 0.507812 0.320312 0.485938
5 0.540625 0.220313 0.560937 0.778125
3 0.457813 0.187500 0.459375 0.801562
3 0.245312 0.690625 0.248438 0.298438
0 0.689063 0.246875 0.692187 0.739062
0 0.446875 0.665625 0.434375 0.339062
0 0.428125 0.707812 0.428125 0.303125
0 0.406250 0.748437 0.367188 0.256250
0 0.375000 0.801562 0.367188 0.207813
0 0.382812 0.470313 0.417187 0.525000
0 0.414062 0.490625 0.412500 0.518750
4 0.526563 0.231250 0.523438 0.765625
1 0.559375 0.237500 0.546875 0.760938
4 0.342187 0.542188 0.340625 0.450000
4 0.204687 0.840625 0.218750 0.170313
4 0.282813 0.714063 0.312500 0.281250
