5 0.896875 0.531250 0.104688 0.492188
5 1.000000 0.454688 0.004687 0.545312
5 0.657813 0.537500 0.329688 0.504687
5 0.750000 0.604688 0.248438 0.451562
5 0.515625 0.645312 0.479687 0.359375
5 0.317187 0.648438 0.682813 0.346875
5 0.045312 0.595313 0.946875 0.415625
5 0.112500 0.759375 0.870313 0.265625
3 0.117188 0.912500 0.873437 0.092188
3 0.323438 0.751563 0.687500 0.245312
3 0.526563 0.709375 0.478125 0.292187
3 0.679688 0.710938 0.326562 0.292187
3 1.000000 0.722969 0.014063 0.281250
1 0.978125 0.370313 0.021875 0.635938
1 0.740625 0.400000 0.262500 0.600000
1 0.528125 0.426562 0.484375 0.575000
1 0.345313 0.457812 0.660937 0.540625
1 0.135938 0.504687 0.839063 0.518750
0 0.928125 0.131250 0.090625 0.868750
0 1.000000 0.140030 0.031250 0.840625
0 0.692187 0.168750 0.296875 0.843750
0 0.742188 0.209375 0.235937 0.800000
0 0.490625 0.168750 0.509375 0.835938
0 0.517188 0.198438 0.496875 0.801562
0 0.318750 0.148438 0.676562 0.862500
0 0.340625 0.187500 0.637500 0.817187
0 0.059375 0.143750 0.918750 0.854688
0 0.103125 0.135938 0.907813 0.857812
