3 0.687500 0.387500 0.314063 0.392188
3 0.687500 0.643750 0.292187 0.640625
3 0.617188 0.709375 0.390625 0.717187
2 0.684375 0.637500 0.312500 0.606250
5 0.628125 0.593750 0.393750 0.589063
5 0.634375 0.265625 0.393750 0.250000
5 0.620313 0.785937 0.409375 0.796875
1 0.398438 0.768750 0.578125 0.771875
1 0.500000 0.670312 0.525000 0.673438
1 0.503125 0.567187 0.517188 0.560937
1 0.420312 0.318750 0.601562 0.342187
1 0.612500 0.173437 0.382812 0.168750
0 0.218750 0.910937 0.770312 0.885938
0 0.235938 0.812500 0.765625 0.798438
0 0.289062 0.625000 0.710938 0.646875
0 0.309375 0.550000 0.700000 0.557813
0 0.225000 0.345313 0.773438 0.400000
0 0.221875 0.264062 0.765625 0.262500
