3 0.534375 0.235937 0.467187 0.237500
2 0.515625 0.223438 0.493750 0.237500
2 0.412500 0.417187 0.589063 0.367188
2 0.531250 0.535937 0.468750 0.487500
2 0.540625 0.775000 0.457813 0.779687
3 0.540625 0.685937 0.468750 0.696875
3 0.531250 0.465625 0.470313 0.478125
3 0.439063 0.431250 0.531250 0.420312
5 0.390625 0.185938 0.676562 0.184375
5 0.201562 0.337500 0.831250 0.345313
5 0.285937 0.495312 0.709375 0.492188
5 0.109375 0.793750 0.898438 0.781250
5 0.345313 0.748437 0.682813 0.739062
1 0.020312 0.714063 0.984375 0.726562
1 0.010938 0.584375 0.989062 0.596875
1 0.053125 0.165625 0.939063 0.160938
1 0.003125 0.365625 0.967187 0.353125
