5 0.498437 0.846875 0.498437 0.160938
5 0.468750 0.718750 0.476562 0.289062
5 0.393750 0.582812 0.415625 0.423438
3 0.254688 0.775000 0.257812 0.234375
3 0.182812 0.634375 0.164062 0.350000
3 0.200000 0.571875 0.201563 0.432812
3 0.193750 0.518750 0.179688 0.512500
1 0.242188 0.464063 0.231250 0.532813
1 0.253125 0.390625 0.251563 0.598437
1 0.484375 0.720313 0.481250 0.285938
0 0.907813 0.751563 0.900000 0.234375
0 0.889062 0.703125 0.885938 0.290625
0 0.887500 0.695312 0.889062 0.310937
0 0.906250 0.484375 0.892188 0.515625
4 0.251563 0.835938 0.278125 0.159375
4 0.251563 0.682813 0.268750 0.310937
4 0.204687 0.585938 0.206250 0.420312
