3 0.1734375 0.3984375 0.1828125 0.4109375 0.1890625 0.409375 0.1875 0.403125 0.1828125 0.3984375 0.18125 0.3765625 0.175 0.3625 0.1703125 0.3578125 0.1609375 0.3546875 0.146875 0.3546875 0.140625 0.3578125 0.13125 0.3734375 0.128125 0.390625 0.1671875 0.3953125 0.1734375 0.3984375
3 0.2359375 0.45 0.2375 0.4484375 0.253125 0.4515625 0.25 0.4375 0.240625 0.425 0.2265625 0.4234375 0.2171875 0.4296875 0.2125 0.4484375 0.2140625 0.45625 0.2265625 0.45 0.2359375 0.45
3 0.3296875 0.459375 0.3203125 0.4375 0.315625 0.4328125 0.3015625 0.4359375 0.29375 0.453125 0.29375 0.465625 0.3265625 0.4671875 0.3296875 0.459375
3 0.34375 0.44375 0.3375 0.4265625 0.3265625 0.41875 0.31875 0.421875 0.3140625 0.4296875 0.328125 0.446875 0.3421875 0.446875 0.34375 0.44375
3 0.415625 0.446875 0.4078125 0.440625 0.4015625 0.4421875 0.390625 0.4609375 0.4046875 0.4578125 0.41875 0.465625 0.415625 0.446875
3 0.4796875 0.4171875 0.46875 0.4234375 0.471875 0.44375 0.4984375 0.440625 0.490625 0.41875 0.4796875 0.4171875
3 0.59375 0.4296875 0.584375 0.4125 0.5734375 0.4140625 0.565625 0.4234375 0.5640625 0.4390625 0.5921875 0.44375 0.59375 0.4296875
3 0.6609375 0.45 0.6578125 0.440625 0.64375 0.4328125 0.6375 0.4359375 0.628125 0.4515625 0.628125 0.4578125 0.659375 0.4640625 0.6609375 0.45
2 0.64375 0.459375 0.628125 0.4609375 0.628125 0.4734375 0.65625 0.475 0.6578125 0.4640625 0.64375 0.459375
2 0.41875 0.4671875 0.4140625 0.4609375 0.403125 0.4578125 0.39375 0.4609375 0.39375 0.478125 0.3984375 0.4734375 0.4171875 0.475 0.41875 0.4671875
2 0.328125 0.446875 0.3296875 0.4640625 0.3375 0.465625 0.340625 0.4484375 0.328125 0.446875
2 0.2953125 0.46875 0.3078125 0.478125 0.3265625 0.475 0.3265625 0.4671875 0.2953125 0.46875
2 0.2453125 0.4796875 0.25 0.46875 0.246875 0.4515625 0.228125 0.4515625 0.2171875 0.4578125 0.2171875 0.471875 0.2234375 0.478125 0.2421875 0.475 0.2453125 0.4796875
2 0.1703125 0.403125 0.1484375 0.4046875 0.14375 0.409375 0.165625 0.409375 0.1765625 0.41875 0.18125 0.4140625 0.1703125 0.403125
0 0.1296875 0.9359375 0.140625 0.934375 0.146875 0.93125 0.1484375 0.928125 0.1484375 0.9171875 0.1390625 0.896875 0.1109375 0.89375 0.10625 0.9078125 0.1078125 0.9203125 0.11875 0.93125 0.1296875 0.9359375
0 0.1953125 0.86875 0.19375 0.8640625 0.190625 0.8625 0.178125 0.8625 0.1671875 0.8578125 0.14375 0.8640625 0.1421875 0.8828125 0.153125 0.8859375 0.175 0.884375 0.1890625 0.878125 0.1953125 0.86875
0 0.2359375 0.8265625 0.2265625 0.8140625 0.2046875 0.8171875 0.2046875 0.83125 0.2125 0.840625 0.2359375 0.840625 0.2359375 0.8265625
0 0.246875 0.7953125 0.2359375 0.7984375 0.2296875 0.8078125 0.2328125 0.8125 0.2640625 0.8125 0.2671875 0.803125 0.246875 0.7953125
0 0.2953125 0.784375 0.3 0.8046875 0.3203125 0.803125 0.3125 0.7828125 0.2953125 0.784375
0 0.315625 0.7828125 0.3421875 0.78125 0.3453125 0.771875 0.33125 0.765625 0.31875 0.7703125 0.3140625 0.7796875 0.315625 0.7828125
0 0.3359375 0.7421875 0.33125 0.740625 0.33125 0.7625 0.340625 0.7640625 0.34375 0.75625 0.3359375 0.7421875
0 0.359375 0.7328125 0.340625 0.7359375 0.3578125 0.75 0.3703125 0.746875 0.3703125 0.740625 0.359375 0.7328125
0 0.39375 0.7140625 0.3828125 0.7140625 0.38125 0.7359375 0.390625 0.7328125 0.39375 0.7140625
0 0.4078125 0.709375 0.4109375 0.7234375 0.43125 0.7234375 0.4203125 0.70625 0.4078125 0.709375
0 0.4453125 0.721875 0.4359375 0.7359375 0.4609375 0.725 0.4453125 0.721875
0 0.4921875 0.7265625 0.4921875 0.740625 0.5046875 0.7234375 0.4921875 0.7265625
0 0.559375 0.7515625 0.5671875 0.7375 0.5546875 0.734375 0.546875 0.74375 0.5453125 0.753125 0.559375 0.7515625
0 0.5875 0.75625 0.6015625 0.75625 0.5890625 0.7375 0.5875 0.75625
0 0.6578125 0.746875 0.6484375 0.7421875 0.6296875 0.7484375 0.6296875 0.75625 0.6328125 0.7578125 0.659375 0.753125 0.6578125 0.746875
0 0.6640625 0.7546875 0.6625 0.775 0.6765625 0.7765625 0.6765625 0.75625 0.6640625 0.7546875
0 0.7109375 0.7640625 0.703125 0.771875 0.6890625 0.7765625 0.69375 0.7859375 0.73125 0.7859375 0.73125 0.775 0.7109375 0.7640625
0 0.759375 0.8 0.7609375 0.790625 0.7421875 0.7875 0.73125 0.809375 0.7484375 0.809375 0.759375 0.8
3 0.7578125 0.4328125 0.7453125 0.41875 0.7296875 0.4203125 0.721875 0.4296875 0.71875 0.4421875 0.7140625 0.446875 0.7359375 0.446875 0.7578125 0.453125 0.7609375 0.45 0.7578125 0.4328125
3 0.8328125 0.4453125 0.8453125 0.4453125 0.8546875 0.453125 0.859375 0.4625 0.8625 0.459375 0.8578125 0.440625 0.8484375 0.4265625 0.834375 0.4234375 0.8203125 0.4328125 0.815625 0.44375 0.815625 0.4625 0.8203125 0.453125 0.8328125 0.4453125
2 0.8515625 0.45625 0.846875 0.459375 0.821875 0.45625 0.81875 0.4625 0.8203125 0.46875 0.8234375 0.465625 0.8578125 0.465625 0.8515625 0.45625