3 0.040625 0.885938 0.960938 0.112500
3 0.120313 0.829688 0.867188 0.171875
3 0.339063 0.901563 0.651563 0.107813
3 0.515625 0.815625 0.484375 0.168750
3 0.589063 0.850000 0.403125 0.142187
3 0.726562 0.828125 0.262500 0.162500
3 0.848437 0.864062 0.159375 0.137500
5 0.720313 0.589063 0.284375 0.414062
5 0.601562 0.628125 0.404687 0.364063
5 0.529687 0.600000 0.496875 0.396875
5 0.376563 0.623437 0.637500 0.376563
5 0.140625 0.632812 0.856250 0.360938
2 0.121875 0.771875 0.870313 0.223438
2 0.354688 0.853125 0.648438 0.156250
2 0.610938 0.803125 0.406250 0.195312
2 0.728125 0.776563 0.276562 0.217188
1 0.296875 0.598437 0.696875 0.410938
1 0.395312 0.582812 0.610938 0.418750
1 0.593750 0.582812 0.414062 0.429688
1 0.481250 0.573438 0.528125 0.431250
1 0.657813 0.573438 0.356250 0.445312
1 0.125000 0.548438 0.867188 0.485938
0 0.354688 0.345313 0.643750 0.645312
0 0.298438 0.346875 0.676562 0.637500
0 0.517188 0.346875 0.484375 0.639062
0 0.492188 0.360938 0.492188 0.642188
0 0.095313 0.228125 0.892188 0.765625
