5 0.746875 0.210938 0.254688 0.220312
5 0.648438 0.290625 0.351562 0.295312
5 0.693750 0.492188 0.320312 0.485938
5 0.459375 0.779687 0.560937 0.778125
3 0.542188 0.812500 0.459375 0.801562
3 0.754687 0.309375 0.248438 0.298438
0 0.310937 0.753125 0.692187 0.739062
0 0.553125 0.334375 0.434375 0.339062
0 0.571875 0.292187 0.428125 0.303125
0 0.593750 0.251563 0.367188 0.256250
0 0.625000 0.198437 0.367188 0.207813
0 0.617188 0.529687 0.417187 0.525000
0 0.585938 0.509375 0.412500 0.518750
4 0.473437 0.768750 0.523438 0.765625
1 0.440625 0.762500 0.546875 0.760938
4 0.657813 0.457813 0.340625 0.450000
4 0.795312 0.159375 0.218750 0.170313
4 0.717187 0.285938 0.312500 0.281250
