5 0.501563 0.832812 0.509375 0.171875
5 0.487500 0.712500 0.495312 0.292187
5 0.425000 0.567187 0.428125 0.432812
3 0.256250 0.751563 0.243750 0.260937
3 0.160938 0.664062 0.165625 0.325000
3 0.185938 0.565625 0.171875 0.440625
3 0.176563 0.470313 0.171875 0.535937
1 0.229687 0.476562 0.235937 0.518750
1 0.248438 0.406250 0.237500 0.595313
1 0.475000 0.714063 0.468750 0.270313
0 0.884375 0.779687 0.868750 0.215625
0 0.885938 0.720313 0.876563 0.268750
0 0.884375 0.626563 0.881250 0.382812
0 0.884375 0.492188 0.882812 0.496875
4 0.292187 0.846875 0.303125 0.154688
4 0.273438 0.693750 0.287500 0.276562
4 0.218750 0.570312 0.243750 0.418750
