3 0.628125 0.837500 0.381250 0.160938
3 0.420312 0.837500 0.571875 0.176563
2 0.739062 0.821875 0.271875 0.178125
2 0.409375 0.757812 0.596875 0.242188
5 0.690625 0.687500 0.318750 0.325000
5 0.809375 0.714063 0.192188 0.279687
5 0.260938 0.721875 0.732812 0.285938
1 0.732812 0.457812 0.271875 0.546875
1 0.348437 0.482812 0.643750 0.514062
1 0.376563 0.457812 0.654687 0.573438
1 0.718750 0.409375 0.279687 0.582812
0 0.790625 0.096875 0.214062 0.915625
0 0.689063 0.096875 0.307812 0.906250
0 0.418750 0.223437 0.575000 0.781250
0 0.204688 0.134375 0.807813 0.848437
