3 0.132812 0.940625 0.159375 0.059375
3 0.203125 0.601562 0.195312 0.415625
3 0.167187 0.409375 0.171875 0.595313
3 0.185938 0.223437 0.225000 0.773438
2 0.237500 0.178125 0.221875 0.823438
2 0.184375 0.387500 0.190625 0.600000
1 0.535937 0.617188 0.537500 0.378125
1 0.529687 0.521875 0.517188 0.468750
1 0.451562 0.406250 0.450000 0.581250
1 0.437500 0.437500 0.443750 0.550000
5 0.307812 0.182813 0.315625 0.810937
5 0.314063 0.398438 0.323437 0.595313
5 0.265625 0.604688 0.267188 0.392188
5 0.412500 0.964063 0.431250 0.031250
