5 0.920312 0.426562 0.093750 0.571875
5 1.000000 0.454688 0.004687 0.545312
5 0.689063 0.462500 0.300000 0.562500
5 0.742188 0.487500 0.264062 0.514062
5 0.528125 0.617188 0.465625 0.407813
5 0.325000 0.662500 0.665625 0.346875
5 0.070312 0.543750 0.932813 0.457813
5 0.140625 0.679688 0.851562 0.351562
3 0.140625 0.879687 0.854688 0.134375
3 0.270312 0.737500 0.729688 0.250000
3 0.468750 0.715625 0.529687 0.276562
3 0.675000 0.735938 0.318750 0.251563
3 1.000000 0.722969 0.014063 0.281250
1 0.962500 0.368750 0.042188 0.626563
1 0.715625 0.407813 0.292187 0.565625
1 0.507812 0.459375 0.489063 0.535937
1 0.339063 0.493750 0.645312 0.518750
1 0.165625 0.450000 0.826562 0.600000
0 0.892188 0.176562 0.101562 0.820312
0 1.000000 0.140030 0.031250 0.840625
0 0.667188 0.153125 0.351562 0.829688
0 0.745313 0.187500 0.289062 0.806250
0 0.448438 0.167188 0.564063 0.818750
0 0.510938 0.228125 0.471875 0.771875
0 0.275000 0.139062 0.737500 0.848437
0 0.337500 0.165625 0.678125 0.829688
0 0.137500 0.104688 0.864062 0.898438
0 0.120313 0.165625 0.867188 0.821875
