3 0.839063 0.239063 0.171875 0.239063
3 0.821875 0.462500 0.179688 0.456250
3 0.917188 0.573438 0.115625 0.565625
3 0.781250 0.890625 0.231250 0.890625
3 0.782813 0.953125 0.257812 0.950000
2 0.626563 0.982812 0.373437 0.996875
2 0.668750 0.912500 0.343750 0.926562
2 0.792188 0.645312 0.207813 0.637500
2 0.623437 0.429688 0.379688 0.426563
2 0.703125 0.304688 0.276562 0.315625
1 0.857812 0.001563 0.164062 0.007812
1 0.337500 0.135937 0.667188 0.121875
5 0.226562 0.201563 0.781250 0.201563
5 0.670312 0.250000 0.334375 0.254688
5 0.734375 0.056250 0.276562 0.056250
5 0.315625 0.309375 0.703125 0.298438
5 0.568750 0.300000 0.457813 0.298438
5 0.406250 0.385937 0.650000 0.354687
5 0.357812 0.509375 0.635938 0.509375
5 0.309375 0.559375 0.714063 0.559375
5 0.610938 0.687500 0.403125 0.700000
5 0.593750 0.570312 0.478125 0.548438
5 0.451562 0.923438 0.557813 0.918750
5 0.464063 0.840625 0.537500 0.835938
1 0.703125 0.846875 0.306250 0.846875
