5 0.03125 0.7546875 0.05 0.746875 0.059375 0.7546875 0.0703125 0.75625 0.09375 0.746875 0.1 0.7546875 0.10625 0.7546875 0.103125 0.709375 0.1078125 0.703125 0.1140625 0.703125 0.1171875 0.7 0.1234375 0.671875 0.1234375 0.65 0.115625 0.615625 0.1109375 0.6046875 0.1015625 0.5953125 0.0875 0.590625 0.08125 0.584375 0.08125 0.571875 0.075 0.5625 0.0671875 0.559375 0.0484375 0.5609375 0.046875 0.5734375 0.0421875 0.5828125 0.01875 0.6046875 0.0109375 0.625 0.0109375 0.6796875 0.0171875 0.728125 0.0171875 0.7515625 0.03125 0.7546875
3 0.128125 0.6171875 0.128125 0.6765625 0.1234375 0.6953125 0.1234375 0.734375 0.1265625 0.7390625 0.1390625 0.7421875 0.14375 0.75 0.153125 0.7390625 0.1609375 0.7359375 0.1703125 0.7359375 0.2 0.728125 0.2234375 0.7296875 0.2328125 0.725 0.2421875 0.7125 0.2328125 0.6765625 0.23125 0.6515625 0.2234375 0.625 0.225 0.6203125 0.221875 0.6046875 0.2171875 0.6 0.2171875 0.5921875 0.2125 0.5859375 0.2125 0.58125 0.215625 0.5796875 0.23125 0.5890625 0.21875 0.578125 0.19375 0.5734375 0.1875 0.565625 0.184375 0.565625 0.1828125 0.5734375 0.171875 0.575 0.165625 0.58125 0.15625 0.5828125 0.1515625 0.590625 0.1359375 0.6015625 0.128125 0.6171875
5 0.34375 0.6671875 0.34375 0.6796875 0.3453125 0.68125 0.346875 0.728125 0.3484375 0.7296875 0.35 0.75625 0.35625 0.7734375 0.35625 0.78125 0.359375 0.7875 0.359375 0.7921875 0.365625 0.8078125 0.3734375 0.8078125 0.403125 0.7890625 0.428125 0.7703125 0.434375 0.7671875 0.4453125 0.765625 0.4484375 0.7625 0.44375 0.7328125 0.440625 0.728125 0.434375 0.709375 0.4328125 0.696875 0.428125 0.6859375 0.428125 0.675 0.425 0.66875 0.425 0.653125 0.421875 0.640625 0.409375 0.6234375 0.396875 0.6 0.390625 0.59375 0.3734375 0.5828125 0.35 0.5921875 0.3453125 0.603125 0.340625 0.6078125 0.3375 0.6171875 0.3375 0.625 0.3421875 0.6328125 0.340625 0.659375 0.34375 0.6671875
5 0.4015625 0.603125 0.4140625 0.628125 0.4234375 0.6375 0.428125 0.6546875 0.428125 0.66875 0.434375 0.6953125 0.4375 0.6984375 0.4421875 0.6984375 0.4578125 0.6828125 0.4640625 0.6875 0.4640625 0.6765625 0.4609375 0.6703125 0.4609375 0.6640625 0.453125 0.6375 0.4484375 0.6296875 0.45 0.61875 0.4421875 0.5796875 0.4375 0.565625 0.4296875 0.553125 0.409375 0.534375 0.403125 0.5234375 0.3984375 0.5203125 0.3921875 0.5203125 0.3875 0.521875 0.384375 0.5265625 0.3828125 0.540625 0.375 0.5625 0.3765625 0.58125 0.3796875 0.5859375 0.3875 0.5890625 0.4015625 0.603125
3 0.0796875 0.5625 0.084375 0.5578125 0.0875 0.5484375 0.0859375 0.53125 0.078125 0.5171875 0.065625 0.5125 0.0515625 0.5203125 0.0453125 0.534375 0.04375 0.55 0.046875 0.5578125 0.05 0.559375 0.0515625 0.5578125 0.06875 0.5578125 0.0796875 0.5625
5 0.196875 0.5546875 0.1921875 0.54375 0.1796875 0.5359375 0.1671875 0.5375 0.1546875 0.55625 0.1546875 0.571875 0.1734375 0.559375 0.1859375 0.5609375 0.1953125 0.5671875 0.196875 0.5546875
3 0.33125 0.621875 0.3453125 0.596875 0.34375 0.5703125 0.340625 0.559375 0.3328125 0.5515625 0.315625 0.55 0.309375 0.553125 0.3 0.565625 0.2984375 0.59375 0.3046875 0.60625 0.303125 0.6125 0.3078125 0.61875 0.3171875 0.6125 0.33125 0.621875
3 0.3796875 0.5171875 0.3796875 0.5125 0.375 0.503125 0.3640625 0.496875 0.35 0.4984375 0.3390625 0.515625 0.3390625 0.540625 0.34375 0.55 0.3453125 0.559375 0.3515625 0.5578125 0.359375 0.5515625 0.3796875 0.5171875
1 0.3078125 0.721875 0.3125 0.721875 0.315625 0.703125 0.3109375 0.696875 0.3046875 0.6953125 0.296875 0.703125 0.3078125 0.721875
0 0.4640625 0.959375 0.453125 0.95 0.43125 0.9515625 0.4390625 0.975 0.4625 0.9703125 0.4640625 0.959375
0 0.5140625 0.915625 0.5078125 0.90625 0.4890625 0.91875 0.4765625 0.91875 0.471875 0.921875 0.46875 0.940625 0.471875 0.9515625 0.4828125 0.9515625 0.5125 0.925 0.5140625 0.915625
2 0.35625 0.559375 0.3671875 0.5671875 0.371875 0.565625 0.378125 0.5484375 0.375 0.5328125 0.35625 0.5546875 0.35625 0.559375
5 0.8671875 0.23125 0.8625 0.2296875 0.859375 0.2390625 0.8609375 0.3171875 0.8671875 0.321875 0.88125 0.3203125 0.8890625 0.3125 0.890625 0.3015625 0.878125 0.24375 0.8671875 0.23125