3 0.2578125 0.6 0.2578125 0.590625 0.253125 0.571875 0.2421875 0.5625 0.228125 0.5640625 0.21875 0.5828125 0.2203125 0.596875 0.2546875 0.603125 0.2578125 0.6
3 0.2796875 0.640625 0.2796875 0.6265625 0.275 0.615625 0.2640625 0.6125 0.2546875 0.6140625 0.246875 0.6296875 0.2484375 0.6359375 0.26875 0.6375 0.2796875 0.640625
3 0.60625 0.6125 0.634375 0.6 0.634375 0.575 0.628125 0.5609375 0.621875 0.55625 0.6078125 0.5578125 0.5984375 0.571875 0.596875 0.6 0.60625 0.6125
3 0.7375 0.671875 0.765625 0.6625 0.7640625 0.653125 0.7578125 0.64375 0.7546875 0.6421875 0.7421875 0.64375 0.7375 0.65625 0.7375 0.671875
3 0.8 0.653125 0.7875 0.6546875 0.784375 0.6765625 0.809375 0.6734375 0.8078125 0.6640625 0.8 0.653125
3 0.0625 0.6296875 0.059375 0.6234375 0.05 0.621875 0.0390625 0.6265625 0.0359375 0.6390625 0.0578125 0.6484375 0.0625 0.646875 0.0625 0.6296875
0 0 0.9123046875 0.0234375 0.909375 0.0171875 0.9015625 0 0.9015625 0 0.9123046875
0 0.1203125 0.946875 0.15 0.94375 0.1578125 0.9359375 0.159375 0.928125 0.146875 0.9265625 0.11875 0.9390625 0.1171875 0.94375 0.1203125 0.946875
0 0.0859375 0.928125 0.0671875 0.93125 0.0546875 0.9265625 0.0484375 0.9421875 0.0625 0.9453125 0.084375 0.9390625 0.0875 0.93125 0.0859375 0.928125
0 0.1828125 0.9859375 0.19375 0.984375 0.1953125 0.975 0.190625 0.965625 0.1640625 0.953125 0.1625 0.9640625 0.171875 0.9765625 0.171875 0.9796875 0.1828125 0.9859375
0 0.1859375 0.9875 0.184375 0.9828125 0.16875 0.9734375 0.1625 0.9625 0.1515625 0.9625 0.15 0.975 0.1640625 0.990625 0.175 0.9921875 0.1859375 0.9875
0 0.2609375 0.9703125 0.29375 0.9703125 0.303125 0.965625 0.303125 0.9578125 0.2890625 0.95 0.2609375 0.9515625 0.25625 0.965625 0.2609375 0.9703125
0 0.253125 0.9375 0.2390625 0.934375 0.2328125 0.9375 0.23125 0.953125 0.253125 0.9515625 0.25625 0.946875 0.253125 0.9375
0 0.7671875 0.9140625 0.7953125 0.9140625 0.796875 0.90625 0.775 0.903125 0.7671875 0.9140625
0 0.7953125 0.903125 0.7765625 0.9 0.765625 0.8890625 0.7578125 0.896875 0.7515625 0.8984375 0.759375 0.9109375 0.7734375 0.915625 0.796875 0.9109375 0.7953125 0.903125
0 0.8 0.890625 0.8171875 0.896875 0.80625 0.8796875 0.8 0.890625
1 0.83125 0.775 0.828125 0.7859375 0.8359375 0.7953125 0.8375 0.784375 0.83125 0.775
1 0.740625 0.778125 0.75 0.7734375 0.753125 0.76875 0.753125 0.7515625 0.7484375 0.740625 0.734375 0.746875 0.7328125 0.7609375 0.7296875 0.76875 0.740625 0.778125
2 0.05 0.659375 0.0546875 0.6640625 0.059375 0.65625 0.059375 0.6484375 0.0375 0.640625 0.034375 0.64375 0.03125 0.659375 0.034375 0.6625 0.05 0.659375
2 0.2203125 0.609375 0.221875 0.6140625 0.2484375 0.61875 0.253125 0.6109375 0.2203125 0.609375