0 0.165625 0.260937 0.857812 0.250000
0 0.115625 0.293750 0.884375 0.314063
0 0.164062 0.379688 0.839063 0.371875
0 0.178125 0.406250 0.829688 0.395313
0 0.170312 0.329688 0.834375 0.337500
0 0.200000 0.478125 0.796875 0.471875
0 0.168750 0.523438 0.829688 0.507812
0 0.153125 0.600000 0.848437 0.614062
0 0.203125 0.585938 0.826562 0.581250
0 0.139062 0.648438 0.856250 0.656250
0 0.153125 0.681250 0.876563 0.679688
0 0.196875 0.712500 0.832812 0.706250
0 0.204688 0.768750 0.775000 0.764062
0 0.121875 0.820312 0.854688 0.820312
0 0.156250 0.862500 0.843750 0.854688
0 0.162500 0.862500 0.842187 0.865625
0 0.214063 0.820312 0.828125 0.817187
5 0.481250 0.789062 0.521875 0.795312
5 0.495313 0.670312 0.446875 0.659375
5 0.387500 0.765625 0.607812 0.770312
5 0.489062 0.571875 0.456250 0.573438
5 0.370313 0.479687 0.634375 0.482812
5 0.525000 0.379688 0.475000 0.376563
5 0.350000 0.257812 0.662500 0.257812
5 0.414062 0.160938 0.607812 0.160938
1 0.546875 0.220312 0.454688 0.210938
1 0.410937 0.465625 0.590625 0.456250
1 0.384375 0.546875 0.643750 0.543750
1 0.440625 0.831250 0.560937 0.835938
1 0.442187 0.896875 0.562500 0.892188
2 0.634375 0.750000 0.364063 0.726562
3 0.634375 0.853125 0.351562 0.853125
3 0.687500 0.693750 0.309375 0.687500
3 0.684375 0.721875 0.323437 0.714063
3 0.692187 0.853125 0.296875 0.840625
3 0.610938 0.615625 0.404687 0.617188
3 0.621875 0.528125 0.359375 0.526563
3 0.589063 0.462500 0.410938 0.468750
3 0.700000 0.400000 0.292187 0.392188
3 0.637500 0.356250 0.345313 0.342187
3 0.575000 0.237500 0.403125 0.234375
3 0.598437 0.298438 0.387500 0.282813
