0 0.134375 0.251563 0.867188 0.260937
0 0.121875 0.315625 0.857812 0.306250
0 0.134375 0.360938 0.878125 0.360938
0 0.125000 0.396875 0.882812 0.401562
0 0.165625 0.353125 0.823438 0.354687
0 0.201562 0.451562 0.820312 0.448437
0 0.145312 0.495312 0.871875 0.495312
0 0.154687 0.618750 0.814063 0.615625
0 0.168750 0.595313 0.800000 0.600000
0 0.159375 0.662500 0.814063 0.667188
0 0.121875 0.703125 0.850000 0.703125
0 0.160937 0.707812 0.839063 0.715625
0 0.232812 0.759375 0.751563 0.760938
0 0.157813 0.814063 0.848437 0.801562
0 0.150000 0.848437 0.876563 0.846875
0 0.156250 0.871875 0.831250 0.881250
0 0.171875 0.826562 0.789062 0.834375
5 0.481250 0.807813 0.520312 0.826562
5 0.556250 0.654687 0.437500 0.653125
5 0.403125 0.773438 0.564063 0.773438
5 0.542188 0.567187 0.468750 0.554688
5 0.360938 0.482812 0.643750 0.478125
5 0.529687 0.371875 0.451562 0.362500
5 0.326562 0.253125 0.671875 0.246875
5 0.376563 0.154688 0.662500 0.153125
1 0.535937 0.204687 0.512500 0.201563
1 0.395312 0.456250 0.631250 0.460938
1 0.321875 0.546875 0.678125 0.551562
1 0.451562 0.837500 0.532813 0.853125
1 0.403125 0.896875 0.607812 0.895312
2 0.631250 0.721875 0.379688 0.728125
3 0.665625 0.848437 0.321875 0.839063
3 0.689063 0.678125 0.323437 0.665625
3 0.665625 0.709375 0.360938 0.710938
3 0.703125 0.831250 0.301563 0.825000
3 0.603125 0.621875 0.385937 0.621875
3 0.656250 0.521875 0.329688 0.509375
3 0.595313 0.471875 0.382812 0.471875
3 0.710938 0.384375 0.292187 0.368750
3 0.654687 0.335938 0.357812 0.321875
3 0.620313 0.217188 0.381250 0.206250
3 0.610938 0.268750 0.404687 0.257812
