3 0.632812 0.717187 0.375000 0.287500
3 0.367188 0.718750 0.617188 0.278125
3 0.301562 0.665625 0.698438 0.354687
2 0.393750 0.687500 0.603125 0.321875
5 0.392188 0.618750 0.607812 0.362500
5 0.714063 0.617188 0.282813 0.382812
5 0.250000 0.623437 0.754687 0.375000
1 0.257812 0.376563 0.740625 0.632812
1 0.312500 0.476562 0.689063 0.507812
1 0.431250 0.462500 0.579688 0.512500
1 0.650000 0.431250 0.345313 0.553125
1 0.828125 0.567187 0.178125 0.420312
0 0.093750 0.210938 0.910937 0.790625
0 0.185937 0.192187 0.839063 0.804688
0 0.345313 0.301562 0.646875 0.687500
0 0.400000 0.310937 0.589063 0.689063
0 0.621875 0.267188 0.359375 0.742188
0 0.760938 0.195312 0.257812 0.804688
