3 0.281250 0.785937 0.281250 0.195312
3 0.189062 0.704688 0.178125 0.296875
3 0.187500 0.675000 0.171875 0.318750
3 0.220312 0.581250 0.218750 0.439063
3 0.209375 0.479688 0.206250 0.521875
3 0.295312 0.454688 0.281250 0.554688
5 0.478125 0.460938 0.473438 0.539062
5 0.456250 0.439063 0.435937 0.570312
5 0.300000 0.239062 0.293750 0.756250
5 0.262500 0.137500 0.250000 0.871875
5 0.231250 0.043750 0.242188 0.953125
5 0.321875 0.560937 0.309375 0.445312
5 0.317188 0.709375 0.298438 0.275000
5 0.267188 0.670312 0.256250 0.320312
5 0.456250 0.895312 0.475000 0.103125
1 0.667188 0.781250 0.664062 0.221875
1 0.271875 0.934375 0.267188 0.059375
1 0.342187 0.673438 0.331250 0.328125
1 0.348438 0.595313 0.328125 0.398438
1 0.307812 0.540625 0.320312 0.451562
2 0.298438 0.456250 0.301563 0.528125
2 0.221875 0.579688 0.225000 0.437500
2 0.220312 0.485938 0.210938 0.518750
0 0.445312 0.676562 0.445312 0.334375
0 0.870313 0.901563 0.862500 0.096875
0 0.740625 0.481250 0.735938 0.526563
0 0.746875 0.448438 0.750000 0.557813
0 0.403125 0.184375 0.398438 0.825000
0 0.382812 0.165625 0.404687 0.831250
1 0.306250 0.231250 0.287500 0.767188
1 0.340625 0.231250 0.331250 0.776563
1 0.275000 0.190625 0.289062 0.812500
1 0.310937 0.132812 0.300000 0.870313
1 0.226562 0.093750 0.231250 0.914062
1 0.339062 0.051562 0.321875 0.951562
2 0.198437 0.718750 0.195312 0.293750
2 0.200000 0.675000 0.195312 0.323437
2 0.221875 0.234375 0.215625 0.760938
2 0.239063 0.054688 0.234375 0.956250
5 0.248438 0.498437 0.229687 0.498437
3 0.217188 0.234375 0.212500 0.768750
3 0.189062 0.129687 0.185938 0.873437
3 0.228125 0.045312 0.218750 0.962500
0 0.907813 0.832812 0.909375 0.215625
0 0.473438 0.579688 0.471875 0.406250
0 0.482812 0.606250 0.473438 0.390625
0 0.468750 0.506250 0.465625 0.478125
1 0.368750 0.582812 0.373437 0.440625
1 0.496875 0.453125 0.496875 0.557813
