5 0.531250 0.103125 0.492188 0.104688
5 0.454688 0.000000 0.545312 0.004687
5 0.537500 0.342187 0.504687 0.329688
5 0.604688 0.250000 0.451562 0.248438
5 0.645312 0.484375 0.359375 0.479687
5 0.648438 0.682813 0.346875 0.682813
5 0.595313 0.954688 0.415625 0.946875
5 0.759375 0.887500 0.265625 0.870313
3 0.912500 0.882812 0.092188 0.873437
3 0.751563 0.676562 0.245312 0.687500
3 0.709375 0.473438 0.292187 0.478125
3 0.710938 0.320312 0.292187 0.326562
3 0.722969 0.000000 0.281250 0.014063
1 0.370313 0.021875 0.635938 0.021875
1 0.400000 0.259375 0.600000 0.262500
1 0.426562 0.471875 0.575000 0.484375
1 0.457812 0.654687 0.540625 0.660937
1 0.504687 0.864062 0.518750 0.839063
0 0.131250 0.071875 0.868750 0.090625
0 0.140030 0.000000 0.840625 0.031250
0 0.168750 0.307812 0.843750 0.296875
0 0.209375 0.257812 0.800000 0.235937
0 0.168750 0.509375 0.835938 0.509375
0 0.198438 0.482812 0.801562 0.496875
0 0.148438 0.681250 0.862500 0.676562
0 0.187500 0.659375 0.817187 0.637500
0 0.143750 0.940625 0.854688 0.918750
0 0.135938 0.896875 0.857812 0.907813
