3 0.807813 0.685937 0.203125 0.325000
3 0.703125 0.821875 0.292187 0.162500
3 0.675000 0.812500 0.318750 0.171875
3 0.560937 0.781250 0.443750 0.212500
3 0.478125 0.793750 0.515625 0.184375
3 0.495313 0.731250 0.498437 0.276562
5 0.496875 0.517188 0.515625 0.489063
5 0.500000 0.651563 0.495312 0.365625
5 0.278125 0.678125 0.734375 0.331250
5 0.175000 0.725000 0.826562 0.278125
5 0.057813 0.692187 0.950000 0.307812
5 0.607812 0.718750 0.400000 0.293750
5 0.743750 0.723437 0.254688 0.306250
5 0.703125 0.703125 0.318750 0.318750
5 0.925000 0.657813 0.076563 0.365625
1 0.801562 0.401563 0.204687 0.610938
1 0.940625 0.682813 0.065625 0.323437
1 0.673438 0.657813 0.328125 0.331250
1 0.595313 0.651563 0.398438 0.328125
1 0.537500 0.689063 0.459375 0.307812
2 0.456250 0.701562 0.528125 0.301563
2 0.579688 0.778125 0.437500 0.225000
2 0.485938 0.779687 0.518750 0.210938
0 0.665625 0.570312 0.325000 0.431250
0 0.940625 0.221875 0.059375 0.803125
0 0.504687 0.300000 0.484375 0.714063
0 0.440625 0.320312 0.554688 0.692187
0 0.178125 0.615625 0.812500 0.393750
0 0.157813 0.617188 0.834375 0.382812
1 0.242188 0.715625 0.756250 0.295312
1 0.225000 0.689063 0.768750 0.320312
1 0.190625 0.725000 0.812500 0.289062
1 0.132812 0.689063 0.870313 0.300000
1 0.093750 0.773438 0.914062 0.231250
1 0.056250 0.681250 0.939063 0.328125
2 0.718750 0.801562 0.293750 0.195312
2 0.675000 0.800000 0.323437 0.195312
2 0.234375 0.778125 0.760938 0.215625
2 0.054688 0.760938 0.956250 0.234375
5 0.525000 0.710938 0.476562 0.296875
3 0.231250 0.787500 0.762500 0.190625
3 0.126563 0.814063 0.875000 0.171875
3 0.045312 0.771875 0.962500 0.218750
0 0.789062 0.125000 0.203125 0.881250
0 0.579688 0.526563 0.406250 0.471875
0 0.606250 0.517188 0.390625 0.473438
0 0.535937 0.528125 0.487500 0.471875
1 0.559375 0.645312 0.421875 0.359375
1 0.442187 0.503125 0.575000 0.471875
