3 0.564063 0.771875 0.582812 0.218750
3 0.614062 0.745313 0.629687 0.246875
3 0.556250 0.378125 0.557813 0.607812
3 0.642188 0.245313 0.643750 0.742188
3 0.664062 0.192187 0.653125 0.800000
3 0.639062 0.964063 0.648438 0.057813
0 0.912305 1.000000 0.909375 0.023438
0 0.926562 0.853125 0.939063 0.118750
0 0.945312 0.937500 0.939063 0.084375
0 0.953125 0.835938 0.964063 0.162500
0 0.962500 0.848437 0.975000 0.150000
0 0.950000 0.710938 0.951562 0.260937
0 0.951562 0.746875 0.946875 0.256250
0 0.914062 0.232812 0.914062 0.795312
0 0.898438 0.248437 0.910937 0.759375
0 0.896875 0.182813 0.879687 0.806250
1 0.775000 0.168750 0.785937 0.828125
1 0.740625 0.251563 0.746875 0.734375
2 0.640625 0.962500 0.643750 0.034375
2 0.609375 0.779687 0.614062 0.221875
