3 0.867188 0.059375 0.159375 0.059375
3 0.796875 0.398438 0.195312 0.415625
3 0.832812 0.590625 0.171875 0.595313
3 0.814063 0.776563 0.225000 0.773438
2 0.762500 0.821875 0.221875 0.823438
2 0.815625 0.612500 0.190625 0.600000
1 0.464063 0.382812 0.537500 0.378125
1 0.470313 0.478125 0.517188 0.468750
1 0.548438 0.593750 0.450000 0.581250
1 0.562500 0.562500 0.443750 0.550000
5 0.692187 0.817187 0.315625 0.810937
5 0.685937 0.601562 0.323437 0.595313
5 0.734375 0.395313 0.267188 0.392188
5 0.587500 0.035937 0.431250 0.031250
