3 0.234375 0.820312 0.240625 0.207813
3 0.228125 0.673438 0.226562 0.331250
3 0.185938 0.629687 0.157812 0.362500
3 0.281250 0.618750 0.260937 0.373437
3 0.253125 0.578125 0.253125 0.425000
3 0.165625 0.528125 0.164062 0.464062
3 0.287500 0.500000 0.281250 0.498437
3 0.240625 0.445312 0.232813 0.546875
3 0.239063 0.406250 0.209375 0.595313
3 0.262500 0.390625 0.253125 0.621875
3 0.214062 0.429688 0.203125 0.565625
3 0.564063 0.567187 0.562500 0.431250
3 0.559375 0.468750 0.542188 0.529687
3 0.582812 0.359375 0.579688 0.643750
3 0.617188 0.290625 0.620313 0.718750
3 0.278125 0.076562 0.275000 0.939063
3 0.243750 0.125000 0.248438 0.890625
3 0.282813 0.218750 0.282813 0.785937
3 0.232813 0.256250 0.240625 0.734375
3 0.281250 0.273438 0.279687 0.728125
3 0.181250 0.300000 0.181250 0.689063
3 0.709375 0.703125 0.690625 0.304688
2 0.243750 0.796875 0.245312 0.185938
2 0.193750 0.634375 0.190625 0.354687
2 0.243750 0.550000 0.239063 0.453125
2 0.246875 0.321875 0.243750 0.682813
2 0.296875 0.054688 0.279687 0.942187
1 0.562500 0.706250 0.587500 0.296875
0 0.881250 0.829688 0.876563 0.162500
0 0.900000 0.762500 0.879687 0.210938
0 0.967187 0.698438 0.956250 0.301563
0 0.889062 0.728125 0.892188 0.275000
0 0.859375 0.676562 0.850000 0.323437
0 0.973437 0.628125 0.996875 0.371875
0 0.996875 0.512500 0.968750 0.484375
5 0.432812 0.834375 0.456250 0.164062
5 0.539062 0.710938 0.525000 0.310937
5 0.335938 0.667188 0.326562 0.332813
5 0.515625 0.664062 0.562500 0.346875
5 0.292187 0.662500 0.257812 0.346875
5 0.512500 0.554688 0.526563 0.456250
5 0.529687 0.471875 0.532813 0.531250
5 0.364063 0.390625 0.362500 0.610938
5 0.440625 0.317187 0.489063 0.676562
5 0.437500 0.228125 0.435937 0.770312
5 0.668750 0.071875 0.671875 0.945312
5 0.464062 0.131250 0.515625 0.870313
5 0.695312 0.301562 0.701562 0.685937
5 0.646875 0.401563 0.640625 0.596875
5 0.748437 0.490625 0.712500 0.503125
5 0.809375 0.584375 0.792188 0.425000
5 0.771875 0.620313 0.782813 0.385937
