3 0.370312 0.834375 0.351562 0.165625
5 0.540703 1.000000 0.571875 0.029687
3 0.617188 0.703125 0.607812 0.295312
2 0.625000 0.726562 0.635938 0.256250
5 0.406250 0.623437 0.420312 0.368750
3 0.281250 0.501563 0.285938 0.515625
3 0.382812 0.375000 0.353125 0.612500
5 0.590625 0.350000 0.589063 0.651563
1 0.607812 0.315625 0.598437 0.701562
1 0.360938 0.226562 0.367188 0.773438
5 0.242188 0.157813 0.268750 0.842187
5 0.210938 0.271875 0.217188 0.725000
3 0.198437 0.393750 0.204687 0.609375
2 0.268750 0.340625 0.267188 0.687500
