3 0.368750 0.868750 0.381250 0.139063
5 0.540703 1.000000 0.571875 0.029687
3 0.615625 0.748437 0.637500 0.251563
2 0.654687 0.742188 0.651563 0.265625
5 0.360938 0.581250 0.373437 0.401562
3 0.275000 0.526563 0.282813 0.473438
3 0.365625 0.426562 0.400000 0.581250
5 0.510938 0.420312 0.525000 0.590625
1 0.604688 0.326562 0.614062 0.668750
1 0.301563 0.232812 0.326562 0.762500
5 0.198437 0.160937 0.218750 0.839063
5 0.153125 0.285937 0.164062 0.720313
3 0.134375 0.385938 0.157812 0.606250
2 0.218750 0.335938 0.223438 0.664062
