3 0.885938 0.959375 0.112500 0.960938
3 0.829688 0.879687 0.171875 0.867188
3 0.901563 0.660937 0.107813 0.651563
3 0.815625 0.484375 0.168750 0.484375
3 0.850000 0.410938 0.142187 0.403125
3 0.828125 0.273438 0.162500 0.262500
3 0.864062 0.151562 0.137500 0.159375
5 0.589063 0.279687 0.414062 0.284375
5 0.628125 0.398438 0.364063 0.404687
5 0.600000 0.470313 0.396875 0.496875
5 0.623437 0.623437 0.376563 0.637500
5 0.632812 0.859375 0.360938 0.856250
2 0.771875 0.878125 0.223438 0.870313
2 0.853125 0.645312 0.156250 0.648438
2 0.803125 0.389062 0.195312 0.406250
2 0.776563 0.271875 0.217188 0.276562
1 0.598437 0.703125 0.410938 0.696875
1 0.582812 0.604688 0.418750 0.610938
1 0.582812 0.406250 0.429688 0.414062
1 0.573438 0.518750 0.431250 0.528125
1 0.573438 0.342187 0.445312 0.356250
1 0.548438 0.875000 0.485938 0.867188
0 0.345313 0.645312 0.645312 0.643750
0 0.346875 0.701562 0.637500 0.676562
0 0.346875 0.482812 0.639062 0.484375
0 0.360938 0.507812 0.642188 0.492188
0 0.228125 0.904687 0.765625 0.892188
