2 0.899219 0.902344 0.001563 0.010937
5 0.964063 0.745313 0.040625 0.259375
0 0.928125 0.556250 0.089063 0.442188
0 0.907813 0.560937 0.092188 0.428125
0 0.376563 0.132812 0.615625 0.870313
0 0.603125 0.223437 0.420312 0.790625
5 0.450000 0.895312 0.550000 0.109375
5 0.195312 0.843750 0.792188 0.162500
5 0.137500 0.703125 0.889062 0.296875
0 0.203125 0.543750 0.817187 0.450000
0 0.156250 0.559375 0.829688 0.440625
0 0.117188 0.539062 0.879687 0.470313
0 0.121875 0.526563 0.881250 0.459375
1 0.151563 0.710938 0.846875 0.271875
1 0.206250 0.740625 0.798438 0.248438
2 0.126563 0.846875 0.893750 0.153125
