0 0.739062 0.165625 0.250000 0.857812
0 0.706250 0.115625 0.314063 0.884375
0 0.620313 0.164062 0.371875 0.839063
0 0.593750 0.178125 0.395313 0.829688
0 0.670312 0.170312 0.337500 0.834375
0 0.521875 0.200000 0.471875 0.796875
0 0.476562 0.168750 0.507812 0.829688
0 0.400000 0.153125 0.614062 0.848437
0 0.414062 0.203125 0.581250 0.826562
0 0.351562 0.139062 0.656250 0.856250
0 0.318750 0.153125 0.679688 0.876563
0 0.287500 0.196875 0.706250 0.832812
0 0.231250 0.204688 0.764062 0.775000
0 0.179688 0.121875 0.820312 0.854688
0 0.137500 0.156250 0.854688 0.843750
0 0.137500 0.162500 0.865625 0.842187
0 0.179688 0.214063 0.817187 0.828125
5 0.210938 0.481250 0.795312 0.521875
5 0.329688 0.495313 0.659375 0.446875
5 0.234375 0.387500 0.770312 0.607812
5 0.428125 0.489062 0.573438 0.456250
5 0.520312 0.370313 0.482812 0.634375
5 0.620313 0.525000 0.376563 0.475000
5 0.742188 0.350000 0.257812 0.662500
5 0.839063 0.414062 0.160938 0.607812
1 0.779687 0.546875 0.210938 0.454688
1 0.534375 0.410937 0.456250 0.590625
1 0.453125 0.384375 0.543750 0.643750
1 0.168750 0.440625 0.835938 0.560937
1 0.103125 0.442187 0.892188 0.562500
2 0.250000 0.634375 0.726562 0.364063
3 0.146875 0.634375 0.853125 0.351562
3 0.306250 0.687500 0.687500 0.309375
3 0.278125 0.684375 0.714063 0.323437
3 0.146875 0.692187 0.840625 0.296875
3 0.384375 0.610938 0.617188 0.404687
3 0.471875 0.621875 0.526563 0.359375
3 0.537500 0.589063 0.468750 0.410938
3 0.600000 0.700000 0.392188 0.292187
3 0.643750 0.637500 0.342187 0.345313
3 0.762500 0.575000 0.234375 0.403125
3 0.701562 0.598437 0.282813 0.387500
