3 0.671875 0.214062 0.337500 0.210938
3 0.709375 0.404687 0.304688 0.404687
3 0.746875 0.546875 0.264062 0.540625
2 0.637500 0.253125 0.362500 0.246875
2 0.615625 0.453125 0.379688 0.465625
2 0.645312 0.553125 0.353125 0.542188
1 0.096875 0.584375 0.926562 0.585938
1 0.093750 0.548438 0.917188 0.557813
5 0.351562 0.156250 0.653125 0.145313
5 0.554688 0.204687 0.450000 0.207813
5 0.206250 0.367188 0.801562 0.370312
5 0.515625 0.368750 0.537500 0.367188
5 0.510938 0.460938 0.535937 0.450000
5 0.453125 0.687500 0.562500 0.679688
5 0.485938 0.579688 0.518750 0.579688
