5 0.832812 0.498437 0.171875 0.509375
5 0.712500 0.512500 0.292187 0.495312
5 0.567187 0.575000 0.432812 0.428125
3 0.751563 0.743750 0.260937 0.243750
3 0.664062 0.839063 0.325000 0.165625
3 0.565625 0.814063 0.440625 0.171875
3 0.470313 0.823438 0.535937 0.171875
1 0.476562 0.770312 0.518750 0.235937
1 0.406250 0.751563 0.595313 0.237500
1 0.714063 0.525000 0.270313 0.468750
0 0.779687 0.115625 0.215625 0.868750
0 0.720313 0.114062 0.268750 0.876563
0 0.626563 0.115625 0.382812 0.881250
0 0.492188 0.115625 0.496875 0.882812
4 0.846875 0.707812 0.154688 0.303125
4 0.693750 0.726562 0.276562 0.287500
4 0.570312 0.781250 0.418750 0.243750
