3 1.000000 0.723021 0.021875 0.282813
3 0.679688 0.710938 0.326562 0.292187
3 0.470313 0.709375 0.531250 0.287500
3 0.281250 0.746875 0.729688 0.265625
3 0.145312 0.865625 0.856250 0.157812
5 0.909375 0.464063 0.085938 0.542188
5 1.000000 0.455903 0.012500 0.546875
5 0.742188 0.485938 0.265625 0.515625
5 0.523438 0.625000 0.470313 0.385937
5 0.335938 0.650000 0.662500 0.381250
0 1.000000 0.138565 0.032813 0.839063
0 0.901563 0.195312 0.089063 0.804688
0 0.693750 0.214063 0.287500 0.789062
0 0.681250 0.148438 0.332813 0.846875
0 0.501563 0.198438 0.514062 0.796875
0 0.435937 0.181250 0.567187 0.789062
0 0.350000 0.167188 0.667188 0.832812
0 0.275000 0.140625 0.737500 0.846875
0 0.092187 0.145312 0.895312 0.839063
0 0.021875 0.132812 0.976562 0.862500
1 0.964063 0.357812 0.043750 0.643750
1 0.709375 0.360938 0.290625 0.632812
1 0.489062 0.384375 0.521875 0.606250
1 0.320312 0.429688 0.685937 0.565625
1 0.173438 0.385938 0.831250 0.615625
4 0.114062 0.781250 0.890625 0.234375
4 0.056250 0.248437 0.942187 0.710938
2 0.121875 0.825000 0.881250 0.170313
4 0.315625 0.664062 0.673438 0.339062
4 0.515625 0.653125 0.481250 0.354687
4 0.750000 0.639062 0.248438 0.446875
4 0.932813 0.140625 0.068750 0.865625
4 1.000000 0.140938 0.006250 0.857812
4 1.000000 0.492578 0.004687 0.515625
