3 0.800000 0.543750 0.198437 0.464062
2 0.715625 0.515625 0.284375 0.476562
2 0.623437 0.390625 0.418750 0.607812
2 0.501563 0.510938 0.507812 0.476562
2 0.293750 0.529687 0.709375 0.473438
3 0.292188 0.617188 0.700000 0.396875
3 0.518750 0.585938 0.476562 0.429688
3 0.645312 0.410937 0.364063 0.587500
5 0.848437 0.428125 0.165625 0.564063
5 0.660937 0.298438 0.339062 0.725000
5 0.479688 0.390625 0.504687 0.660937
5 0.164062 0.145312 0.826562 0.867188
5 0.221875 0.428125 0.768750 0.600000
1 0.306250 0.045312 0.698438 0.959375
1 0.420312 0.073438 0.578125 0.971875
1 0.878125 0.017188 0.125000 0.996875
1 0.646875 0.032813 0.331250 0.970313
