3 0.725000 0.870313 0.285938 0.129688
3 0.551562 0.831250 0.456250 0.170313
3 0.662500 0.685937 0.342187 0.334375
3 0.418750 0.856250 0.565625 0.132812
3 0.381250 0.723437 0.639062 0.284375
3 0.192187 0.756250 0.810937 0.221875
3 0.914062 0.818750 0.085938 0.171875
3 0.900000 0.754687 0.118750 0.237500
3 0.862500 0.857812 0.148438 0.146875
3 0.817187 0.860938 0.176563 0.132812
3 0.793750 0.853125 0.214062 0.148438
3 0.537500 0.839063 0.470313 0.162500
3 0.517188 0.845313 0.492188 0.157812
5 0.982812 0.795312 0.015625 0.217188
5 0.882812 0.690625 0.115625 0.312500
5 0.856250 0.815625 0.154688 0.179688
5 0.831250 0.801562 0.173437 0.204687
5 0.770312 0.739062 0.210938 0.268750
5 0.762500 0.742188 0.240625 0.256250
5 0.598437 0.778125 0.392188 0.235937
5 0.462500 0.795312 0.540625 0.212500
5 0.300000 0.709375 0.698438 0.292187
5 0.146875 0.731250 0.868750 0.284375
5 0.526563 0.828125 0.468750 0.162500
5 0.521875 0.832812 0.476562 0.207813
1 0.617188 0.717187 0.373437 0.282813
1 0.554688 0.670312 0.448437 0.312500
1 0.464063 0.762500 0.532813 0.245312
1 0.385938 0.753125 0.604688 0.234375
1 0.715625 0.521875 0.278125 0.450000
1 0.885938 0.684375 0.103125 0.325000
1 0.881250 0.671875 0.114062 0.343750
0 0.929688 0.653125 0.054688 0.350000
0 0.918750 0.662500 0.070312 0.342187
0 0.779687 0.295312 0.207813 0.698438
0 0.717187 0.360938 0.279687 0.635938
0 0.671875 0.478125 0.326562 0.517188
0 0.600000 0.540625 0.409375 0.478125
0 0.567187 0.548438 0.425000 0.451562
1 0.698438 0.525000 0.284375 0.460938
2 0.550000 0.828125 0.450000 0.162500
1 0.525000 0.784375 0.476562 0.221875
1 0.501563 0.778125 0.501563 0.221875
0 0.525000 0.725000 0.479687 0.273438
0 0.512500 0.729688 0.003125 0.012500
2 0.427344 0.827344 0.014063 0.007812
0 0.451562 0.610938 0.540625 0.390625
0 0.440625 0.593750 0.562500 0.392188
1 0.351562 0.410937 0.662500 0.589063
1 0.153125 0.398438 0.851562 0.596875
0 0.328125 0.262500 0.676562 0.751563
0 0.298438 0.206250 0.696875 0.803125
0 0.853125 0.664062 0.151562 0.326562
0 0.859375 0.759375 0.145313 0.242188
0 0.851562 0.764062 0.145313 0.240625
1 0.866406 0.819531 0.004687 0.004687
1 0.848437 0.817187 0.156250 0.185938
1 0.839063 0.818750 0.167187 0.187500
1 0.803125 0.779687 0.198437 0.207813
1 0.793750 0.820312 0.209375 0.175000
1 0.790625 0.823438 0.210938 0.181250
5 0.796875 0.829688 0.214062 0.171875
