2 0.097656 0.899219 0.010937 0.001563
5 0.251563 0.898438 0.243750 0.109375
0 0.429688 0.948438 0.435937 0.050000
0 0.428125 0.907813 0.425000 0.084375
0 0.890625 0.410937 0.901563 0.590625
0 0.818750 0.534375 0.804688 0.471875
5 0.140625 0.470313 0.171875 0.523438
5 0.240625 0.203125 0.262500 0.800000
5 0.292187 0.082812 0.204687 0.915625
0 0.425000 0.195312 0.440625 0.795312
0 0.440625 0.156250 0.440625 0.829688
0 0.462500 0.093750 0.460938 0.882812
0 0.471875 0.139062 0.473438 0.878125
1 0.296875 0.160937 0.289062 0.848437
1 0.248438 0.201562 0.239063 0.789062
2 0.153125 0.106250 0.143750 0.871875
