5 0.307813 0.195312 0.690625 0.215625
5 0.335938 0.332813 0.673438 0.328125
5 0.350000 0.471875 0.639062 0.471875
5 0.475000 0.489063 0.559375 0.498437
5 0.407813 0.575000 0.590625 0.582812
5 0.367188 0.589063 0.653125 0.593750
5 0.518750 0.684375 0.473438 0.682813
3 0.600000 0.682813 0.420312 0.679688
3 0.526563 0.617188 0.493750 0.609375
3 0.515625 0.568750 0.485938 0.592187
3 0.534375 0.482812 0.470313 0.484375
3 0.546875 0.451562 0.459375 0.443750
3 0.517188 0.353125 0.490625 0.348438
3 0.545312 0.368750 0.460938 0.360938
3 0.496875 0.239063 0.485938 0.234375
1 0.300000 0.159375 0.700000 0.164062
1 0.412500 0.260937 0.567187 0.264062
1 0.340625 0.346875 0.681250 0.340625
1 0.334375 0.398438 0.671875 0.390625
1 0.357812 0.403125 0.621875 0.409375
1 0.323438 0.434375 0.637500 0.431250
1 0.362500 0.471875 0.667188 0.473438
1 0.360938 0.534375 0.615625 0.532813
1 0.342187 0.589063 0.623437 0.596875
1 0.387500 0.570312 0.596875 0.565625
2 0.493750 0.231250 0.510938 0.223438
2 0.484375 0.348438 0.525000 0.351562
2 0.509375 0.443750 0.503125 0.443750
2 0.526563 0.484375 0.482812 0.487500
2 0.512500 0.590625 0.484375 0.571875
2 0.495313 0.632812 0.500000 0.614062
2 0.565625 0.681250 0.440625 0.687500
0 0.167188 0.218750 0.843750 0.217188
0 0.168750 0.201563 0.845313 0.215625
0 0.209375 0.321875 0.810937 0.328125
0 0.167188 0.385937 0.837500 0.396875
0 0.187500 0.479687 0.801562 0.471875
0 0.248437 0.506250 0.750000 0.501563
0 0.273438 0.485938 0.725000 0.479687
0 0.228125 0.442188 0.793750 0.445312
0 0.226562 0.360938 0.781250 0.375000
0 0.110938 0.710938 0.889062 0.706250
0 0.137500 0.715625 0.875000 0.712500
0 0.203125 0.639062 0.796875 0.648438
0 0.264062 0.589063 0.768750 0.584375
0 0.278125 0.579688 0.737500 0.573438
5 0.370313 0.407813 0.618750 0.409375
