3 0.673438 0.581250 0.318750 0.409375
3 0.815625 0.532813 0.178125 0.451562
0 0.695312 0.232812 0.317188 0.748437
0 0.679688 0.243750 0.323437 0.768750
0 0.800000 0.240625 0.187500 0.760938
0 0.820312 0.204688 0.170313 0.781250
3 0.321875 0.595313 0.662500 0.395313
3 0.245313 0.557813 0.754687 0.414062
2 0.268750 0.551562 0.750000 0.453125
2 0.339063 0.557813 0.678125 0.435937
1 0.362500 0.406250 0.639062 0.570312
1 0.226562 0.401563 0.775000 0.614062
0 0.265625 0.265625 0.737500 0.745313
0 0.326562 0.275000 0.667188 0.701562
