3 0.685937 0.192188 0.325000 0.203125
3 0.821875 0.296875 0.162500 0.292187
3 0.812500 0.325000 0.171875 0.318750
3 0.781250 0.439063 0.212500 0.443750
3 0.793750 0.521875 0.184375 0.515625
3 0.731250 0.504687 0.276562 0.498437
5 0.517188 0.503125 0.489063 0.515625
5 0.651563 0.500000 0.365625 0.495312
5 0.678125 0.721875 0.331250 0.734375
5 0.725000 0.825000 0.278125 0.826562
5 0.692187 0.942187 0.307812 0.950000
5 0.718750 0.392188 0.293750 0.400000
5 0.723437 0.256250 0.306250 0.254688
5 0.703125 0.296875 0.318750 0.318750
5 0.657813 0.075000 0.365625 0.076563
1 0.401563 0.198437 0.610938 0.204687
1 0.682813 0.059375 0.323437 0.065625
1 0.657813 0.326562 0.331250 0.328125
1 0.651563 0.404687 0.328125 0.398438
1 0.689063 0.462500 0.307812 0.459375
2 0.701562 0.543750 0.301563 0.528125
2 0.778125 0.420312 0.225000 0.437500
2 0.779687 0.514062 0.210938 0.518750
0 0.570312 0.334375 0.431250 0.325000
0 0.221875 0.059375 0.803125 0.059375
0 0.300000 0.495312 0.714063 0.484375
0 0.320312 0.559375 0.692187 0.554688
0 0.615625 0.821875 0.393750 0.812500
0 0.617188 0.842187 0.382812 0.834375
1 0.715625 0.757812 0.295312 0.756250
1 0.689063 0.775000 0.320312 0.768750
1 0.725000 0.809375 0.289062 0.812500
1 0.689063 0.867188 0.300000 0.870313
1 0.773438 0.906250 0.231250 0.914062
1 0.681250 0.943750 0.328125 0.939063
2 0.801562 0.281250 0.195312 0.293750
2 0.800000 0.325000 0.195312 0.323437
2 0.778125 0.765625 0.215625 0.760938
2 0.760938 0.945312 0.234375 0.956250
5 0.710938 0.475000 0.296875 0.476562
3 0.787500 0.768750 0.190625 0.762500
3 0.814063 0.873437 0.171875 0.875000
3 0.771875 0.954688 0.218750 0.962500
0 0.125000 0.210938 0.881250 0.203125
0 0.526563 0.420312 0.471875 0.406250
0 0.517188 0.393750 0.473438 0.390625
0 0.528125 0.464062 0.471875 0.487500
1 0.645312 0.440625 0.359375 0.421875
1 0.503125 0.557813 0.471875 0.575000
