5 0.603125 0.810937 0.632812 0.179688
5 0.631250 0.659375 0.651563 0.348438
5 0.598437 0.567187 0.646875 0.432812
5 0.529687 0.503125 0.504687 0.484375
5 0.529687 0.432813 0.548438 0.567187
5 0.539062 0.404687 0.584375 0.589063
5 0.482812 0.282813 0.493750 0.712500
3 0.414062 0.276563 0.393750 0.718750
3 0.498437 0.356250 0.475000 0.640625
3 0.465625 0.409375 0.459375 0.584375
3 0.460938 0.490625 0.445312 0.504687
3 0.485938 0.529687 0.476562 0.471875
3 0.515625 0.623437 0.506250 0.378125
3 0.489063 0.625000 0.482812 0.382812
3 0.506250 0.801562 0.510938 0.203125
1 0.690625 0.829688 0.665625 0.167187
1 0.567187 0.735938 0.550000 0.257812
1 0.659375 0.653125 0.681250 0.340625
1 0.665625 0.601562 0.671875 0.390625
1 0.625000 0.598437 0.642188 0.403125
1 0.637500 0.568750 0.635938 0.425000
1 0.665625 0.518750 0.648438 0.487500
1 0.643750 0.473437 0.639062 0.534375
1 0.625000 0.412500 0.657813 0.589063
1 0.596875 0.434375 0.596875 0.560937
2 0.514062 0.764062 0.506250 0.231250
2 0.515625 0.651563 0.525000 0.351562
2 0.490625 0.539062 0.490625 0.443750
2 0.473438 0.515625 0.482812 0.487500
2 0.492188 0.426562 0.487500 0.590625
2 0.506250 0.381250 0.504687 0.632812
2 0.434375 0.318750 0.440625 0.687500
0 0.876563 0.767188 0.864062 0.243750
0 0.840625 0.779687 0.823438 0.225000
0 0.814063 0.656250 0.809375 0.345313
0 0.832812 0.595313 0.812500 0.398438
0 0.801562 0.528125 0.801562 0.465625
0 0.790625 0.493750 0.790625 0.514062
0 0.760938 0.504687 0.750000 0.496875
0 0.803125 0.540625 0.795312 0.459375
0 0.764062 0.623437 0.748437 0.373437
0 0.929688 0.295312 0.923438 0.717187
0 0.907813 0.278125 0.892188 0.729688
0 0.789062 0.350000 0.771875 0.640625
0 0.735938 0.410937 0.768750 0.584375
0 0.721875 0.420312 0.737500 0.573438
5 0.559375 0.614062 0.570312 0.385937
