3 0.796875 0.485938 0.237500 0.504687
3 0.789062 0.634375 0.223438 0.637500
3 0.728125 0.878125 0.267188 0.884375
3 0.648438 0.665625 0.346875 0.662500
2 0.729688 0.512500 0.260937 0.512500
2 0.720313 0.659375 0.265625 0.662500
1 0.517188 0.887500 0.445312 0.885938
1 0.510938 0.859375 0.489063 0.867188
0 0.125000 0.906250 0.842187 0.909375
0 0.154687 0.848437 0.850000 0.854688
0 0.173438 0.754687 0.792188 0.751563
0 0.176562 0.704688 0.781250 0.709375
0 0.229688 0.648438 0.762500 0.643750
0 0.187500 0.625000 0.812500 0.632812
