3 0.876563 0.889062 0.115625 0.129688
3 0.482812 0.735938 0.517188 0.278125
3 0.206250 0.764062 0.790625 0.242188
2 0.843750 0.815625 0.118750 0.182812
2 0.476562 0.687500 0.528125 0.328125
2 0.176562 0.684375 0.835938 0.317188
1 0.882812 0.504687 0.135937 0.484375
1 0.806250 0.520312 0.203125 0.490625
1 0.546875 0.357812 0.456250 0.650000
1 0.367188 0.357812 0.632812 0.657813
1 0.053125 0.328125 0.954688 0.665625
1 0.262500 0.323438 0.737500 0.640625
0 0.487500 0.046875 0.526563 0.951562
0 0.414062 0.029687 0.585938 0.959375
0 0.181250 0.014062 0.823438 0.973437
0 0.131250 0.023438 0.881250 0.970313
