3 0.581250 0.326562 0.409375 0.318750
3 0.532813 0.184375 0.451562 0.178125
0 0.232812 0.304688 0.748437 0.317188
0 0.243750 0.320312 0.768750 0.323437
0 0.240625 0.200000 0.760938 0.187500
0 0.204688 0.179688 0.781250 0.170313
3 0.595313 0.678125 0.395313 0.662500
3 0.557813 0.754687 0.414062 0.754687
2 0.551562 0.731250 0.453125 0.750000
2 0.557813 0.660937 0.435937 0.678125
1 0.406250 0.637500 0.570312 0.639062
1 0.401563 0.773438 0.614062 0.775000
0 0.265625 0.734375 0.745313 0.737500
0 0.275000 0.673438 0.701562 0.667188
