5 0.767188 0.762500 0.229687 0.231250
5 0.668750 0.668750 0.339062 0.343750
5 0.498437 0.664062 0.512500 0.331250
5 0.176562 0.426562 0.826562 0.570312
3 0.179688 0.537500 0.812500 0.457813
3 0.684375 0.750000 0.309375 0.245312
0 0.235938 0.306250 0.753125 0.689063
0 0.675000 0.592187 0.321875 0.440625
0 0.687500 0.607812 0.304688 0.382812
0 0.764062 0.576562 0.246875 0.417187
0 0.801562 0.676562 0.193750 0.332813
0 0.470313 0.617188 0.525000 0.417187
0 0.484375 0.621875 0.507812 0.387500
4 0.234375 0.471875 0.770312 0.531250
1 0.250000 0.426562 0.762500 0.559375
4 0.521875 0.671875 0.482812 0.326562
4 0.820312 0.695312 0.185938 0.339062
4 0.734375 0.631250 0.262500 0.381250
