5 0.498437 0.167187 0.509375 0.171875
5 0.512500 0.287500 0.495312 0.292187
5 0.575000 0.432812 0.428125 0.432812
3 0.743750 0.248438 0.243750 0.260937
3 0.839063 0.335938 0.165625 0.325000
3 0.814063 0.434375 0.171875 0.440625
3 0.823438 0.529687 0.171875 0.535937
1 0.770312 0.523438 0.235937 0.518750
1 0.751563 0.593750 0.237500 0.595313
1 0.525000 0.285938 0.468750 0.270313
0 0.115625 0.220312 0.868750 0.215625
0 0.114062 0.279687 0.876563 0.268750
0 0.115625 0.373437 0.881250 0.382812
0 0.115625 0.507812 0.882812 0.496875
4 0.707812 0.153125 0.303125 0.154688
4 0.726562 0.306250 0.287500 0.276562
4 0.781250 0.429688 0.243750 0.418750
