3 0.314063 0.807813 0.325000 0.203125
3 0.178125 0.703125 0.162500 0.292187
3 0.187500 0.675000 0.171875 0.318750
3 0.218750 0.560937 0.212500 0.443750
3 0.206250 0.478125 0.184375 0.515625
3 0.268750 0.495313 0.276562 0.498437
5 0.482812 0.496875 0.489063 0.515625
5 0.348438 0.500000 0.365625 0.495312
5 0.321875 0.278125 0.331250 0.734375
5 0.275000 0.175000 0.278125 0.826562
5 0.307812 0.057813 0.307812 0.950000
5 0.281250 0.607812 0.293750 0.400000
5 0.276562 0.743750 0.306250 0.254688
5 0.296875 0.703125 0.318750 0.318750
5 0.342187 0.925000 0.365625 0.076563
1 0.598437 0.801562 0.610938 0.204687
1 0.317188 0.940625 0.323437 0.065625
1 0.342187 0.673438 0.331250 0.328125
1 0.348438 0.595313 0.328125 0.398438
1 0.310937 0.537500 0.307812 0.459375
2 0.298438 0.456250 0.301563 0.528125
2 0.221875 0.579688 0.225000 0.437500
2 0.220312 0.485938 0.210938 0.518750
0 0.429688 0.665625 0.431250 0.325000
0 0.778125 0.940625 0.803125 0.059375
0 0.700000 0.504687 0.714063 0.484375
0 0.679688 0.440625 0.692187 0.554688
0 0.384375 0.178125 0.393750 0.812500
0 0.382812 0.157813 0.382812 0.834375
1 0.284375 0.242188 0.295312 0.756250
1 0.310937 0.225000 0.320312 0.768750
1 0.275000 0.190625 0.289062 0.812500
1 0.310937 0.132812 0.300000 0.870313
1 0.226562 0.093750 0.231250 0.914062
1 0.318750 0.056250 0.328125 0.939063
2 0.198437 0.718750 0.195312 0.293750
2 0.200000 0.675000 0.195312 0.323437
2 0.221875 0.234375 0.215625 0.760938
2 0.239063 0.054688 0.234375 0.956250
5 0.289062 0.525000 0.296875 0.476562
3 0.212500 0.231250 0.190625 0.762500
3 0.185938 0.126563 0.171875 0.875000
3 0.228125 0.045312 0.218750 0.962500
0 0.875000 0.789062 0.881250 0.203125
0 0.473438 0.579688 0.471875 0.406250
0 0.482812 0.606250 0.473438 0.390625
0 0.471875 0.535937 0.471875 0.487500
1 0.354687 0.559375 0.359375 0.421875
1 0.496875 0.442187 0.471875 0.575000
