3 0.282813 0.632812 0.287500 0.375000
3 0.281250 0.367188 0.278125 0.617188
3 0.334375 0.301562 0.354687 0.698438
2 0.312500 0.393750 0.321875 0.603125
5 0.381250 0.392188 0.362500 0.607812
5 0.382812 0.714063 0.382812 0.282813
5 0.376563 0.250000 0.375000 0.754687
1 0.623437 0.257812 0.632812 0.740625
1 0.523438 0.312500 0.507812 0.689063
1 0.537500 0.431250 0.512500 0.579688
1 0.568750 0.650000 0.553125 0.345313
1 0.432812 0.828125 0.420312 0.178125
0 0.789062 0.093750 0.790625 0.910937
0 0.807813 0.185937 0.804688 0.839063
0 0.698438 0.345313 0.687500 0.646875
0 0.689063 0.400000 0.689063 0.589063
0 0.732812 0.621875 0.742188 0.359375
0 0.804688 0.760938 0.804688 0.257812
