3 0.456250 0.326562 0.476562 0.671875
3 0.532813 0.478125 0.523438 0.523438
3 0.729688 0.593750 0.754687 0.414062
3 0.501563 0.729688 0.520312 0.281250
2 0.535937 0.478125 0.537500 0.510938
5 0.518750 0.770312 0.523438 0.225000
1 0.700000 0.704688 0.675000 0.295312
0 0.856250 0.718750 0.870313 0.265625
0 0.859375 0.760938 0.853125 0.242188
5 0.709375 0.539062 0.714063 0.460938
5 0.660937 0.517188 0.665625 0.487500
5 0.575000 0.271875 0.578125 0.723437
1 0.739062 0.381250 0.757812 0.620313
1 0.910937 0.510938 0.906250 0.492188
0 0.951562 0.306250 0.954688 0.701562
0 0.896875 0.376563 0.870313 0.626563
3 0.329688 0.950000 0.307812 0.046875
