5 0.218750 0.784375 0.214062 0.206250
5 0.339062 0.659375 0.287500 0.334375
5 0.329688 0.471875 0.296875 0.520312
5 0.550000 0.175000 0.545312 0.826562
3 0.459375 0.198438 0.468750 0.796875
3 0.248438 0.701562 0.267188 0.293750
0 0.692187 0.260938 0.706250 0.745313
0 0.450000 0.673438 0.446875 0.334375
0 0.387500 0.703125 0.404687 0.289062
0 0.406250 0.748437 0.367188 0.256250
0 0.368750 0.809375 0.375000 0.198437
0 0.421875 0.465625 0.393750 0.540625
0 0.409375 0.493750 0.414062 0.509375
4 0.534375 0.232812 0.543750 0.767188
1 0.546875 0.239062 0.565625 0.731250
4 0.331250 0.512500 0.339062 0.487500
4 0.350000 0.809375 0.368750 0.190625
4 0.389062 0.734375 0.409375 0.284375
