3 0.718750 0.214062 0.281250 0.195312
3 0.810937 0.295312 0.178125 0.296875
3 0.812500 0.325000 0.171875 0.318750
3 0.779687 0.418750 0.218750 0.439063
3 0.790625 0.520312 0.206250 0.521875
3 0.704688 0.545312 0.281250 0.554688
5 0.521875 0.539062 0.473438 0.539062
5 0.543750 0.560937 0.435937 0.570312
5 0.700000 0.760938 0.293750 0.756250
5 0.737500 0.862500 0.250000 0.871875
5 0.768750 0.956250 0.242188 0.953125
5 0.678125 0.439063 0.309375 0.445312
5 0.682813 0.290625 0.298438 0.275000
5 0.732812 0.329688 0.256250 0.320312
5 0.543750 0.104688 0.475000 0.103125
1 0.332812 0.218750 0.664062 0.221875
1 0.728125 0.065625 0.267188 0.059375
1 0.657813 0.326562 0.331250 0.328125
1 0.651563 0.404687 0.328125 0.398438
1 0.692187 0.459375 0.320312 0.451562
2 0.701562 0.543750 0.301563 0.528125
2 0.778125 0.420312 0.225000 0.437500
2 0.779687 0.514062 0.210938 0.518750
0 0.554688 0.323437 0.445312 0.334375
0 0.129687 0.098437 0.862500 0.096875
0 0.259375 0.518750 0.735938 0.526563
0 0.253125 0.551562 0.750000 0.557813
0 0.596875 0.815625 0.398438 0.825000
0 0.617188 0.834375 0.404687 0.831250
1 0.693750 0.768750 0.287500 0.767188
1 0.659375 0.768750 0.331250 0.776563
1 0.725000 0.809375 0.289062 0.812500
1 0.689063 0.867188 0.300000 0.870313
1 0.773438 0.906250 0.231250 0.914062
1 0.660937 0.948438 0.321875 0.951562
2 0.801562 0.281250 0.195312 0.293750
2 0.800000 0.325000 0.195312 0.323437
2 0.778125 0.765625 0.215625 0.760938
2 0.760938 0.945312 0.234375 0.956250
5 0.751563 0.501563 0.229687 0.498437
3 0.782813 0.765625 0.212500 0.768750
3 0.810937 0.870313 0.185938 0.873437
3 0.771875 0.954688 0.218750 0.962500
0 0.092187 0.167187 0.909375 0.215625
0 0.526563 0.420312 0.471875 0.406250
0 0.517188 0.393750 0.473438 0.390625
0 0.531250 0.493750 0.465625 0.478125
1 0.631250 0.417187 0.373437 0.440625
1 0.503125 0.546875 0.496875 0.557813
