3 0.890625 0.831250 0.118750 0.179688
3 0.475000 0.687500 0.564063 0.312500
3 0.212500 0.721875 0.796875 0.287500
2 0.825000 0.793750 0.190625 0.201563
2 0.414062 0.668750 0.593750 0.309375
2 0.140625 0.679688 0.870313 0.298438
1 0.851562 0.537500 0.139063 0.453125
1 0.770312 0.500000 0.248438 0.493750
1 0.534375 0.371875 0.465625 0.617188
1 0.345313 0.326562 0.667188 0.667188
1 0.012500 0.357812 0.987500 0.632812
1 0.285937 0.331250 0.721875 0.675000
0 0.490625 0.093750 0.504687 0.915625
0 0.462500 0.039062 0.537500 0.971875
0 0.207812 0.043750 0.775000 0.965625
0 0.120313 0.057813 0.865625 0.937500
