3 0.357812 0.776563 0.359375 0.250000
3 0.359375 0.590625 0.362500 0.434375
3 0.304688 0.465625 0.326562 0.532813
2 0.389062 0.740625 0.390625 0.279687
2 0.364063 0.539062 0.362500 0.410938
2 0.375000 0.443750 0.375000 0.562500
1 0.925000 0.393750 0.912500 0.626563
1 0.907813 0.431250 0.831250 0.565625
5 0.745313 0.856250 0.748437 0.148438
5 0.498437 0.796875 0.520312 0.207813
5 0.779687 0.582812 0.798438 0.431250
5 0.598437 0.620313 0.596875 0.421875
5 0.581250 0.560937 0.587500 0.435937
5 0.648438 0.326562 0.675000 0.676562
5 0.498437 0.425000 0.481250 0.575000
