3 0.837500 0.371875 0.160938 0.381250
3 0.837500 0.579688 0.176563 0.571875
2 0.821875 0.260937 0.178125 0.271875
2 0.757812 0.590625 0.242188 0.596875
5 0.687500 0.309375 0.325000 0.318750
5 0.714063 0.190625 0.279687 0.192188
5 0.721875 0.739062 0.285938 0.732812
1 0.457812 0.267188 0.546875 0.271875
1 0.482812 0.651563 0.514062 0.643750
1 0.457812 0.623437 0.573438 0.654687
1 0.409375 0.281250 0.582812 0.279687
0 0.096875 0.209375 0.915625 0.214062
0 0.096875 0.310937 0.906250 0.307812
0 0.223437 0.581250 0.781250 0.575000
0 0.134375 0.795312 0.848437 0.807813
