3 0.515625 0.2609375 0.515625 0.25625 0.5203125 0.24375 0.5203125 0.2046875 0.5140625 0.190625 0.5140625 0.184375 0.5109375 0.175 0.5046875 0.1703125 0.5 0.1703125 0.4921875 0.18125 0.490625 0.1890625 0.4859375 0.1984375 0.4859375 0.203125 0.5046875 0.2375 0.5046875 0.240625 0.5140625 0.2609375 0.515625 0.2609375
3 0.6671875 0.25625 0.6671875 0.2375 0.6703125 0.221875 0.66875 0.20625 0.6625 0.1828125 0.65625 0.175 0.6484375 0.1734375 0.64375 0.1765625 0.6375 0.1890625 0.634375 0.2 0.634375 0.2109375 0.6375 0.2234375 0.6484375 0.2484375 0.6640625 0.265625 0.6671875 0.25625
3 0.9046875 0.1921875 0.9015625 0.184375 0.89375 0.178125 0.8859375 0.184375 0.8765625 0.203125 0.8734375 0.2671875 0.878125 0.271875 0.884375 0.2671875 0.89375 0.253125 0.909375 0.2390625 0.9046875 0.1921875
3 0.640625 0.371875 0.65 0.384375 0.6609375 0.3875 0.665625 0.3515625 0.6625 0.346875 0.6484375 0.3453125 0.6359375 0.3375 0.640625 0.371875
2 0.4984375 0.2546875 0.5015625 0.2671875 0.5078125 0.278125 0.5125 0.2703125 0.5125 0.2609375 0.50625 0.2453125 0.5 0.2390625 0.4984375 0.2546875
2 0.6515625 0.25625 0.65 0.26875 0.659375 0.2796875 0.6625 0.265625 0.646875 0.2484375 0.6484375 0.2546875 0.6515625 0.25625
1 0.88125 0.49375 0.8875 0.4828125 0.8859375 0.4453125 0.8734375 0.4515625 0.8765625 0.49375 0.88125 0.49375
1 0.871875 0.44375 0.8671875 0.440625 0.865625 0.434375 0.8578125 0.446875 0.8609375 0.4765625 0.85625 0.484375 0.859375 0.4890625 0.8671875 0.4890625 0.8703125 0.4921875 0.8734375 0.4765625 0.871875 0.44375
0 0.8921875 0.8640625 0.8953125 0.8734375 0.903125 0.8796875 0.90625 0.875 0.909375 0.8421875 0.9109375 0.728125 0.8953125 0.7265625 0.8921875 0.8640625
0 0.8625 0.79375 0.8703125 0.775 0.878125 0.725 0.875 0.7171875 0.8671875 0.71875 0.859375 0.7140625 0.8546875 0.715625 0.8453125 0.79375 0.8453125 0.8328125 0.8484375 0.8453125 0.8546875 0.85 0.8609375 0.840625 0.8640625 0.8171875 0.8625 0.79375
0 0.7296875 0.79375 0.7296875 0.8359375 0.740625 0.8375 0.7546875 0.8265625 0.7515625 0.7921875 0.740625 0.790625 0.734375 0.784375 0.7296875 0.79375
0 0.6859375 0.825 0.6890625 0.8328125 0.7 0.834375 0.7046875 0.8234375 0.709375 0.78125 0.7 0.7734375 0.6953125 0.7734375 0.6859375 0.825
0 0.6609375 0.771875 0.6484375 0.7703125 0.64375 0.7625 0.640625 0.815625 0.6578125 0.821875 0.6609375 0.771875
0 0.6125 0.759375 0.6125 0.7859375 0.6265625 0.803125 0.625 0.8125 0.6328125 0.8125 0.6296875 0.8078125 0.6328125 0.7515625 0.6125 0.759375