2 0.4765625 0.4734375 0.484375 0.478125 0.4859375 0.4640625 0.4828125 0.459375 0.459375 0.4640625 0.4640625 0.484375 0.4671875 0.475 0.4765625 0.4734375
2 0.76875 0.4875 0.7765625 0.4828125 0.771875 0.4640625 0.784375 0.45625 0.784375 0.453125 0.775 0.45625 0.76875 0.4546875 0.759375 0.4703125 0.76875 0.4875
2 0.7640625 0.4671875 0.75 0.4546875 0.7453125 0.459375 0.753125 0.478125 0.7625 0.48125 0.7640625 0.4671875
2 0.6 0.4875 0.6140625 0.4796875 0.6015625 0.4625 0.6 0.4875
1 0.4125 0.5953125 0.403125 0.6015625 0.403125 0.628125 0.409375 0.628125 0.4125 0.5953125
1 0.6671875 0.784375 0.6734375 0.784375 0.678125 0.7796875 0.678125 0.7671875 0.6734375 0.746875 0.665625 0.7375 0.65625 0.71875 0.653125 0.7171875 0.646875 0.734375 0.6484375 0.740625 0.665625 0.765625 0.6671875 0.784375
1 0.7546875 0.884375 0.759375 0.8953125 0.7640625 0.8953125 0.7703125 0.903125 0.7765625 0.9046875 0.778125 0.9 0.775 0.896875 0.7734375 0.8828125 0.7859375 0.8546875 0.7859375 0.8328125 0.7671875 0.8234375 0.759375 0.834375 0.7578125 0.846875 0.753125 0.859375 0.7546875 0.884375
0 0.4984375 0.7921875 0.5 0.78125 0.4921875 0.7703125 0.4890625 0.7578125 0.478125 0.759375 0.465625 0.7578125 0.4625 0.7671875 0.4640625 0.7859375 0.484375 0.79375 0.4984375 0.7921875
0 0.459375 0.7578125 0.459375 0.753125 0.453125 0.7453125 0.4390625 0.740625 0.428125 0.7296875 0.425 0.73125 0.4234375 0.75 0.428125 0.75625 0.4515625 0.7625 0.459375 0.7578125
0 0.640625 0.9953125 0.6203125 0.9734375 0.5828125 0.978125 0.584375 0.996875 0.640625 0.9953125
0 0.534375 0.978125 0.53125 0.996875 0.5734375 0.996875 0.56875 0.9875 0.5546875 0.9890625 0.534375 0.978125