5 0.692187 0.804688 0.690625 0.215625
5 0.664062 0.667188 0.673438 0.328125
5 0.650000 0.528125 0.639062 0.471875
5 0.525000 0.510938 0.559375 0.498437
5 0.592187 0.425000 0.590625 0.582812
5 0.632812 0.410937 0.653125 0.593750
5 0.481250 0.315625 0.473438 0.682813
3 0.400000 0.317187 0.420312 0.679688
3 0.473438 0.382812 0.493750 0.609375
3 0.484375 0.431250 0.485938 0.592187
3 0.465625 0.517188 0.470313 0.484375
3 0.453125 0.548438 0.459375 0.443750
3 0.482812 0.646875 0.490625 0.348438
3 0.454688 0.631250 0.460938 0.360938
3 0.503125 0.760938 0.485938 0.234375
1 0.700000 0.840625 0.700000 0.164062
1 0.587500 0.739062 0.567187 0.264062
1 0.659375 0.653125 0.681250 0.340625
1 0.665625 0.601562 0.671875 0.390625
1 0.642188 0.596875 0.621875 0.409375
1 0.676562 0.565625 0.637500 0.431250
1 0.637500 0.528125 0.667188 0.473438
1 0.639062 0.465625 0.615625 0.532813
1 0.657813 0.410937 0.623437 0.596875
1 0.612500 0.429688 0.596875 0.565625
2 0.506250 0.768750 0.510938 0.223438
2 0.515625 0.651563 0.525000 0.351562
2 0.490625 0.556250 0.503125 0.443750
2 0.473438 0.515625 0.482812 0.487500
2 0.487500 0.409375 0.484375 0.571875
2 0.504687 0.367188 0.500000 0.614062
2 0.434375 0.318750 0.440625 0.687500
0 0.832812 0.781250 0.843750 0.217188
0 0.831250 0.798438 0.845313 0.215625
0 0.790625 0.678125 0.810937 0.328125
0 0.832812 0.614062 0.837500 0.396875
0 0.812500 0.520312 0.801562 0.471875
0 0.751563 0.493750 0.750000 0.501563
0 0.726562 0.514062 0.725000 0.479687
0 0.771875 0.557813 0.793750 0.445312
0 0.773438 0.639062 0.781250 0.375000
0 0.889062 0.289062 0.889062 0.706250
0 0.862500 0.284375 0.875000 0.712500
0 0.796875 0.360938 0.796875 0.648438
0 0.735938 0.410937 0.768750 0.584375
0 0.721875 0.420312 0.737500 0.573438
5 0.629687 0.592187 0.618750 0.409375
