3 0.717187 0.367188 0.287500 0.375000
3 0.718750 0.632812 0.278125 0.617188
3 0.665625 0.698438 0.354687 0.698438
2 0.687500 0.606250 0.321875 0.603125
5 0.618750 0.607812 0.362500 0.607812
5 0.617188 0.285938 0.382812 0.282813
5 0.623437 0.750000 0.375000 0.754687
1 0.376563 0.742188 0.632812 0.740625
1 0.476562 0.687500 0.507812 0.689063
1 0.462500 0.568750 0.512500 0.579688
1 0.431250 0.350000 0.553125 0.345313
1 0.567187 0.171875 0.420312 0.178125
0 0.210938 0.906250 0.790625 0.910937
0 0.192187 0.814063 0.804688 0.839063
0 0.301562 0.654687 0.687500 0.646875
0 0.310937 0.600000 0.689063 0.589063
0 0.267188 0.378125 0.742188 0.359375
0 0.195312 0.239063 0.804688 0.257812
