0 0.834375 0.739062 0.857812 0.250000
0 0.884375 0.706250 0.884375 0.314063
0 0.835938 0.620313 0.839063 0.371875
0 0.821875 0.593750 0.829688 0.395313
0 0.829688 0.670312 0.834375 0.337500
0 0.800000 0.521875 0.796875 0.471875
0 0.831250 0.476562 0.829688 0.507812
0 0.846875 0.400000 0.848437 0.614062
0 0.796875 0.414062 0.826562 0.581250
0 0.860938 0.351562 0.856250 0.656250
0 0.846875 0.318750 0.876563 0.679688
0 0.803125 0.287500 0.832812 0.706250
0 0.795312 0.231250 0.775000 0.764062
0 0.878125 0.179688 0.854688 0.820312
0 0.843750 0.137500 0.843750 0.854688
0 0.837500 0.137500 0.842187 0.865625
0 0.785937 0.179688 0.828125 0.817187
5 0.518750 0.210938 0.521875 0.795312
5 0.504687 0.329688 0.446875 0.659375
5 0.612500 0.234375 0.607812 0.770312
5 0.510938 0.428125 0.456250 0.573438
5 0.629687 0.520312 0.634375 0.482812
5 0.475000 0.620313 0.475000 0.376563
5 0.650000 0.742188 0.662500 0.257812
5 0.585938 0.839063 0.607812 0.160938
1 0.453125 0.779687 0.454688 0.210938
1 0.589063 0.534375 0.590625 0.456250
1 0.615625 0.453125 0.643750 0.543750
1 0.559375 0.168750 0.560937 0.835938
1 0.557813 0.103125 0.562500 0.892188
2 0.365625 0.250000 0.364063 0.726562
3 0.365625 0.146875 0.351562 0.853125
3 0.312500 0.306250 0.309375 0.687500
3 0.315625 0.278125 0.323437 0.714063
3 0.307812 0.146875 0.296875 0.840625
3 0.389062 0.384375 0.404687 0.617188
3 0.378125 0.471875 0.359375 0.526563
3 0.410938 0.537500 0.410938 0.468750
3 0.300000 0.600000 0.292187 0.392188
3 0.362500 0.643750 0.345313 0.342187
3 0.425000 0.762500 0.403125 0.234375
3 0.401562 0.701562 0.387500 0.282813
