3 0.687500 0.876563 0.303125 0.100000
3 0.550000 0.882812 0.440625 0.115625
3 0.656250 0.654687 0.346875 0.343750
3 0.420312 0.832812 0.581250 0.143750
3 0.304688 0.712500 0.698438 0.284375
3 0.218750 0.781250 0.781250 0.234375
3 0.935937 0.835938 0.075000 0.173437
3 0.898438 0.781250 0.096875 0.225000
3 0.851562 0.853125 0.143750 0.132812
3 0.815625 0.853125 0.182812 0.139063
3 0.785937 0.851562 0.207813 0.137500
3 0.529687 0.837500 0.464062 0.153125
3 0.507812 0.842187 0.484375 0.146875
5 0.953125 0.785937 0.057813 0.220312
5 0.871875 0.673438 0.132812 0.325000
5 0.868750 0.850000 0.126562 0.162500
5 0.796875 0.817187 0.193750 0.159375
5 0.814063 0.714063 0.162500 0.310937
5 0.757812 0.756250 0.240625 0.239063
5 0.609375 0.729688 0.414062 0.284375
5 0.459375 0.739062 0.550000 0.265625
5 0.287500 0.653125 0.712500 0.362500
5 0.128125 0.739062 0.845313 0.226562
5 0.531250 0.837500 0.459375 0.167187
5 0.521875 0.832812 0.476562 0.207813
1 0.610938 0.712500 0.382812 0.282813
1 0.568750 0.703125 0.435937 0.310937
1 0.464063 0.762500 0.532813 0.245312
1 0.389062 0.740625 0.614062 0.246875
1 0.729688 0.517188 0.279687 0.484375
1 0.885938 0.684375 0.103125 0.325000
1 0.885938 0.656250 0.125000 0.328125
0 0.929688 0.653125 0.054688 0.350000
0 0.918750 0.662500 0.070312 0.342187
0 0.782813 0.282813 0.228125 0.721875
0 0.723437 0.337500 0.284375 0.648438
0 0.709375 0.501563 0.285938 0.500000
0 0.600000 0.540625 0.409375 0.478125
0 0.562500 0.531250 0.432812 0.451562
1 0.696875 0.500000 0.301563 0.475000
2 0.550000 0.837500 0.443750 0.159375
1 0.523438 0.778125 0.479687 0.214062
1 0.498437 0.778125 0.500000 0.214062
0 0.520312 0.726562 0.478125 0.260937
0 0.512500 0.729688 0.003125 0.012500
2 0.427344 0.827344 0.014063 0.007812
0 0.451562 0.610938 0.540625 0.390625
0 0.437500 0.607812 0.556250 0.390625
1 0.325000 0.439063 0.679688 0.523438
1 0.173438 0.426562 0.825000 0.575000
0 0.275000 0.242188 0.725000 0.735938
0 0.287500 0.171875 0.726562 0.829688
0 0.868750 0.675000 0.132812 0.339062
0 0.854688 0.757812 0.148438 0.235937
0 0.854688 0.759375 0.150000 0.237500
1 0.866406 0.819531 0.004687 0.004687
1 0.843750 0.814063 0.156250 0.179688
1 0.832812 0.812500 0.164062 0.175000
1 0.801562 0.792188 0.192188 0.206250
1 0.790625 0.825000 0.206250 0.171875
1 0.789062 0.818750 0.214062 0.173437
5 0.785937 0.828125 0.204687 0.150000
