5 0.573438 0.150000 0.437500 0.151562
5 0.596875 0.465625 0.393750 0.456250
5 0.643750 0.607812 0.335938 0.603125
5 0.742188 0.692187 0.273438 0.676562
5 0.453125 0.385937 0.553125 0.403125
2 0.739062 0.623437 0.257812 0.621875
3 0.807813 0.221875 0.187500 0.212500
3 0.707812 0.401562 0.306250 0.409375
3 0.770312 0.476562 0.218750 0.467187
3 0.757812 0.434375 0.229687 0.440625
3 0.748437 0.625000 0.254688 0.628125
3 0.803125 0.739062 0.187500 0.743750
0 0.143750 0.257812 0.853125 0.250000
0 0.132812 0.193750 0.864062 0.189062
0 0.176562 0.456250 0.820312 0.448437
0 0.189063 0.465625 0.815625 0.481250
0 0.201562 0.353125 0.800000 0.368750
0 0.235938 0.617188 0.760938 0.632812
0 0.298438 0.667188 0.704688 0.648438
0 0.262500 0.704688 0.748437 0.704688
1 0.525000 0.676562 0.510938 0.676562
1 0.664062 0.746875 0.351562 0.753125
1 0.514062 0.564063 0.490625 0.559375
1 0.581250 0.401562 0.434375 0.401562
1 0.481250 0.528125 0.570312 0.523438
1 0.604688 0.362500 0.392188 0.353125
