3 0.484375 0.739062 0.515625 0.256250
3 0.332812 0.743750 0.667188 0.237500
3 0.095313 0.807813 0.901563 0.184375
3 0.359375 0.628125 0.650000 0.384375
2 0.501563 0.745313 0.501563 0.267188
2 0.348437 0.743750 0.650000 0.268750
1 0.118750 0.506250 0.887500 0.482812
1 0.128125 0.556250 0.867188 0.440625
0 0.107812 0.135938 0.895312 0.873437
0 0.137500 0.206250 0.870313 0.775000
0 0.270312 0.206250 0.729688 0.835938
0 0.314063 0.175000 0.689063 0.832812
0 0.339063 0.228125 0.648438 0.770312
0 0.387500 0.240625 0.612500 0.785937
