3 0.110937 0.876563 0.129688 0.115625
3 0.264062 0.482812 0.278125 0.517188
3 0.235937 0.206250 0.242188 0.790625
2 0.184375 0.843750 0.182812 0.118750
2 0.312500 0.476562 0.328125 0.528125
2 0.315625 0.176562 0.317188 0.835938
1 0.495312 0.882812 0.484375 0.135937
1 0.479687 0.806250 0.490625 0.203125
1 0.642188 0.546875 0.650000 0.456250
1 0.642188 0.367188 0.657813 0.632812
1 0.671875 0.053125 0.665625 0.954688
1 0.676562 0.262500 0.640625 0.737500
0 0.953125 0.487500 0.951562 0.526563
0 0.970313 0.414062 0.959375 0.585938
0 0.985938 0.181250 0.973437 0.823438
0 0.976562 0.131250 0.970313 0.881250
