0 0.865625 0.748437 0.867188 0.260937
0 0.878125 0.684375 0.857812 0.306250
0 0.865625 0.639062 0.878125 0.360938
0 0.875000 0.603125 0.882812 0.401562
0 0.834375 0.646875 0.823438 0.354687
0 0.798438 0.548438 0.820312 0.448437
0 0.854688 0.504687 0.871875 0.495312
0 0.845313 0.381250 0.814063 0.615625
0 0.831250 0.404687 0.800000 0.600000
0 0.840625 0.337500 0.814063 0.667188
0 0.878125 0.296875 0.850000 0.703125
0 0.839063 0.292188 0.839063 0.715625
0 0.767188 0.240625 0.751563 0.760938
0 0.842187 0.185937 0.848437 0.801562
0 0.850000 0.151563 0.876563 0.846875
0 0.843750 0.128125 0.831250 0.881250
0 0.828125 0.173438 0.789062 0.834375
5 0.518750 0.192187 0.520312 0.826562
5 0.443750 0.345313 0.437500 0.653125
5 0.596875 0.226562 0.564063 0.773438
5 0.457813 0.432813 0.468750 0.554688
5 0.639062 0.517188 0.643750 0.478125
5 0.470313 0.628125 0.451562 0.362500
5 0.673438 0.746875 0.671875 0.246875
5 0.623437 0.845313 0.662500 0.153125
1 0.464062 0.795312 0.512500 0.201563
1 0.604688 0.543750 0.631250 0.460938
1 0.678125 0.453125 0.678125 0.551562
1 0.548438 0.162500 0.532813 0.853125
1 0.596875 0.103125 0.607812 0.895312
2 0.368750 0.278125 0.379688 0.728125
3 0.334375 0.151563 0.321875 0.839063
3 0.310937 0.321875 0.323437 0.665625
3 0.334375 0.290625 0.360938 0.710938
3 0.296875 0.168750 0.301563 0.825000
3 0.396875 0.378125 0.385937 0.621875
3 0.343750 0.478125 0.329688 0.509375
3 0.404687 0.528125 0.382812 0.471875
3 0.289062 0.615625 0.292187 0.368750
3 0.345313 0.664062 0.357812 0.321875
3 0.379688 0.782813 0.381250 0.206250
3 0.389062 0.731250 0.404687 0.257812
