5 0.784375 0.781250 0.206250 0.214062
5 0.659375 0.660937 0.334375 0.287500
5 0.471875 0.670312 0.520312 0.296875
5 0.175000 0.450000 0.826562 0.545312
3 0.198438 0.540625 0.796875 0.468750
3 0.701562 0.751563 0.293750 0.267188
0 0.260938 0.307813 0.745313 0.706250
0 0.673438 0.550000 0.334375 0.446875
0 0.703125 0.612500 0.289062 0.404687
0 0.748437 0.593750 0.256250 0.367188
0 0.809375 0.631250 0.198437 0.375000
0 0.465625 0.578125 0.540625 0.393750
0 0.493750 0.590625 0.509375 0.414062
4 0.232812 0.465625 0.767188 0.543750
1 0.239062 0.453125 0.731250 0.565625
4 0.512500 0.668750 0.487500 0.339062
4 0.809375 0.650000 0.190625 0.368750
4 0.734375 0.610938 0.284375 0.409375
