5 0.4953125 0.4421875 0.4921875 0.5015625 0.496875 0.509375 0.5125 0.5140625 0.5328125 0.5140625 0.5453125 0.5109375 0.5515625 0.5140625 0.5703125 0.515625 0.578125 0.5046875 0.5796875 0.4921875 0.5796875 0.425 0.578125 0.421875 0.5703125 0.4203125 0.5609375 0.4109375 0.559375 0.4046875 0.5609375 0.4 0.590625 0.3734375 0.5890625 0.3359375 0.584375 0.325 0.5703125 0.3125 0.565625 0.3125 0.5609375 0.3515625 0.5546875 0.3640625 0.5515625 0.3796875 0.546875 0.38125 0.5421875 0.3671875 0.5375 0.334375 0.5265625 0.3078125 0.51875 0.30625 0.50625 0.309375 0.5015625 0.315625 0.5 0.3265625 0.4984375 0.4296875 0.4953125 0.4421875
3 0.6578125 0.2421875 0.65625 0.24375 0.65625 0.2640625 0.6578125 0.265625 0.678125 0.2546875 0.70625 0.2453125 0.7125 0.2453125 0.715625 0.2359375 0.7140625 0.221875 0.7078125 0.2078125 0.6984375 0.1984375 0.678125 0.196875 0.665625 0.2046875 0.6578125 0.2265625 0.6578125 0.2421875
3 0.8671875 0.2484375 0.8984375 0.25625 0.9 0.2171875 0.89375 0.2 0.878125 0.1890625 0.8546875 0.190625 0.8421875 0.2109375 0.8359375 0.234375 0.8359375 0.246875 0.8671875 0.2484375
3 0.9375 0.271875 0.9375 0.2515625 0.93125 0.2328125 0.9203125 0.2203125 0.90625 0.2203125 0.9015625 0.2578125 0.8921875 0.2796875 0.9328125 0.2796875 0.9375 0.271875
3 0.5234375 0.25625 0.528125 0.2609375 0.5515625 0.2640625 0.5640625 0.2625 0.571875 0.2546875 0.5703125 0.2296875 0.5609375 0.2109375 0.55625 0.2078125 0.54375 0.2078125 0.5359375 0.2140625 0.5265625 0.2328125 0.5234375 0.2453125 0.5234375 0.25625
2 0.565625 0.2734375 0.565625 0.265625 0.525 0.265625 0.51875 0.26875 0.521875 0.278125 0.5296875 0.28125 0.5625 0.2796875 0.565625 0.2734375
2 0.9328125 0.28125 0.8921875 0.2828125 0.890625 0.2953125 0.89375 0.296875 0.9328125 0.2984375 0.9328125 0.28125
0 0.703125 0.846875 0.70625 0.84375 0.70625 0.828125 0.703125 0.825 0.690625 0.828125 0.66875 0.8171875 0.6546875 0.8296875 0.64375 0.8328125 0.640625 0.8375 0.6421875 0.846875 0.65 0.8515625 0.6765625 0.853125 0.703125 0.846875
0 0.6734375 0.8078125 0.671875 0.7859375 0.6484375 0.790625 0.6484375 0.8046875 0.66875 0.8125 0.6734375 0.8078125
0 0.58125 0.7609375 0.578125 0.746875 0.5640625 0.73125 0.5375 0.7296875 0.5390625 0.746875 0.553125 0.7609375 0.565625 0.765625 0.58125 0.7609375
0 0.509375 0.7484375 0.4875 0.7375 0.4859375 0.775 0.49375 0.778125 0.5078125 0.7671875 0.509375 0.7484375
0 0.8875 0.95625 0.903125 0.95625 0.9078125 0.953125 0.909375 0.9484375 0.8953125 0.8875 0.878125 0.884375 0.8734375 0.8953125 0.8765625 0.946875 0.8796875 0.9515625 0.8875 0.95625
0 0.79375 0.85625 0.796875 0.8640625 0.803125 0.86875 0.815625 0.86875 0.821875 0.8625 0.828125 0.8484375 0.8265625 0.8140625 0.8234375 0.80625 0.8203125 0.8046875 0.809375 0.80625 0.80625 0.81875 0.79375 0.8453125 0.79375 0.85625
0 0.85 0.81875 0.859375 0.81875 0.8671875 0.8125 0.8671875 0.7703125 0.8578125 0.7625 0.85 0.765625 0.840625 0.79375 0.840625 0.8125 0.85 0.81875
3 0.19375 0.278125 0.1875 0.290625 0.1984375 0.3 0.2046875 0.284375 0.19375 0.278125