3 0.400000 0.257812 0.590625 0.257812
3 0.359375 0.279687 0.626563 0.279687
3 0.387500 0.606250 0.600000 0.634375
3 0.328125 0.737500 0.662500 0.765625
3 0.346875 0.800000 0.654687 0.787500
3 0.370313 0.062500 0.623437 0.059375
0 0.087695 0.000000 0.909375 0.023438
0 0.053125 0.120313 0.943750 0.150000
0 0.071875 0.085938 0.931250 0.067187
0 0.014062 0.182812 0.984375 0.193750
0 0.012500 0.185938 0.982812 0.184375
0 0.029687 0.260937 0.970313 0.293750
0 0.062500 0.253125 0.934375 0.239063
0 0.085938 0.767188 0.914062 0.795312
0 0.096875 0.795312 0.900000 0.776563
0 0.109375 0.800000 0.896875 0.817187
1 0.225000 0.831250 0.785937 0.828125
1 0.221875 0.740625 0.773438 0.750000
2 0.340625 0.050000 0.664062 0.054688
2 0.390625 0.220312 0.614062 0.221875
