5 0.570312 0.140625 0.496875 0.148438
5 0.640625 0.256250 0.429688 0.268750
5 0.710938 0.407813 0.307812 0.407813
3 0.782813 0.179688 0.221875 0.179688
3 0.779687 0.353125 0.215625 0.362500
3 0.828125 0.398438 0.203125 0.406250
3 0.842187 0.468750 0.167187 0.468750
1 0.707812 0.534375 0.292187 0.539062
1 0.729688 0.565625 0.284375 0.578125
1 0.476562 0.260937 0.518750 0.276562
0 0.075000 0.178125 0.928125 0.198437
0 0.084375 0.253125 0.914062 0.287500
0 0.140625 0.335938 0.862500 0.329688
0 0.100000 0.429688 0.912500 0.434375
4 0.793750 0.179688 0.209375 0.181250
4 0.814063 0.310937 0.218750 0.306250
4 0.845313 0.398438 0.175000 0.398438
