5 0.859375 0.570312 0.148438 0.496875
5 0.743750 0.640625 0.268750 0.429688
5 0.592187 0.710938 0.407813 0.307812
3 0.820312 0.782813 0.179688 0.221875
3 0.646875 0.779687 0.362500 0.215625
3 0.601562 0.828125 0.406250 0.203125
3 0.531250 0.842187 0.468750 0.167187
1 0.465625 0.707812 0.539062 0.292187
1 0.434375 0.729688 0.578125 0.284375
1 0.739062 0.476562 0.276562 0.518750
0 0.821875 0.075000 0.198437 0.928125
0 0.746875 0.084375 0.287500 0.914062
0 0.664062 0.140625 0.329688 0.862500
0 0.570312 0.100000 0.434375 0.912500
4 0.820312 0.793750 0.181250 0.209375
4 0.689063 0.814063 0.306250 0.218750
4 0.601562 0.845313 0.398438 0.175000
