5 0.810937 0.396875 0.179688 0.632812
5 0.659375 0.368750 0.348438 0.651563
5 0.567187 0.401563 0.432812 0.646875
5 0.503125 0.470313 0.484375 0.504687
5 0.432813 0.470313 0.567187 0.548438
5 0.404687 0.460938 0.589063 0.584375
5 0.282813 0.517188 0.712500 0.493750
3 0.276563 0.585938 0.718750 0.393750
3 0.356250 0.501563 0.640625 0.475000
3 0.409375 0.534375 0.584375 0.459375
3 0.490625 0.539062 0.504687 0.445312
3 0.529687 0.514062 0.471875 0.476562
3 0.623437 0.484375 0.378125 0.506250
3 0.625000 0.510938 0.382812 0.482812
3 0.801562 0.493750 0.203125 0.510938
1 0.829688 0.309375 0.167187 0.665625
1 0.735938 0.432813 0.257812 0.550000
1 0.653125 0.340625 0.340625 0.681250
1 0.601562 0.334375 0.390625 0.671875
1 0.598437 0.375000 0.403125 0.642188
1 0.568750 0.362500 0.425000 0.635938
1 0.518750 0.334375 0.487500 0.648438
1 0.473437 0.356250 0.534375 0.639062
1 0.412500 0.375000 0.589063 0.657813
1 0.434375 0.403125 0.560937 0.596875
2 0.764062 0.485938 0.231250 0.506250
2 0.651563 0.484375 0.351562 0.525000
2 0.539062 0.509375 0.443750 0.490625
2 0.515625 0.526563 0.487500 0.482812
2 0.426562 0.507812 0.590625 0.487500
2 0.381250 0.493750 0.632812 0.504687
2 0.318750 0.565625 0.687500 0.440625
0 0.767188 0.123437 0.243750 0.864062
0 0.779687 0.159375 0.225000 0.823438
0 0.656250 0.185937 0.345313 0.809375
0 0.595313 0.167188 0.398438 0.812500
0 0.528125 0.198438 0.465625 0.801562
0 0.493750 0.209375 0.514062 0.790625
0 0.504687 0.239062 0.496875 0.750000
0 0.540625 0.196875 0.459375 0.795312
0 0.623437 0.235938 0.373437 0.748437
0 0.295312 0.070312 0.717187 0.923438
0 0.278125 0.092187 0.729688 0.892188
0 0.350000 0.210938 0.640625 0.771875
0 0.410937 0.264062 0.584375 0.768750
0 0.420312 0.278125 0.573438 0.737500
5 0.614062 0.440625 0.385937 0.570312
