3 0.771875 0.435937 0.218750 0.582812
3 0.745313 0.385938 0.246875 0.629687
3 0.378125 0.443750 0.607812 0.557813
3 0.245313 0.357812 0.742188 0.643750
3 0.192187 0.335938 0.800000 0.653125
3 0.964063 0.360938 0.057813 0.648438
0 1.000000 0.087695 0.023438 0.909375
0 0.853125 0.073438 0.118750 0.939063
0 0.937500 0.054688 0.084375 0.939063
0 0.835938 0.046875 0.162500 0.964063
0 0.848437 0.037500 0.150000 0.975000
0 0.710938 0.050000 0.260937 0.951562
0 0.746875 0.048438 0.256250 0.946875
0 0.232812 0.085938 0.795312 0.914062
0 0.248437 0.101562 0.759375 0.910937
0 0.182813 0.103125 0.806250 0.879687
1 0.168750 0.225000 0.828125 0.785937
1 0.251563 0.259375 0.734375 0.746875
2 0.962500 0.359375 0.034375 0.643750
2 0.779687 0.390625 0.221875 0.614062
