3 0.701562 0.564063 0.326562 0.434375
3 0.843750 0.540625 0.156250 0.475000
0 0.707812 0.248437 0.293750 0.765625
0 0.679688 0.243750 0.323437 0.768750
0 0.800000 0.240625 0.187500 0.760938
0 0.829688 0.218750 0.156250 0.787500
3 0.323438 0.570312 0.678125 0.404687
3 0.270312 0.562500 0.735938 0.442188
2 0.268750 0.551562 0.750000 0.453125
2 0.321875 0.564063 0.657813 0.432812
1 0.360938 0.429688 0.631250 0.570312
1 0.225000 0.385938 0.785937 0.596875
0 0.265625 0.265625 0.737500 0.745313
0 0.323438 0.265625 0.678125 0.729688
