3 0.114062 0.040625 0.112500 0.960938
3 0.170313 0.120313 0.171875 0.867188
3 0.098437 0.339063 0.107813 0.651563
3 0.184375 0.515625 0.168750 0.484375
3 0.150000 0.589063 0.142187 0.403125
3 0.171875 0.726562 0.162500 0.262500
3 0.135937 0.848437 0.137500 0.159375
5 0.410938 0.720313 0.414062 0.284375
5 0.371875 0.601562 0.364063 0.404687
5 0.400000 0.529687 0.396875 0.496875
5 0.376563 0.376563 0.376563 0.637500
5 0.367188 0.140625 0.360938 0.856250
2 0.228125 0.121875 0.223438 0.870313
2 0.146875 0.354688 0.156250 0.648438
2 0.196875 0.610938 0.195312 0.406250
2 0.223438 0.728125 0.217188 0.276562
1 0.401562 0.296875 0.410938 0.696875
1 0.417187 0.395312 0.418750 0.610938
1 0.417187 0.593750 0.429688 0.414062
1 0.426563 0.481250 0.431250 0.528125
1 0.426563 0.657813 0.445312 0.356250
1 0.451562 0.125000 0.485938 0.867188
0 0.654687 0.354688 0.645312 0.643750
0 0.653125 0.298438 0.637500 0.676562
0 0.653125 0.517188 0.639062 0.484375
0 0.639062 0.492188 0.642188 0.492188
0 0.771875 0.095313 0.765625 0.892188
