5 0.618750 0.153125 0.393750 0.157812
5 0.635938 0.481250 0.378125 0.476562
5 0.621875 0.625000 0.378125 0.621875
5 0.675000 0.723437 0.325000 0.718750
5 0.493750 0.370312 0.504687 0.362500
2 0.731250 0.589063 0.276562 0.595313
3 0.756250 0.234375 0.235937 0.235937
3 0.696875 0.370312 0.292187 0.373437
3 0.712500 0.443750 0.289062 0.471875
3 0.709375 0.429688 0.285938 0.434375
3 0.756250 0.582812 0.265625 0.585938
3 0.796875 0.696875 0.207813 0.700000
0 0.093750 0.239063 0.904687 0.245312
0 0.109375 0.160938 0.901563 0.178125
0 0.142188 0.426563 0.865625 0.429688
0 0.203125 0.489063 0.762500 0.487500
0 0.204688 0.387500 0.792188 0.390625
0 0.239062 0.632812 0.729688 0.632812
0 0.240625 0.654687 0.759375 0.664062
0 0.246875 0.723437 0.739062 0.729688
1 0.473437 0.696875 0.517188 0.698438
1 0.656250 0.773438 0.331250 0.768750
1 0.475000 0.575000 0.515625 0.584375
1 0.575000 0.381250 0.437500 0.382812
1 0.404687 0.534375 0.578125 0.551562
1 0.575000 0.350000 0.446875 0.345313
