3 0.742188 0.400000 0.257812 0.590625
3 0.720313 0.359375 0.279687 0.626563
3 0.393750 0.387500 0.634375 0.600000
3 0.262500 0.328125 0.765625 0.662500
3 0.200000 0.346875 0.787500 0.654687
3 0.937500 0.370313 0.059375 0.623437
0 1.000000 0.087695 0.023438 0.909375
0 0.879687 0.053125 0.150000 0.943750
0 0.914062 0.071875 0.067187 0.931250
0 0.817187 0.014062 0.193750 0.984375
0 0.814063 0.012500 0.184375 0.982812
0 0.739062 0.029687 0.293750 0.970313
0 0.746875 0.062500 0.239063 0.934375
0 0.232812 0.085938 0.795312 0.914062
0 0.204688 0.096875 0.776563 0.900000
0 0.200000 0.109375 0.817187 0.896875
1 0.168750 0.225000 0.828125 0.785937
1 0.259375 0.221875 0.750000 0.773438
2 0.950000 0.340625 0.054688 0.664062
2 0.779687 0.390625 0.221875 0.614062
