3 0.365625 0.773438 0.300000 0.229687
3 0.175000 0.735938 0.187500 0.265625
3 0.195312 0.701562 0.195312 0.323437
3 0.198437 0.582812 0.215625 0.415625
3 0.206250 0.507812 0.209375 0.495312
3 0.301563 0.481250 0.300000 0.534375
5 0.496875 0.456250 0.485938 0.543750
5 0.448437 0.457812 0.460938 0.551562
5 0.325000 0.245313 0.307812 0.754687
5 0.287500 0.140625 0.278125 0.862500
5 0.253125 0.026563 0.240625 0.967187
5 0.356250 0.579688 0.343750 0.437500
5 0.323437 0.723437 0.331250 0.289062
5 0.295312 0.656250 0.268750 0.339062
5 0.409375 0.896875 0.454688 0.106250
1 0.664062 0.785937 0.667188 0.215625
1 0.301563 0.914062 0.287500 0.078125
1 0.346875 0.684375 0.346875 0.320312
1 0.370312 0.606250 0.367188 0.401562
1 0.331250 0.537500 0.310937 0.462500
2 0.310937 0.470313 0.301563 0.543750
2 0.225000 0.562500 0.218750 0.439063
2 0.210938 0.481250 0.210938 0.504687
0 0.429688 0.665625 0.431250 0.325000
0 0.876563 0.956250 0.878125 0.054688
0 0.737500 0.525000 0.742188 0.507812
0 0.742188 0.445312 0.743750 0.551562
0 0.384375 0.178125 0.393750 0.812500
0 0.398438 0.146875 0.382812 0.842187
1 0.284375 0.242188 0.295312 0.756250
1 0.310937 0.225000 0.320312 0.768750
1 0.289062 0.187500 0.264062 0.817187
1 0.300000 0.129687 0.290625 0.864062
1 0.231250 0.085938 0.214062 0.909375
1 0.318750 0.056250 0.328125 0.939063
2 0.195312 0.706250 0.192188 0.275000
2 0.195312 0.676562 0.196875 0.312500
2 0.215625 0.239062 0.218750 0.746875
2 0.234375 0.043750 0.229687 0.940625
5 0.267188 0.496875 0.253125 0.504687
3 0.212500 0.259375 0.215625 0.745313
3 0.171875 0.145312 0.178125 0.853125
3 0.214062 0.065625 0.228125 0.940625
0 0.887500 0.823438 0.900000 0.167187
0 0.471875 0.593750 0.479687 0.404687
0 0.473438 0.609375 0.478125 0.379688
0 0.471875 0.535937 0.471875 0.487500
1 0.354687 0.559375 0.359375 0.421875
1 0.462500 0.450000 0.473438 0.540625
