3 0.435937 0.701562 0.434375 0.326562
3 0.459375 0.843750 0.475000 0.156250
0 0.751563 0.707812 0.765625 0.293750
0 0.756250 0.679688 0.768750 0.323437
0 0.759375 0.800000 0.760938 0.187500
0 0.781250 0.829688 0.787500 0.156250
3 0.429688 0.323438 0.404687 0.678125
3 0.437500 0.270312 0.442188 0.735938
2 0.448437 0.268750 0.453125 0.750000
2 0.435937 0.321875 0.432812 0.657813
1 0.570312 0.360938 0.570312 0.631250
1 0.614062 0.225000 0.596875 0.785937
0 0.734375 0.265625 0.745313 0.737500
0 0.734375 0.323438 0.729688 0.678125
