5 0.789062 0.746875 0.220312 0.254688
5 0.709375 0.648438 0.295312 0.351562
5 0.507812 0.693750 0.485938 0.320312
5 0.220313 0.459375 0.778125 0.560937
3 0.187500 0.542188 0.801562 0.459375
3 0.690625 0.754687 0.298438 0.248438
0 0.246875 0.310937 0.739062 0.692187
0 0.665625 0.553125 0.339062 0.434375
0 0.707812 0.571875 0.303125 0.428125
0 0.748437 0.593750 0.256250 0.367188
0 0.801562 0.625000 0.207813 0.367188
0 0.470313 0.617188 0.525000 0.417187
0 0.490625 0.585938 0.518750 0.412500
4 0.231250 0.473437 0.765625 0.523438
1 0.237500 0.440625 0.760938 0.546875
4 0.542188 0.657813 0.450000 0.340625
4 0.840625 0.795312 0.170313 0.218750
4 0.714063 0.717187 0.281250 0.312500
