5 0.762500 0.232813 0.231250 0.229687
5 0.668750 0.331250 0.343750 0.339062
5 0.664062 0.501563 0.331250 0.512500
5 0.426562 0.823438 0.570312 0.826562
3 0.537500 0.820312 0.457813 0.812500
3 0.750000 0.315625 0.245312 0.309375
0 0.306250 0.764062 0.689063 0.753125
0 0.592187 0.325000 0.440625 0.321875
0 0.607812 0.312500 0.382812 0.304688
0 0.576562 0.235937 0.417187 0.246875
0 0.676562 0.198437 0.332813 0.193750
0 0.617188 0.529687 0.417187 0.525000
0 0.621875 0.515625 0.387500 0.507812
4 0.471875 0.765625 0.531250 0.770312
1 0.426562 0.750000 0.559375 0.762500
4 0.671875 0.478125 0.326562 0.482812
4 0.695312 0.179688 0.339062 0.185938
4 0.631250 0.265625 0.381250 0.262500
