3 0.617188 0.179688 0.389062 0.195312
3 0.639062 0.279687 0.353125 0.271875
3 0.626563 0.284375 0.396875 0.284375
3 0.625000 0.378125 0.359375 0.379688
3 0.612500 0.432812 0.382812 0.446875
3 0.607812 0.495312 0.406250 0.496875
3 0.614062 0.567187 0.379688 0.576562
1 0.473437 0.106250 0.518750 0.110937
1 0.354688 0.207813 0.617188 0.207813
1 0.350000 0.235937 0.637500 0.235937
1 0.364062 0.315625 0.629687 0.298438
1 0.390625 0.404687 0.592187 0.406250
1 0.326562 0.476562 0.659375 0.482812
1 0.331250 0.568750 0.653125 0.587500
1 0.326562 0.646875 0.668750 0.656250
5 0.385938 0.168750 0.607812 0.178125
5 0.495313 0.231250 0.531250 0.231250
5 0.545312 0.317188 0.462500 0.321875
5 0.525000 0.451562 0.471875 0.446875
5 0.551562 0.537500 0.470313 0.525000
5 0.484375 0.631250 0.537500 0.632812
2 0.607812 0.195312 0.389062 0.160938
2 0.621875 0.607812 0.379688 0.581250
0 0.109375 0.164062 0.881250 0.168750
0 0.157813 0.220312 0.832812 0.214062
0 0.168750 0.328125 0.839063 0.334375
0 0.168750 0.396875 0.825000 0.396875
0 0.146875 0.445312 0.845313 0.471875
0 0.129687 0.509375 0.859375 0.507812
0 0.112500 0.556250 0.857812 0.553125
0 0.101562 0.585938 0.904687 0.598437
0 0.046875 0.615625 0.950000 0.625000
