5 0.846875 0.618750 0.157812 0.393750
5 0.518750 0.635938 0.476562 0.378125
5 0.375000 0.621875 0.621875 0.378125
5 0.276563 0.675000 0.718750 0.325000
5 0.629687 0.493750 0.362500 0.504687
2 0.410937 0.731250 0.595313 0.276562
3 0.765625 0.756250 0.235937 0.235937
3 0.629687 0.696875 0.373437 0.292187
3 0.556250 0.712500 0.471875 0.289062
3 0.570312 0.709375 0.434375 0.285938
3 0.417188 0.756250 0.585938 0.265625
3 0.303125 0.796875 0.700000 0.207813
0 0.760938 0.093750 0.245312 0.904687
0 0.839063 0.109375 0.178125 0.901563
0 0.573438 0.142188 0.429688 0.865625
0 0.510938 0.203125 0.487500 0.762500
0 0.612500 0.204688 0.390625 0.792188
0 0.367188 0.239062 0.632812 0.729688
0 0.345313 0.240625 0.664062 0.759375
0 0.276563 0.246875 0.729688 0.739062
1 0.303125 0.473437 0.698438 0.517188
1 0.226562 0.656250 0.768750 0.331250
1 0.425000 0.475000 0.584375 0.515625
1 0.618750 0.575000 0.382812 0.437500
1 0.465625 0.404687 0.551562 0.578125
1 0.650000 0.575000 0.345313 0.446875
