3 0.2359375 0.3171875 0.2375 0.3421875 0.2515625 0.3375 0.278125 0.3359375 0.2859375 0.33125 0.2796875 0.3109375 0.2703125 0.2984375 0.2609375 0.29375 0.253125 0.29375 0.240625 0.303125 0.2359375 0.3171875
3 0.3 0.4140625 0.296875 0.4203125 0.296875 0.4296875 0.3015625 0.4390625 0.3109375 0.446875 0.325 0.4515625 0.3390625 0.453125 0.340625 0.4515625 0.3515625 0.45 0.375 0.4375 0.3859375 0.421875 0.3859375 0.4140625 0.378125 0.4015625 0.375 0.3859375 0.3671875 0.371875 0.3578125 0.3625 0.34375 0.35625 0.33125 0.35625 0.315625 0.3640625 0.30625 0.3765625 0.3015625 0.390625 0.3 0.4140625
3 0.4671875 0.3609375 0.46875 0.3546875 0.4640625 0.33125 0.459375 0.321875 0.4484375 0.3125 0.4359375 0.3125 0.4296875 0.315625 0.4203125 0.33125 0.415625 0.359375 0.4328125 0.3578125 0.4671875 0.3609375
3 0.5609375 0.346875 0.565625 0.35 0.6 0.35625 0.615625 0.3625 0.615625 0.328125 0.6109375 0.3171875 0.603125 0.309375 0.5953125 0.30625 0.5890625 0.30625 0.58125 0.309375 0.5734375 0.3171875 0.5671875 0.33125 0.5671875 0.3359375 0.5609375 0.346875
3 0.7015625 0.378125 0.70625 0.3796875 0.7109375 0.371875 0.725 0.371875 0.7484375 0.38125 0.771875 0.3875 0.7875 0.3984375 0.7921875 0.396875 0.7921875 0.3828125 0.7953125 0.36875 0.7921875 0.353125 0.7890625 0.346875 0.7671875 0.325 0.75625 0.3203125 0.74375 0.3203125 0.73125 0.325 0.7234375 0.33125 0.7125 0.3515625 0.7078125 0.365625 0.7 0.371875 0.7015625 0.378125
3 0.078125 0.365625 0.0734375 0.334375 0.0625 0.325 0.0484375 0.325 0.040625 0.3328125 0.0375 0.346875 0.065625 0.3515625 0.078125 0.365625
3 0 0.3634615390625 0.01875 0.35625 0.034375 0.353125 0.034375 0.346875 0.025 0.334375 0.01875 0.321875 0.009375 0.3171875 0 0.3171875 0 0.3634615390625
2 0.465625 0.3640625 0.459375 0.3609375 0.43125 0.359375 0.425 0.3625 0.4375 0.3765625 0.4484375 0.3734375 0.4625 0.3765625 0.465625 0.3640625
0 0 0.7928571421874999 0.009375 0.796875 0.0265625 0.796875 0.03125 0.7953125 0.0359375 0.7890625 0.034375 0.784375 0.01875 0.7703125 0 0.7804086531250001 0 0.7928571421874999
0 0.21875 0.765625 0.2171875 0.7890625 0.2375 0.79375 0.2375 0.76875 0.21875 0.765625
0 0.2765625 0.7421875 0.278125 0.7546875 0.296875 0.753125 0.2921875 0.7421875 0.2765625 0.7421875
0 0.3828125 0.840625 0.3953125 0.8390625 0.4 0.8359375 0.4125 0.81875 0.3890625 0.8125 0.378125 0.8265625 0.378125 0.8375 0.3828125 0.840625
0 0.4796875 0.8125 0.4765625 0.8109375 0.4546875 0.815625 0.4703125 0.8375 0.4859375 0.8359375 0.4859375 0.8234375 0.4796875 0.8125
0 0.5625 0.834375 0.56875 0.8265625 0.5671875 0.8234375 0.5390625 0.828125 0.5296875 0.8203125 0.5125 0.8328125 0.5125 0.8390625 0.5171875 0.84375 0.5296875 0.8453125 0.5453125 0.8375 0.5625 0.834375
0 0.6265625 0.846875 0.6046875 0.84375 0.6015625 0.8671875 0.621875 0.871875 0.628125 0.8625 0.6265625 0.846875
0 0.7 0.8625 0.6859375 0.8625 0.6796875 0.8671875 0.6796875 0.875 0.6875 0.8828125 0.7125 0.8828125 0.7 0.8625
0 0.7046875 0.959375 0.7 0.9734375 0.7125 0.9875 0.715625 0.9609375 0.7046875 0.959375