0 0.190625 0.190625 0.889062 0.187500
0 0.140625 0.265625 0.829688 0.267188
0 0.221875 0.298438 0.781250 0.304688
0 0.259375 0.331250 0.770312 0.334375
0 0.228125 0.651563 0.775000 0.645312
0 0.185937 0.689063 0.753125 0.684375
0 0.026563 0.829688 0.968750 0.832812
0 0.287500 0.482812 0.696875 0.479687
0 0.309375 0.434375 0.695312 0.425000
3 0.592187 0.268750 0.398438 0.279687
3 0.593750 0.401562 0.389062 0.401562
3 0.625000 0.446875 0.389062 0.448437
3 0.606250 0.595313 0.423438 0.587500
1 0.579688 0.506250 0.426563 0.503125
1 0.625000 0.539062 0.375000 0.535937
1 0.364062 0.325000 0.639062 0.310937
2 0.598437 0.279687 0.407813 0.278125
2 0.554688 0.596875 0.446875 0.606250
5 0.410937 0.206250 0.592187 0.209375
5 0.481250 0.334375 0.523438 0.339062
5 0.496875 0.478125 0.507812 0.484375
5 0.514062 0.573438 0.482812 0.570312
5 0.484375 0.840625 0.523438 0.842187
3 0.578125 0.885938 0.414062 0.895312
