0 0.140625 0.221875 0.853125 0.217188
0 0.101562 0.282813 0.890625 0.298438
0 0.229688 0.320312 0.750000 0.307812
0 0.250000 0.375000 0.746875 0.360938
0 0.178125 0.598437 0.829688 0.598437
0 0.193750 0.656250 0.810937 0.660937
0 0.067187 0.787500 0.948438 0.787500
0 0.303125 0.479687 0.696875 0.467187
0 0.309375 0.434375 0.695312 0.425000
3 0.628125 0.245312 0.381250 0.245312
3 0.595313 0.365625 0.406250 0.384375
3 0.610938 0.475000 0.367188 0.471875
3 0.598437 0.635938 0.385937 0.625000
1 0.550000 0.534375 0.434375 0.537500
1 0.584375 0.548438 0.417187 0.556250
1 0.307813 0.318750 0.690625 0.326562
2 0.581250 0.287500 0.417187 0.293750
2 0.568750 0.614062 0.425000 0.600000
5 0.528125 0.209375 0.525000 0.203125
5 0.553125 0.339062 0.471875 0.328125
5 0.534375 0.457813 0.482812 0.462500
5 0.550000 0.589063 0.453125 0.571875
5 0.520312 0.835938 0.484375 0.835938
3 0.640625 0.878125 0.378125 0.873437
