0 0.809375 0.190625 0.187500 0.889062
0 0.734375 0.140625 0.267188 0.829688
0 0.701562 0.221875 0.304688 0.781250
0 0.668750 0.259375 0.334375 0.770312
0 0.348437 0.228125 0.645312 0.775000
0 0.310937 0.185937 0.684375 0.753125
0 0.170312 0.026563 0.832812 0.968750
0 0.517188 0.287500 0.479687 0.696875
0 0.565625 0.309375 0.425000 0.695312
3 0.731250 0.592187 0.279687 0.398438
3 0.598437 0.593750 0.401562 0.389062
3 0.553125 0.625000 0.448437 0.389062
3 0.404687 0.606250 0.587500 0.423438
1 0.493750 0.579688 0.503125 0.426563
1 0.460938 0.625000 0.535937 0.375000
1 0.675000 0.364062 0.310937 0.639062
2 0.720313 0.598437 0.278125 0.407813
2 0.403125 0.554688 0.606250 0.446875
5 0.793750 0.410937 0.209375 0.592187
5 0.665625 0.481250 0.339062 0.523438
5 0.521875 0.496875 0.484375 0.507812
5 0.426562 0.514062 0.570312 0.482812
5 0.159375 0.484375 0.842187 0.523438
3 0.114062 0.578125 0.895312 0.414062
