0 0.809375 0.809375 0.889062 0.187500
0 0.859375 0.734375 0.829688 0.267188
0 0.778125 0.701562 0.781250 0.304688
0 0.740625 0.668750 0.770312 0.334375
0 0.771875 0.348437 0.775000 0.645312
0 0.814063 0.310937 0.753125 0.684375
0 0.973437 0.170312 0.968750 0.832812
0 0.712500 0.517188 0.696875 0.479687
0 0.690625 0.565625 0.695312 0.425000
3 0.407813 0.731250 0.398438 0.279687
3 0.406250 0.598437 0.389062 0.401562
3 0.375000 0.553125 0.389062 0.448437
3 0.393750 0.404687 0.423438 0.587500
1 0.420312 0.493750 0.426563 0.503125
1 0.375000 0.460938 0.375000 0.535937
1 0.635938 0.675000 0.639062 0.310937
2 0.401562 0.720313 0.407813 0.278125
2 0.445312 0.403125 0.446875 0.606250
5 0.589063 0.793750 0.592187 0.209375
5 0.518750 0.665625 0.523438 0.339062
5 0.503125 0.521875 0.507812 0.484375
5 0.485938 0.426562 0.482812 0.570312
5 0.515625 0.159375 0.523438 0.842187
3 0.421875 0.114062 0.414062 0.895312
