0 0.859375 0.778125 0.853125 0.217188
0 0.898438 0.717187 0.890625 0.298438
0 0.770312 0.679688 0.750000 0.307812
0 0.750000 0.625000 0.746875 0.360938
0 0.821875 0.401563 0.829688 0.598437
0 0.806250 0.343750 0.810937 0.660937
0 0.932813 0.212500 0.948438 0.787500
0 0.696875 0.520312 0.696875 0.467187
0 0.690625 0.565625 0.695312 0.425000
3 0.371875 0.754687 0.381250 0.245312
3 0.404687 0.634375 0.406250 0.384375
3 0.389062 0.525000 0.367188 0.471875
3 0.401562 0.364062 0.385937 0.625000
1 0.450000 0.465625 0.434375 0.537500
1 0.415625 0.451562 0.417187 0.556250
1 0.692187 0.681250 0.690625 0.326562
2 0.418750 0.712500 0.417187 0.293750
2 0.431250 0.385938 0.425000 0.600000
5 0.471875 0.790625 0.525000 0.203125
5 0.446875 0.660937 0.471875 0.328125
5 0.465625 0.542188 0.482812 0.462500
5 0.450000 0.410937 0.453125 0.571875
5 0.479687 0.164062 0.484375 0.835938
3 0.359375 0.121875 0.378125 0.873437
