0 0.778125 0.140625 0.217188 0.853125
0 0.717187 0.101562 0.298438 0.890625
0 0.679688 0.229688 0.307812 0.750000
0 0.625000 0.250000 0.360938 0.746875
0 0.401563 0.178125 0.598437 0.829688
0 0.343750 0.193750 0.660937 0.810937
0 0.212500 0.067187 0.787500 0.948438
0 0.520312 0.303125 0.467187 0.696875
0 0.565625 0.309375 0.425000 0.695312
3 0.754687 0.628125 0.245312 0.381250
3 0.634375 0.595313 0.384375 0.406250
3 0.525000 0.610938 0.471875 0.367188
3 0.364062 0.598437 0.625000 0.385937
1 0.465625 0.550000 0.537500 0.434375
1 0.451562 0.584375 0.556250 0.417187
1 0.681250 0.307813 0.326562 0.690625
2 0.712500 0.581250 0.293750 0.417187
2 0.385938 0.568750 0.600000 0.425000
5 0.790625 0.528125 0.203125 0.525000
5 0.660937 0.553125 0.328125 0.471875
5 0.542188 0.534375 0.462500 0.482812
5 0.410937 0.550000 0.571875 0.453125
5 0.164062 0.520312 0.835938 0.484375
3 0.121875 0.640625 0.873437 0.378125
