3 0.335638 1.000000 0.663830 0.001269
1 0.253191 0.639594 0.737234 0.381980
1 0.135106 0.420051 0.864894 0.583756
5 0.234043 0.478426 0.761702 0.529188
5 0.288298 0.548223 0.709574 0.458122
5 0.493617 0.626904 0.503191 0.376904
5 0.835106 0.791878 0.161702 0.213198
5 0.644681 0.715736 0.348936 0.293147
5 0.445745 0.751269 0.552128 0.266497
3 0.725532 0.869289 0.280851 0.133249
3 0.519149 0.813452 0.485106 0.184010
0 0.901064 0.242386 0.102128 0.753807
0 0.808511 0.250000 0.179787 0.727157
0 0.680851 0.201777 0.335106 0.799492
