3 1.000000 0.664362 0.001269 0.663830
1 0.703046 0.769149 0.308376 0.765957
1 0.507614 0.824468 0.512690 0.829787
5 0.508883 0.794681 0.500000 0.787234
5 0.612944 0.724468 0.404822 0.719149
5 0.643401 0.544681 0.356599 0.537234
5 0.808376 0.188298 0.197970 0.184043
5 0.753807 0.362766 0.252538 0.362766
5 0.785533 0.580851 0.213198 0.577660
3 0.876904 0.250000 0.124365 0.254255
3 0.848985 0.421277 0.144670 0.429787
0 0.265228 0.064894 0.742386 0.063830
0 0.243655 0.160638 0.760152 0.168085
0 0.224619 0.307447 0.777919 0.306383
