3 1.000000 0.664362 0.001269 0.663830
1 0.639594 0.746809 0.381980 0.737234
1 0.420051 0.864894 0.583756 0.864894
5 0.478426 0.765957 0.529188 0.761702
5 0.548223 0.711702 0.458122 0.709574
5 0.626904 0.506383 0.376904 0.503191
5 0.791878 0.164894 0.213198 0.161702
5 0.715736 0.355319 0.293147 0.348936
5 0.751269 0.554255 0.266497 0.552128
3 0.869289 0.274468 0.133249 0.280851
3 0.813452 0.480851 0.184010 0.485106
0 0.242386 0.098936 0.753807 0.102128
0 0.250000 0.191489 0.727157 0.179787
0 0.201777 0.319149 0.799492 0.335106
