3 0.335638 1.000000 0.663830 0.001269
1 0.230851 0.703046 0.765957 0.308376
1 0.175532 0.507614 0.829787 0.512690
5 0.205319 0.508883 0.787234 0.500000
5 0.275532 0.612944 0.719149 0.404822
5 0.455319 0.643401 0.537234 0.356599
5 0.811702 0.808376 0.184043 0.197970
5 0.637234 0.753807 0.362766 0.252538
5 0.419149 0.785533 0.577660 0.213198
3 0.750000 0.876904 0.254255 0.124365
3 0.578723 0.848985 0.429787 0.144670
0 0.935106 0.265228 0.063830 0.742386
0 0.839362 0.243655 0.168085 0.760152
0 0.692553 0.224619 0.306383 0.777919
