3 0.000000 0.335638 0.001269 0.663830
1 0.360406 0.253191 0.381980 0.737234
1 0.579949 0.135106 0.583756 0.864894
5 0.521574 0.234043 0.529188 0.761702
5 0.451777 0.288298 0.458122 0.709574
5 0.373096 0.493617 0.376904 0.503191
5 0.208122 0.835106 0.213198 0.161702
5 0.284264 0.644681 0.293147 0.348936
5 0.248731 0.445745 0.266497 0.552128
3 0.130711 0.725532 0.133249 0.280851
3 0.186548 0.519149 0.184010 0.485106
0 0.757614 0.901064 0.753807 0.102128
0 0.750000 0.808511 0.727157 0.179787
0 0.798223 0.680851 0.799492 0.335106
