3 0.000000 0.335638 0.001269 0.663830
1 0.296954 0.230851 0.308376 0.765957
1 0.492386 0.175532 0.512690 0.829787
5 0.491117 0.205319 0.500000 0.787234
5 0.387056 0.275532 0.404822 0.719149
5 0.356599 0.455319 0.356599 0.537234
5 0.191624 0.811702 0.197970 0.184043
5 0.246193 0.637234 0.252538 0.362766
5 0.214467 0.419149 0.213198 0.577660
3 0.123096 0.750000 0.124365 0.254255
3 0.151015 0.578723 0.144670 0.429787
0 0.734772 0.935106 0.742386 0.063830
0 0.756345 0.839362 0.760152 0.168085
0 0.775381 0.692553 0.777919 0.306383
