5 0.737500 0.575000 0.257812 0.431250
5 0.690625 0.646875 0.323437 0.392188
5 0.609375 0.681250 0.387500 0.356250
5 0.504687 0.446875 0.507812 0.562500
3 0.460938 0.845313 0.531250 0.146875
3 0.529687 0.868750 0.470313 0.128125
3 0.628125 0.840625 0.367188 0.134375
3 0.715625 0.781250 0.289062 0.220312
2 0.457812 0.770312 0.545312 0.221875
2 0.578125 0.859375 0.425000 0.139063
2 0.643750 0.823438 0.326562 0.182812
2 0.759375 0.779687 0.239063 0.235937
1 0.771875 0.376563 0.210938 0.626563
1 0.435937 0.489062 0.568750 0.570312
1 0.393750 0.218750 0.601562 0.767188
1 0.465625 0.206250 0.537500 0.776563
1 0.550000 0.209375 0.446875 0.785937
1 0.601562 0.164062 0.406250 0.789062
1 0.621875 0.137500 0.376563 0.860938
1 0.650000 0.104688 0.350000 0.868750
1 0.756250 0.062500 0.253125 0.943750
