5 0.575000 0.262500 0.431250 0.257812
5 0.646875 0.309375 0.392188 0.323437
5 0.681250 0.390625 0.356250 0.387500
5 0.446875 0.495312 0.562500 0.507812
3 0.845313 0.539062 0.146875 0.531250
3 0.868750 0.470313 0.128125 0.470313
3 0.840625 0.371875 0.134375 0.367188
3 0.781250 0.284375 0.220312 0.289062
2 0.770312 0.542188 0.221875 0.545312
2 0.859375 0.421875 0.139063 0.425000
2 0.823438 0.356250 0.182812 0.326562
2 0.779687 0.240625 0.235937 0.239063
1 0.376563 0.228125 0.626563 0.210938
1 0.489062 0.564063 0.570312 0.568750
1 0.218750 0.606250 0.767188 0.601562
1 0.206250 0.534375 0.776563 0.537500
1 0.209375 0.450000 0.785937 0.446875
1 0.164062 0.398438 0.789062 0.406250
1 0.137500 0.378125 0.860938 0.376563
1 0.104688 0.350000 0.868750 0.350000
1 0.062500 0.243750 0.943750 0.253125
