5 0.782813 0.659375 0.229687 0.342187
5 0.706250 0.701562 0.293750 0.310937
5 0.618750 0.776563 0.381250 0.248438
5 0.507812 0.565625 0.496875 0.489063
3 0.498437 0.798438 0.546875 0.204687
3 0.590625 0.884375 0.421875 0.121875
3 0.676562 0.817187 0.348438 0.176563
3 0.778125 0.789062 0.237500 0.217188
2 0.454688 0.790625 0.542188 0.206250
2 0.543750 0.853125 0.459375 0.132812
2 0.660937 0.796875 0.348438 0.198437
2 0.731250 0.767188 0.284375 0.239063
1 0.773438 0.315625 0.234375 0.671875
1 0.415625 0.446875 0.584375 0.507812
1 0.403125 0.132812 0.607812 0.867188
1 0.495313 0.201562 0.504687 0.815625
1 0.562500 0.156250 0.451562 0.842187
1 0.620313 0.157813 0.384375 0.845313
1 0.645312 0.126563 0.360938 0.879687
1 0.678125 0.115625 0.326562 0.893750
1 0.753125 0.112500 0.246875 0.898438
