5 0.425000 0.737500 0.431250 0.257812
5 0.353125 0.690625 0.392188 0.323437
5 0.318750 0.609375 0.356250 0.387500
5 0.553125 0.504687 0.562500 0.507812
3 0.154688 0.460938 0.146875 0.531250
3 0.131250 0.529687 0.128125 0.470313
3 0.159375 0.628125 0.134375 0.367188
3 0.218750 0.715625 0.220312 0.289062
2 0.229687 0.457812 0.221875 0.545312
2 0.140625 0.578125 0.139063 0.425000
2 0.176563 0.643750 0.182812 0.326562
2 0.220312 0.759375 0.235937 0.239063
1 0.623437 0.771875 0.626563 0.210938
1 0.510938 0.435937 0.570312 0.568750
1 0.781250 0.393750 0.767188 0.601562
1 0.793750 0.465625 0.776563 0.537500
1 0.790625 0.550000 0.785937 0.446875
1 0.835938 0.601562 0.789062 0.406250
1 0.862500 0.621875 0.860938 0.376563
1 0.895312 0.650000 0.868750 0.350000
1 0.937500 0.756250 0.943750 0.253125
