5 0.659375 0.217188 0.342187 0.229687
5 0.701562 0.293750 0.310937 0.293750
5 0.776563 0.381250 0.248438 0.381250
5 0.565625 0.492188 0.489063 0.496875
3 0.798438 0.501563 0.204687 0.546875
3 0.884375 0.409375 0.121875 0.421875
3 0.817187 0.323437 0.176563 0.348438
3 0.789062 0.221875 0.217188 0.237500
2 0.790625 0.545312 0.206250 0.542188
2 0.853125 0.456250 0.132812 0.459375
2 0.796875 0.339062 0.198437 0.348438
2 0.767188 0.268750 0.239063 0.284375
1 0.315625 0.226562 0.671875 0.234375
1 0.446875 0.584375 0.507812 0.584375
1 0.132812 0.596875 0.867188 0.607812
1 0.201562 0.504687 0.815625 0.504687
1 0.156250 0.437500 0.842187 0.451562
1 0.157813 0.379688 0.845313 0.384375
1 0.126563 0.354687 0.879687 0.360938
1 0.115625 0.321875 0.893750 0.326562
1 0.112500 0.246875 0.898438 0.246875
