5 0.340625 0.782813 0.342187 0.229687
5 0.298438 0.706250 0.310937 0.293750
5 0.223438 0.618750 0.248438 0.381250
5 0.434375 0.507812 0.489063 0.496875
3 0.201563 0.498437 0.204687 0.546875
3 0.115625 0.590625 0.121875 0.421875
3 0.182812 0.676562 0.176563 0.348438
3 0.210938 0.778125 0.217188 0.237500
2 0.209375 0.454688 0.206250 0.542188
2 0.146875 0.543750 0.132812 0.459375
2 0.203125 0.660937 0.198437 0.348438
2 0.232813 0.731250 0.239063 0.284375
1 0.684375 0.773438 0.671875 0.234375
1 0.553125 0.415625 0.507812 0.584375
1 0.867188 0.403125 0.867188 0.607812
1 0.798438 0.495313 0.815625 0.504687
1 0.843750 0.562500 0.842187 0.451562
1 0.842187 0.620313 0.845313 0.384375
1 0.873437 0.645312 0.879687 0.360938
1 0.884375 0.678125 0.893750 0.326562
1 0.887500 0.753125 0.898438 0.246875
